angle,charge,time
168.922215318203,21.9824731334528,7080.00146959755
180.082328116381,192.097796003488,7080.00200814443
195.123726600389,381.250031544766,7080.00273398818
204.542166301454,638.000430264185,7080.00318848818
209.540531729804,1003.8380127142,7080.0034296913
230.298788418736,1567.7690257121,7080.00443141005
251.278518308991,332.157940041711,7080.0054438163
350.234950829499,82.8696139487661,7080.01021909755
359.267817852509,99.0345860873987,7080.01067159755
2.78904764692965,60.0232225034247,7080.01084151943
8.65031675333108,1096.58326863382,7080.01112436318
28.0939809690943,299.057778541112,7080.01206264443
33.2487375531035,1399.16456198819,7080.01231139442
50.9954119021656,260.654886563572,7080.01316778505
64.6726778523339,2835.89240979154,7080.01382780068
170.956829996134,68.0895131943693,7080.0189566913
178.465872777665,459.061261226523,7080.01931905068
182.591620792054,192.391005904291,7080.01951814443
190.317927494372,240.092890013699,7080.01989098818
195.064383338835,1627.97375580226,7080.02012003505
215.913949100071,1406.02340881202,7080.02112616005
233.596512784601,560.22420036328,7080.02197945693
249.209402794028,3016.70044500213,7080.0227328788
342.525068066021,26.097905087008,7080.02723595693
344.633920440772,55.1281971461481,7080.02733772255
351.853170038219,914.84231301564,7080.02768609755
4.1361909033879,207.157041520745,7080.02827883193
9.59369230679311,271.528938222687,7080.0285421913
17.6434663997752,1587.58595159014,7080.02893064442
33.9149478394737,185.833667898372,7080.02971584755
39.7758931521653,1358.17046498232,7080.02999867568
58.0947065763722,2991.08049439667,7080.03088267568
173.39482596847,103.669177409227,7080.03644664443
184.888443724623,388.475362989027,7080.03700128505
186.703617503854,413.951123379164,7080.0370888788
192.506604157113,442.046871329538,7080.03736891005
203.27816748127,1493.93120096875,7080.03788870693
217.445653376479,426.470830872105,7080.0385723788
233.057248248761,2525.47671664161,7080.03932573818
261.078466309033,1754.5332964275,7080.0406779413
347.155778305472,63.7425875971154,7080.04483172255
349.201491359125,181.744411187346,7080.0449304413
2.84346405877557,1153.23861571426,7080.0455887538
10.8987426825201,1288.19377387401,7080.04597747255
22.1491932472598,208.783240696064,7080.0465203788
36.5151631788594,153.006773917497,7080.0472136288
40.0788096100271,921.391019037543,7080.04738559755
53.7463618242872,2374.29920169063,7080.04804514443
176.079863035126,41.9698373277377,7080.05396730068
183.810055224269,302.555674958072,7080.05434033193
190.785490005189,226.398649827431,7080.0546769413
201.731576819678,1536.7823680279,7080.05520516005
222.907524228049,388.475362989027,7080.05622703505
237.979682812942,575.05311623629,7080.05695436318
247.53864792866,47.1110234157024,7080.05741564443
257.098260594104,2531.1841511666,7080.05787695692
344.454224263469,59.3147267413663,7080.0620924413
353.114344863197,1098.22695382178,7080.06251034755
5.87981469975708,135.418051772085,7080.06312636318
9.50239113379357,219.145257496223,7080.06330117568
19.5991734929626,73.9431779694932,7080.06378841005
23.2871557663711,1661.60418757499,7080.0639663788
39.5735315659476,2565.16119456762,7080.06475230068
71.6243317003514,808.799860418929,7080.06629895693
171.783648693391,64.5480960348443,7080.07113228505
183.251363178918,264.376659453447,7080.07168567568
198.145112862045,1447.32370532807,7080.07240439443
223.65014918915,127.70605406498,7080.07363517568
232.01918146765,2255.87193369847,7080.07403903505
272.40113031805,1783.08623421941,7080.07598772255
340.647258447949,59.6306545808112,7080.07928103505
345.800396138798,150.15584609035,7080.07952970693
353.380349139686,54.7434285402826,7080.07989548818
356.085624967046,1003.8380127142,7080.08002603505
5.12231482430501,992.998461235572,7080.08046211318
20.4282507338019,157.484789098383,7080.08120072255
24.0929200862642,194.913626905269,7080.0813775663
33.3620920178991,2118.42188235778,7080.08182486318
54.0976832979164,2589.42289832476,7080.08282548818
101.463161696596,796.817001269545,7080.08511117568
170.544671265372,59.7879940000823,7080.08844480068
175.338076820826,155.564172654721,7080.08867611318
181.567172792286,308.459757736301,7080.08897670693
189.547655596765,472.295258457933,7080.0893618163
198.330816901589,810.285227803575,7080.08978566005
211.504911271405,2084.08534874138,7080.09042139443
231.696209433774,387.118753719662,7080.0913957538
240.824532232435,1514.71457598973,7080.0918362538
351.825218105661,90.1977242895313,7080.09720501943
359.185964461196,66.0230550786345,7080.09756022255
8.01575172099576,862.056814820988,7080.0979863163
20.1627802080621,1325.91382318026,7080.09857248818
28.5787622352473,234.069791327229,7080.09897861318
38.2426356836957,61.6066087033573,7080.09944495692
48.0437966850862,1817.81634189804,7080.09991792568
181.043964433576,57.9528335042934,7080.10633603505
192.454691678495,1150.10623247258,7080.10688667568
209.800836223965,384.586640311824,7080.10772373818
217.804955780795,341.748906951267,7080.10810998818
230.56718771795,2854.48886749862,7080.10872584755
354.721378596535,44.2312401982559,7080.11471708192
358.003974273787,150.655543595946,7080.11487548818
10.1778774503026,1348.39617249582,7080.11546295692
25.5310869021948,199.769367714708,7080.11620384755
30.2781903340777,1257.96795202859,7080.11643292568
49.9145103748429,2223.65903468358,7080.1173805038
176.694324544346,63.5950389571427,7080.1234984413
185.730366776491,216.557854981758,7080.12393448818
192.495984816562,230.510832643915,7080.12426097255
201.05022570243,393.855115188302,7080.12467376943
206.817919142865,1409.4401201703,7080.12495209755
221.506385159387,702.155944498628,7080.12566091005
232.132566238632,968.476188134559,7080.1261736913
244.897712206093,518.418363792961,7080.1267896913
262.725658173229,485.168405450764,7080.1276500038
352.688788854355,85.9852605783473,7080.13199130068
359.884401699452,94.3216962867588,7080.13233853505
7.01137076807733,209.142897444892,7080.13268245693
14.9653026768175,993.603754828598,7080.13306628505
23.7215892921918,30.3423813852177,7080.13348883193
30.6019607913188,1000.23789251225,7080.13383192568
49.9465448857413,592.053461812014,7080.13476542568
59.8623279557702,1813.8428536929,7080.13524392568
171.540194669847,44.2843123282799,7080.14063309755
182.646881995918,226.730356711613,7080.1411690663
193.122823886909,1017.52062331428,7080.14167459755
200.192805714926,335.534766637835,7080.14201576943
214.808418712136,1400.02387460925,7080.1427210663
234.367676377667,695.271840100986,7080.14366492568
249.295100342763,2469.62650329863,7080.14438526943
344.849134455717,66.7659053044112,7080.14899636318
353.720690764843,174.788114537527,7080.14942447255
1.82421427441841,339.763911449964,7080.14981551943
5.55752725257451,204.049957486241,7080.14999567567
13.0393715509459,1683.17504378734,7080.15035672255
25.4211487437457,56.9306546349679,7080.15095422255
45.2306971000022,1463.02447934232,7080.15191016005
56.675746214309,1146.96530051361,7080.15246245693
170.770390746502,56.2667204495604,7080.1579682538
180.280787220374,146.096829078957,7080.1584271913
184.175672091242,232.943303535293,7080.15861514443
190.991153985694,173.276643034015,7080.15894403505
202.02434066734,1028.68635831754,7080.15947645693
210.552030657469,1430.61051893767,7080.15988797255
229.676112894004,536.934052774996,7080.16081083193
242.959324952473,182.157469663657,7080.16145183193
265.153595775732,1694.56715326533,7080.16252284755
340.288058857088,35.4804449709256,7080.1661485663
349.643035481041,292.707635907163,7080.1666000038
356.343571513144,87.715952556966,7080.16692334755
0.0749418421234971,155.080295827226,7080.16710341005
7.82456146538852,1596.64936827397,7080.1674773788
25.3552669931138,113.365178355807,7080.16832334755
31.0873433893204,1158.44056569614,7080.16859995693
50.2043022773213,2583.84447171522,7080.16952247255
177.534363038606,129.966523654268,7080.17565834755
187.701408105102,287.526558118145,7080.17614897255
192.902790681781,406.623984483545,7080.17639997255
199.06227149564,401.789657100693,7080.17669720693
210.20651855281,160.673765958741,7080.17723498818
212.721405111137,1425.55822701951,7080.17735634755
228.196360055591,2353.95325454135,7080.17810311317
353.787860394119,106.969579027894,7080.18416370693
0.915800843874575,99.2241219743839,7080.18450767568
6.70907379891904,101.655996120886,7080.18478723818
16.7194038783501,1400.02387460925,7080.18527030068
30.8328166763379,1153.23861571426,7080.18595136318
39.4217031876102,126.374979925181,7080.18636583193
61.5551012834358,2440.23645734615,7080.18743391005
174.816631008109,155.684895530861,7080.1928995038
183.939125519993,325.530130629303,7080.19333972255
188.493573164568,241.497433162152,7080.1935595038
198.761964908373,600.122673777292,7080.19405501943
203.733779440983,1073.86810554999,7080.1942949413
221.744667459518,2453.99567333493,7080.19516408193
255.037206972392,408.468092683023,7080.19677066005
357.668346299591,110.426674748698,7080.20172326943
0.839233938510624,138.504693825148,7080.20187628505
5.86609302485876,20.8726976674845,7080.20211886318
14.1046374937125,986.315584761144,7080.20251642568
24.4759948079885,940.763689172286,7080.20301691005
37.3282406803019,380.065395821916,7080.20363711318
50.2675863820785,61.68281163621,7080.20426151943
58.8499971322358,22.8854296624448,7080.20467567568
59.0756796140924,2917.81820926929,7080.2046865663
171.671494522266,43.3462606086454,7080.21012003505
176.161507670904,266.500183032647,7080.21033670692
185.480219700904,381.250031544766,7080.21078639443
189.536352633081,184.819826110072,7080.2109821288
195.811750728112,1641.21560786157,7080.21128495693
217.818222669712,504.0109996024,7080.21234691005
225.055604526442,423.286822259783,7080.21269616005
234.74052445295,2519.75662557413,7080.21316351943
350.621259158194,127.779606340361,7080.21874880068
0.602448067594814,89.3606091900701,7080.21923045693
4.67865602131346,111.527155566282,7080.21942716005
9.49181284229402,1283.5178475612,7080.21965942567
25.3640596532406,252.452420079763,7080.22042536318
29.726499097928,860.660709367522,7080.2206358788
43.434201392966,204.234046341512,7080.22129736317
49.3213738453815,2631.79988913009,7080.22158145693
175.820137223274,55.552590305652,7080.22768583193
182.591583474734,173.601646946686,7080.22801259755
192.928295163606,292.707635907163,7080.22851141005
199.391816009395,1287.2598542657,7080.2288233163
214.978478916793,1420.48806051065,7080.22957547255
237.8303697515,1592.1242102479,7080.23067822255
353.904674023637,102.484354336241,7080.23627955068
0.903745556907172,145.710499221963,7080.23661730068
4.6461247589402,42.7186133689084,7080.23679789443
14.4631515013382,1259.87831278707,7080.2372716288
26.8685654087942,462.973770432029,7080.23787026942
41.8196261262398,1522.63268660136,7080.2385917538
182.114163047457,45.3066924255285,7080.24536186318
187.846239443664,223.895083029113,7080.24563847255
198.146038951163,230.347754759386,7080.2461355038
206.228515982678,624.186147213379,7080.24652553505
213.752129330377,1380.99853774776,7080.24688859755
239.690074568203,476.730044329798,7080.24814026943
252.268393035135,1436.48226647031,7080.2487472538
351.992534561484,95.1645429125847,7080.25355958192
355.740742012601,57.6277081609788,7080.25374045692
358.812873361584,887.487583423052,7080.25388870693
13.0765252724377,245.815728883159,7080.25457701943
20.8915507350749,1502.75925037135,7080.25495414443
38.3636500913356,65.1276671481682,7080.25579728505
41.6948144104336,1367.87503546287,7080.25595803505
69.73430561936,1146.96530051361,7080.2573133788
169.924059032658,44.7328354913346,7080.26214817568
181.893973755102,231.649158188851,7080.26272580068
186.226948160661,153.374729583433,7080.26293489442
190.763263545954,53.8785509263118,7080.26315380068
197.192786240676,453.129145316922,7080.2634640663
203.423824936701,1222.08776431876,7080.2637647538
229.570939327956,1772.26322506385,7080.26502651943
258.604652629421,512.293429899557,7080.26642758193
354.297593226173,144.934758639081,7080.2710453788
4.63754277675506,258.48331808298,7080.27154434755
7.81361107733836,87.8229919343276,7080.27169761317
15.1102468060353,1355.51170288295,7080.27204972255
30.5223862607963,360.999147241969,7080.27279345693
35.7341301231091,488.256712838364,7080.27304495693
52.2562259341599,1900.6038964875,7080.2738422538
75.0019132989911,109.22913962208,7080.2749398788
177.780701464766,46.6350187633413,7080.27989961318
182.412858996607,166.530886303029,7080.28012314443
190.339916215897,167.543257045821,7080.28050567568
202.606423714945,1286.32549056817,7080.28109761318
219.320204007562,812.508227365782,7080.28190416005
232.134242448274,77.2366684498316,7080.28252251942
253.139875646849,2152.21040988922,7080.28353617568
354.874437051722,783.50093080104,7080.28844551943
2.26659117095057,55.6370852167198,7080.28880223818
8.31695437154512,169.438962860369,7080.28909420693
21.0066570077106,212.529327470179,7080.2897065663
24.5573517658714,1801.87020859535,7080.28987791005
48.4172048429154,424.350832251008,7080.29102930068
60.962496577604,381.250031544766,7080.2916346913
80.4767472944034,2105.89679028317,7080.2925763788
160.971898251487,42.6635983485912,7080.29646078505
168.250725439223,260.943044949613,7080.29681203505
176.547876041847,169.881955724982,7080.29721242568
178.978900707809,377.286785147035,7080.29732973818
187.119012605048,1357.28484007558,7080.29772255068
199.044994217606,419.362489179065,7080.29829216005
210.325881127216,733.564264887576,7080.29883653505
218.739920392142,1568.5357457329,7080.2992425663
241.417287774212,2693.22297796748,7080.30033689442
350.826025508748,172.62481721847,7080.3056165663
356.997486614485,155.322421591109,7080.3059143788
2.97758710775281,158.554919194032,7080.30620295693
12.1259849279557,78.3237016910299,7080.30664442568
15.0721614284541,1251.25876326848,7080.30678659755
26.3235834120178,2134.25632722419,7080.30732955068
55.0671797356899,762.500063089533,7080.30871661318
75.1033819549326,155.564172654721,7080.30968348818
173.412231993611,39.3114985008935,7080.31442751943
180.34492630638,212.175416125504,7080.3147620663
189.727101413492,146.866435679627,7080.3152148163
193.313089459865,195.87523270026,7080.31538786318
197.087524013012,374.688224891173,7080.3155700038
207.788824592149,400.290439683815,7080.31608641005
214.279867714807,37.0667559146387,7080.31639964443
218.248253192407,1141.71128107188,7080.31659114443
237.223391453221,1804.53763043431,7080.3175068163
348.904819935801,72.01221563502,7080.32289616005
352.694472642536,94.669660999358,7080.32307903505
0.612463751032148,55.1281971461481,7080.3234611288
7.63420065552369,1210.22269983229,7080.32379997255
19.9719422053325,944.590516915866,7080.32439534755
29.0257929784389,224.565421813594,7080.3248322538
43.7777220720734,581.8095449861,7080.3255441288
57.1295778316246,3132.46850680571,7080.3261884413
172.15738878689,52.4203111473831,7080.33173926943
177.555960187427,309.432812706234,7080.33199978505
187.918251390909,277.957379335447,7080.33249983193
195.109331161762,1700.23461976143,7080.33284684755
212.976455828546,415.762729799596,7080.33370905068
222.390686211383,556.99522771846,7080.33416334755
227.931725788831,882.05115433837,7080.33443073818
237.634130424897,389.055343497091,7080.3348989413
280.868356316119,695.271840100986,7080.33698526942
350.72215048882,37.6014740177677,7080.34035761318
357.685928771572,93.1188251507287,7080.34069366005
8.36715432916774,206.430164628735,7080.34120909755
12.3539958974537,185.226028959207,7080.34140148817
18.1187752321935,840.872815821569,7080.34167967568
27.3205985998913,68.9464457748201,7080.34212372255
37.0388690146584,1194.21905697692,7080.3425926913
55.2760870647758,1437.31915258627,7080.3434727538
174.158308978728,59.5518287460628,7080.34920958193
186.281700751138,233.10456342962,7080.34979461318
192.65067454983,345.031891946235,7080.35010195693
196.853484901759,587.465742718507,7080.35030476943
204.444446813395,74.7015921342964,7080.35067108193
208.876825134004,1525.78838452655,7080.35088497255
232.824101796527,1435.64482524283,7080.35204058193
0.315285356376513,154.59490632086,7080.35819284755
9.20756427446472,62.251329091545,7080.35862195693
11.7454400731112,247.491582783255,7080.35874442568
19.9972598955991,1217.15804102251,7080.3591426288
33.2092378656121,246.73124654484,7080.3597801913
45.1493637929127,157.8422947901,7080.3603563788
55.0301773684391,1895.53550633548,7080.3608331913
71.8200485797722,1633.87237073209,7080.36164341005
168.137582455728,64.7297701550364,7080.36629134755
170.361704524231,250.509890609152,7080.36639867568
175.346794523557,299.810759551988,7080.36663923818
185.610653155424,272.90936177593,7080.36713453505
191.092762767698,1252.21943925169,7080.36739908193
199.504535476655,1554.67505535967,7080.3678050038
221.892109674641,570.328784199603,7080.36888534755
231.401858523399,2064.37444916219,7080.3693442538
1.9454221290105,69.6244034648075,7080.3756438163
5.27658644810851,107.057362974672,7080.3758045663
10.1237413824617,1193.21164060437,7080.37603847255
27.556014376266,259.064186769464,7080.3768796913
36.4492646754838,218.630225035099,7080.37730884755
42.644686364975,1700.23461976143,7080.3776078163
55.3978521159475,154.473336899663,7080.37822323818
180.474620258378,30.3423813852177,7080.3842493788
186.767503062967,103.032887777132,7080.38455305068
196.828344621892,1001.4393758695,7080.38503855068
206.706567923128,210.218203955392,7080.38551523818
215.024117378698,442.046871329538,7080.38591661318
225.194076588582,83.0394850104277,7080.3864073788
230.642188049789,375.489722648226,7080.38667028505
239.983241694994,1909.4408276743,7080.38712105068
354.833938772555,147.632045477408,7080.39266333192
358.919536706166,50.6428267377235,7080.39286048817
4.66359339425039,211.288014861921,7080.39313767568
10.6287994899466,1162.58513926937,7080.39342553505
21.8187011209627,527.899779445562,7080.39396551943
34.1214732139635,476.099049073753,7080.39455920692
40.558766995417,185.631343629922,7080.39486984755
49.0612012646457,78.3836606732535,7080.39528014443
64.8434340650458,3059.44758416388,7080.39604173817
171.476309471186,68.7417622824427,7080.40118745693
177.478103916852,381.644049696206,7080.40147708192
186.92665628216,198.637523096679,7080.40193303505
190.816360491365,1633.87237073209,7080.40212073818
205.837683878442,344.377776295701,7080.40284561318
216.37093687914,454.123211257595,7080.40335391005
226.292871954269,2165.57838328413,7080.40383270693
262.477514908115,2291.8329456445,7080.40557884755
343.903889450623,117.275467115263,7080.4095081913
350.520563552667,192.488636141519,7080.40982748818
358.143256984012,1082.78919164206,7080.41019533193
8.66258693057373,174.357597804153,7080.41070295693
13.9766488513262,1356.39866005732,7080.41095939443
36.4985964588659,2079.46437846829,7080.41204622255
54.1827790365563,918.122522453046,7080.41289959755
180.864160634444,148.646706055189,7080.41901278505
187.396648975025,167.206484769089,7080.41932801942
202.367784751707,1347.50410829554,7080.42005047255
217.547442056704,507.873187949315,7080.42078298817
227.765061933765,436.227942657297,7080.42126611318
238.274030594693,1795.18422349645,7080.42177323818
266.832094554981,1738.00662750523,7080.42315134755
336.303772566326,55.3408013859169,7080.42650380068
344.090304408659,105.821705564946,7080.42687955068
352.477469021829,850.117309880716,7080.42728428505
0.892155874174856,60.335438034631,7080.42769034755
7.45443304759474,1226.01739871442,7080.42800701943
25.7243539985511,1894.26629937373,7080.42888866005
50.0643894533224,1867.41400121093,7080.43006322255
181.225746670231,172.95102849868,7080.43639259755
195.46058116707,222.210361222608,7080.43707951943
199.004476370406,652.904619258265,7080.43725053505
204.871897481907,1389.67870544349,7080.43753367568
222.895737098061,442.726411087335,7080.4384034413
238.377167841324,1808.5315467431,7080.43915051943
263.949552732367,452.797299654861,7080.44038455067
349.336217985116,44.5486945943596,7080.4445050038
352.058654766017,97.7936204238361,7080.4446363788
357.347137209854,88.3030454312816,7080.44489158193
6.8173834898648,933.062849206578,7080.44534858192
13.5373469937841,693.973489784838,7080.44567286318
26.796922262208,1374.88986862166,7080.44631272255
46.3461423981213,55.2558589161922,7080.44725609755
55.5042539919266,1851.89508172812,7080.44769803505
177.584885783973,33.2596068741697,7080.45358920693
189.18341198594,1125.801785129,7080.45414891005
203.770855118861,172.515945973117,7080.45485284755
212.984658740742,1533.64931865241,7080.45529747255
236.524929800864,776.176511951832,7080.4564334413
248.82090233904,1651.44131702988,7080.45702680068
349.630068369878,159.970606206095,7080.46189148818
353.982503799858,156.887114410864,7080.46209517568
359.719437026324,173.817960025247,7080.46237201942
6.62396151249816,1182.07410526594,7080.46270520692
14.2256085788661,340.647565710839,7080.46307203505
22.59464089506,514.635334347702,7080.46347589443
28.486670140041,76.3189650365703,7080.46376022255
35.3986418438482,1269.38692890377,7080.46409376943
52.7013983714419,2144.37401169221,7080.46492873818
179.662859417505,43.9114959671638,7080.4710554413
183.043240003563,219.145257496223,7080.4712185663
193.342715679658,1115.06937017225,7080.47171558193
206.646326553378,1314.98578692657,7080.4723575663
218.910243740441,176.393191719804,7080.4729493788
233.497039285943,1929.48812482996,7080.47365328505
354.633495857252,95.0657746967565,7080.47949889443
0.882019262833431,37.9124960592225,7080.47980042568
6.33595901081845,855.756632223148,7080.48006361318
12.1292319281688,203.496719475282,7080.48034317568
29.2911392474001,322.514820405573,7080.48117134755
37.0802614394118,55.6370852167198,7080.48154722255
40.3421344323133,1904.39619629501,7080.4817046288
64.2411661713111,2382.38873073726,7080.48285791005
173.125685847435,257.317667173851,7080.48811228505
179.621261968949,372.475300602915,7080.48842573817
183.922504892493,128.073357474889,7080.48863330068
194.253388332281,1548.47501487865,7080.48913183193
206.645203054699,379.867581834503,7080.4897298163
224.45307388721,1339.44855207346,7080.49058916005
243.358273272103,2030.30858791919,7080.49150145693
350.171500379964,94.4709865891014,7080.4966558788
353.367643739783,64.7660466923661,7080.49681011318
2.55554405334417,558.612045509221,7080.49725348817
13.4980691747183,1295.63992867787,7080.49778153505
21.2450985236927,295.009433548543,7080.4981553788
31.9784544539433,68.7417622824427,7080.49867333193
38.3351241670485,1676.01554856844,7080.49898008193
184.88303867373,46.204956527518,7080.50603911318
195.664639527506,310.160591654451,7080.50655939443
202.320168573183,299.810759551988,7080.5068805663
209.592843718125,212.706074975699,7080.50723151943
215.880222105033,43.8847465311643,7080.50753492568
217.561993818147,1677.44995671626,7080.50761608193
238.362343350117,331.478455795065,7080.50861983193
263.955127094105,2420.44539966457,7080.50985484755
340.140940360286,56.8893855634744,7080.51353130068
352.914828757915,107.057362974672,7080.51414772255
356.111619705154,884.773532217054,7080.51430198818
12.2014541929038,1252.21943925169,7080.51507842567
28.2262067103803,859.961823973521,7080.51585172255
36.6901098296863,169.328037702421,7080.51626016005
53.0975835344046,3138.60448741821,7080.51705192568
174.212346077928,176.712450228322,7080.52289648818
185.311909942382,50.5964332930819,7080.52343211318
187.046135859555,200.707686581758,7080.52351580068
191.839217621299,1353.73645626657,7080.52374709755
214.813501611376,311.369791061722,7080.5248557538
219.434974026179,1224.05419133997,7080.52507876943
239.319641920021,2653.64108464894,7080.52603833193
352.188089058736,174.357597804153,7080.53148495693
358.770117459988,150.405896071071,7080.53180258193
3.14291822800351,83.3218424811655,7080.53201359755
8.93683877046767,30.1092727139629,7080.5322931913
10.934954563404,1614.62354597575,7080.53238961318
23.5906590861968,991.180248988144,7080.53300033192
45.2471127036994,1166.71516892097,7080.53404539443
58.5222299194211,130.75922289385,7080.5346860038
72.4559385277196,2416.46769261195,7080.53535839443
166.185085200923,29.2587239159037,7080.53988142568
168.167011421448,198.82660795556,7080.5399770663
177.068680281734,185.732526580829,7080.5404066288
186.669738278184,457.092447225804,7080.5408699413
193.371893278836,1604.16302463773,7080.54119336318
213.53534540832,1352.84783375766,7080.5421663788
227.411419226284,1421.33438352232,7080.54283598818
355.332622247918,52.9995561326935,7080.54899205068
2.96664838372088,201.268585131587,7080.5493604413
11.9155907864027,256.8791568347,7080.54979228505
15.5592136608049,814.725231723656,7080.54996811318
31.0704332369066,1374.88986862166,7080.5507166288
47.0394936132247,1329.53659193191,7080.55148723818
78.062256559138,31.1256645457725,7080.55298428505
170.384854061755,30.8984643426768,7080.5574394413
182.760155418051,197.308835936383,7080.5580366288
190.325537815077,130.831054323544,7080.55840170692
197.028987952875,1226.99783666746,7080.5587251913
207.444380947836,239.936320811651,7080.55922780068
222.313522459788,602.622174383782,7080.55994533193
233.423123853859,1721.32141873504,7080.5604814413
267.555901673564,1764.10230867674,7080.5621285663
340.153460337403,70.7620212425653,7080.56563186318
348.749794104002,117.595461146536,7080.5660466913
354.629519301091,758.547169521506,7080.56633042568
1.83646481295073,1106.9517524831,7080.56667820693
21.4174165062674,58.5976683842304,7080.56762311317
23.5223834318877,1514.71457598973,7080.5677246913
39.7054697918947,2414.47617455037,7080.5685056288
89.9118926023264,888.164819468074,7080.57092841005
168.214005423197,71.3569550669924,7080.57470698818
179.970217917968,292.193658157913,7080.57527430068
186.258891442022,339.542616245581,7080.57557776942
193.626761221481,77.6612107955543,7080.5759333163
195.6116015477,949.669010097409,7080.57602909755
211.562205833332,1587.58595159014,7080.5767988163
235.834892686471,847.992898123096,7080.5779701288
248.411268391144,1539.12804723433,7080.57857701943
339.888770794364,30.5160445523978,7080.58299139443
347.163388663871,99.7905855171233,7080.5833424413
359.081172975966,595.092197741565,7080.58391755068
4.99165834932834,183.902615358278,7080.58420276943
15.8626255885367,101.932857987652,7080.58472736318
19.9174633458739,1642.68032509796,7080.58492303505
44.070817768238,1584.55337739838,7080.58603684755
69.1487733960125,1394.86078243323,7080.58724701942
172.625655485417,68.9123758057519,7080.5922404413
174.908060007063,234.871150306404,7080.59235058193
187.418058491234,370.249136905088,7080.59295426942
192.32349587873,402.537170263173,7080.59319098818
197.387590940161,1428.92842003306,7080.59343536318
216.170073451363,399.914795723433,7080.59434173818
220.551940330172,602.622174383782,7080.5945531913
230.050032680762,1959.17437828541,7080.59501153505
355.320008277804,49.1841602168197,7080.60105661318
3.78812067764399,796.062105123951,7080.6014652538
12.7471006476381,92.409913055036,7080.60189758193
20.2257070466049,635.640096113832,7080.60225847255
28.4059690246213,350.005968652312,7080.60265322255
35.813665128842,2245.18559299725,7080.6030106913
62.3499765438427,58.3566875378416,7080.60429123818
83.5155626288859,806.566646804896,7080.60531261318
168.651937228604,30.5352791662994,7080.60942098818
172.844062501189,266.359156952944,7080.60962328505
183.618863687057,141.524042485131,7080.61014323817
185.503004961081,160.43973094515,7080.61023416005
189.843750377983,514.927323003178,7080.6104436288
206.106165631498,1334.95225984603,7080.61122839443
222.286661717215,1448.1543741951,7080.61200920693
254.168766572677,2111.59911778225,7080.61354772255
342.014950149388,63.0013749503,7080.61778686318
349.326804031673,162.880459120274,7080.61813970693
355.051757003956,97.4568134526343,7080.61841597255
359.081662834103,921.391019037543,7080.6186104413
15.9382350219536,45.9501048322153,7080.6194238788
17.3551454781739,1149.06029136108,7080.6194922538
32.1562908387689,2312.7251225219,7080.6202065038
78.3852620231127,1098.22695382178,7080.62243734755
162.805859458679,54.009161726265,7080.62647401943
175.623135874184,291.678792230243,7080.62709253505
182.833319323143,50.2237071375866,7080.62744047255
188.20469224052,905.594599309723,7080.62769967568
198.182319494501,237.100478139851,7080.62818116005
211.44739914291,970.336810901529,7080.62882128505
221.181859130089,1167.74534486552,7080.62929103505
241.236193646308,2118.42188235778,7080.63025878505
350.812655203268,49.0167420541532,7080.63554655068
356.594919247565,763.288099392412,7080.63582558193
13.8588207938318,262.95143840116,7080.63665867568
20.0144161585608,1213.19987389512,7080.63695572255
32.1352176189859,2096.74055895448,7080.6375406288
45.6007240660459,47.2106242987991,7080.63819042568
79.424605023561,267.625838157315,7080.63982264443
181.528936055752,38.2516934793742,7080.64474983193
187.331922746704,234.230301821015,7080.64502986318
193.294538492722,214.114725949344,7080.64531759755
204.022390005293,111.358561261099,7080.64583528505
208.323956684852,1056.36888125815,7080.64604286318
223.424285134034,1651.44131702988,7080.64677155068
244.449022048409,169.328037702421,7080.6477861288
349.18350933268,28.1959004755361,7080.65284023818
356.130774249311,92.6637239162531,7080.65317548818
4.1701870566591,152.391543828401,7080.6535634413
10.023037601992,206.975561689582,7080.6538458788
15.5841522386763,1108.58000557101,7080.65411423818
27.0709704023106,26.097905087008,7080.65466855068
31.1815002631118,73.2410729287203,7080.65486691005
37.6829046337094,1295.63992867787,7080.65518064443
52.3632758828723,925.298004883501,7080.6558890663
179.582798555615,44.2312401982559,7080.66202822255
184.523852911951,229.202962165331,7080.66226666005
189.826258334536,221.363205543668,7080.66252253505
204.099623981298,1287.2598542657,7080.6632113163
220.326745984296,181.951051447804,7080.6639943788
230.547216598286,1443.1635886325,7080.66448758193
266.177205148849,1483.43037853493,7080.66620695693
341.636396800195,73.8796315791213,7080.66981414443
349.555035420723,132.046110157269,7080.67019626942
352.359391444812,167.991232036258,7080.67033159755
0.8330082623322,982.651182646066,7080.6707405038
10.4094581253016,1074.98721035881,7080.6712026288
23.4239234023585,1677.44995671626,7080.67183066005
52.6969184461071,805.074340526346,7080.67324326943
68.8039138873985,2086.39194809734,7080.67402053505
175.358107949756,308.703312912328,7080.67916245693
182.133439763429,129.24165904149,7080.67948941005
188.884810993348,302.307151534009,7080.67981520693
196.560606253866,1506.75483201468,7080.68018561318
209.239299979284,442.046871329538,7080.6807974413
217.761161758023,405.513483903164,7080.68120867568
226.389550838042,1973.84997235872,7080.68162505068
258.445207802706,366.782132443788,7080.6831719413
350.520428833375,71.2910980249504,7080.68761516005
358.826969378197,113.033221671444,7080.6880160038
3.52647554936333,297.040503305368,7080.68824278505
10.8273204832059,37.5702351174123,7080.68859509755
13.3842999222645,509.940700776923,7080.68871848817
26.4301730007094,146.994319494276,7080.68934803505
29.3591885476665,1616.11235505177,7080.6894893788
47.1554029197046,1402.59814873644,7080.69034816005
77.6662518927926,44.1515227156408,7080.6918205038
169.789717809292,26.6764457745872,7080.69626605068
180.654533005707,76.441963869911,7080.69679034755
186.4555769344,272.495997988287,7080.69707028505
190.868204064872,133.742711350138,7080.69728322255
197.384826626752,224.398027937056,7080.6975976913
209.451878708278,1377.5111051828,7080.6981800038
226.319135975472,1478.55860888058,7080.69899395692
240.403731321751,586.953818881852,7080.6996736288
353.058152439083,99.0345860873987,7080.70510992568
1.26107982601463,71.3569550669924,7080.70550576943
7.2175435669323,689.191925751231,7080.70579320693
18.0936914678046,1083.34441417668,7080.70631805068
29.7715464878912,272.358052777477,7080.70688158193
40.8915092052909,115.255416321958,7080.7074181913
45.9060641683577,1738.00662750523,7080.70766017567
77.1321994815456,117.834880741796,7080.70912803505
176.311076546811,49.8952927585616,7080.71391405068
182.331650989956,206.612116304683,7080.71420458193
191.774698786808,157.484789098383,7080.71466026942
194.336211375499,252.0054998012,7080.7147838788
200.755372784587,1426.40155242901,7080.71509364443
218.783097887566,132.046110157269,7080.71596359755
224.402494902005,443.065806265963,7080.71623476942
240.888649950506,1855.78707956324,7080.71703033193
352.89289823633,149.779993963151,7080.7224352538
3.88463958697005,99.7905855171233,7080.72296567568
10.1192400138037,1273.17045794939,7080.72326653505
22.763935663543,702.155944498628,7080.72387672255
30.0388773644544,843.015157681037,7080.72422778505
51.9880382340409,2327.2381799444,7080.72528697255
175.486875694842,59.905719274056,7080.73124658193
182.51638364837,389.827253810537,7080.73158580068
190.121592370159,175.110315137061,7080.73195280068
195.203819766261,378.877040851933,7080.73219805068
200.804760690013,1466.30863007147,7080.73246833193
220.106604353979,1237.73125082494,7080.73339976943
230.871691841633,488.871998438611,7080.7339192538
251.031582353391,1622.05393561266,7080.73489209755
348.091245720578,89.9891758332494,7080.73957584755
351.469035994652,161.490279482202,7080.73973884755
6.45150443809687,249.00531636618,7080.74046184755
12.9862593346474,36.4276248054907,7080.7407771913
14.7450933853006,1578.47068749106,7080.7408620663
39.978145069284,912.868558522462,7080.74207972255
51.192331002376,371.465053161657,7080.7426208788
73.8017022707832,2922.75958990729,7080.74371192568
158.97045597763,33.1357996596893,7080.74782186317
165.443366765618,222.885779277426,7080.74813422255
180.063189043362,368.213681767315,7080.74883972255
183.377516202629,432.07329381012,7080.74899966005
189.602473198065,1651.44131702988,7080.74927414443
205.272674241811,88.5686246565598,7080.75003033193
208.133046087686,273.871564315797,7080.75016836318
222.583849292779,2185.47713259909,7080.75086570692
249.578325377095,2176.65574453463,7080.75216836318
349.372082023351,140.190137276619,7080.75698405067
355.839488355964,192.097796003488,7080.75729614443
2.73818463074864,1130.06615176658,7080.75762905068
10.3841910207345,54.7863143740557,7080.75799801942
18.5712526666586,1406.02340881202,7080.75839309755
36.250902207799,253.640469738414,7080.7592462538
42.2352119816017,1876.40747384421,7080.75953503505
186.245253415403,50.9664289938261,7080.7664844413
189.55828539983,235.669761483592,7080.7666443163
198.708302188582,280.648199124656,7080.76708586318
209.908888936636,1480.99654762035,7080.76762636318
226.843494805462,21.1937290633957,7080.7684435663
232.299701034027,1515.50816340773,7080.76870686317
358.373002718832,191.510043934251,7080.77479070693
5.67902835203308,72.5321677719215,7080.77514326943
8.37361906235524,233.748492783903,7080.77527330067
17.5365875241146,1491.51457851104,7080.77571547255
34.8882364872647,166.192073991489,7080.77655280067
39.0447446779275,733.973937183663,7080.7767533788
59.0751186857808,1649.98437135466,7080.77771997255
181.858377513395,285.953954959339,7080.78364505068
187.419168318676,141.789330276865,7080.78391339443
192.140044648529,249.156167919651,7080.78414120692
204.208391942589,399.162342068493,7080.78472358193
208.379146943404,1642.68032509796,7080.78492484755
224.269849845037,669.724276036732,7080.78569167568
240.927937996496,650.136111612909,7080.78649553505
254.216330678935,1742.1530884576,7080.78713678505
339.988396130221,71.9469622767477,7080.7912491913
348.206541708434,45.6166632245569,7080.79164576943
353.528698358851,101.840653965457,7080.79190259755
359.108592917626,1106.9517524831,7080.79217186318
13.6241543746723,228.546223612902,7080.79287233193
20.8514987771726,1350.17863556186,7080.79322109755
35.7433056980397,1421.33438352232,7080.79393972255
56.1201362237928,254.380155828571,7080.79492303505
69.2871072073796,44.4695461010447,7080.79555842568
87.4527674130255,2104.75459283543,7080.79643503505
167.886074186157,163.80069522981,7080.80031645693
177.373157663694,111.020602433509,7080.80077426943
182.167534600278,223.054311132564,7080.8010056288
188.714269788706,1477.74525949274,7080.80132155068
204.680739815345,494.37542948283,7080.80209203505
212.700401357167,1420.48806051065,7080.80247903505
231.549584844886,308.703312912328,7080.8033886288
237.383979299532,2164.46771617029,7080.80367017568
350.582369703109,71.4884887398348,7080.80913272255
355.458989638896,50.5035110953678,7080.80936805068
358.324865940145,639.882424824378,7080.80950634755
11.0080927775009,799.829591446866,7080.81011839443
22.4492564049832,221.70244806663,7080.8106705038
29.0834152165845,1717.12477570196,7080.81099064443
42.5495692887585,69.2523469125739,7080.81164047255
52.9264310961026,2194.26277148216,7080.81214122255
176.057117898135,52.6438510839444,7080.8180830663
183.079502427741,429.98091198676,7080.8184219413
193.304506115975,1004.43675599138,7080.81891536318
206.362035654893,1502.75925037135,7080.81954547255
220.741281015515,428.930918561221,7080.82023936318
239.733580229871,147.122078408835,7080.82115586318
244.615057033613,1765.46499641717,7080.82139142568
348.714913471367,39.697932441296,7080.82641491005
357.334560196607,746.160300213461,7080.82683086318
11.1300099462224,221.193383054263,7080.82749658193
16.2213034531188,1303.04367296219,7080.82774226942
39.5177597344078,419.720758149111,7080.82886647255
46.2069630620532,1885.35809186874,7080.82918926943
189.304282260145,355.756368808358,7080.83605472255
193.454638408015,117.355541950914,7080.8362550038
198.882998603696,236.624525529194,7080.83651695692
207.491960249592,261.374727417163,7080.83693239443
210.616545727246,1492.32060042692,7080.83708317567
233.421163094946,647.355724581189,7080.83818364443
242.366220048498,1489.09384822815,7080.83861530068
351.039951564949,40.9788418476165,7080.8438595038
358.044527553593,705.998703942612,7080.84419751943
5.72809375006623,110.171156919581,7080.84456830067
14.8253325787436,695.271840100986,7080.84500730068
21.6796694168274,1292.85260275225,7080.8453380663
44.7912408844575,1724.11362964198,7080.84645334755
66.660101554794,54.052630427126,7080.84750866005
176.3103874745,36.3630965616313,7080.85279998818
182.977573018345,249.608222979703,7080.85312172255
192.212746874301,151.277837479036,7080.8535673788
194.694930569483,287.26507284027,7080.85368716005
205.336329802317,1537.56463117105,7080.85420067568
230.401657588488,355.756368808358,7080.85541023817
242.352792426537,344.377776295701,7080.85598695693
255.543400162474,1736.62229041582,7080.85662348818
344.074078440081,62.3644122454969,7080.86089566005
348.376292669366,184.106840883658,7080.86110326943
356.80036946391,42.2487080042888,7080.86150978505
0.461153254159345,158.199009447912,7080.8616864413
8.14083400150235,1320.46118483942,7080.86205703505
22.3329280678848,52.3306259436751,7080.86274189443
23.9709879694118,1002.63941593681,7080.8628209413
45.0701967962588,158.317733922608,7080.86383911318
51.5868193958326,1605.66149265406,7080.86415358193
179.906584688957,102.75898187917,7080.87034583193
189.176404245706,183.493484295916,7080.87079316005
197.464164906132,313.774228821728,7080.87119309755
202.336899355095,1376.63791477394,7080.87142823818
218.556574178154,1275.05805913586,7080.8722109413
249.930650703104,566.626967568595,7080.87370428505
261.487083986645,1325.00665994684,7080.87426195693
344.924849751112,99.8846838573542,7080.87828836318
348.212302220929,46.0011889691359,7080.8784470038
357.633656140773,205.517963758339,7080.87890164443
5.26509192689629,1095.48625726319,7080.87926991005
12.0061018711812,273.459588306935,7080.87959520693
22.3874967150754,1240.64236661781,7080.88009617568
42.9560117600893,911.550335214173,7080.88108873818
52.4107160928028,2073.67345517184,7080.88154498818
175.161595775594,69.5569019049103,7080.8874685038
186.028353734268,384.977272283038,7080.88799289443
195.449059991303,1076.6638691706,7080.8884475038
205.285190411807,149.779993963151,7080.88892216005
210.69930383503,552.932533093298,7080.88918342568
221.806638673133,1764.10230867674,7080.88971942568
241.380466942526,2199.73639303817,7080.89066398818
349.348981186813,65.9162516236655,7080.89587416005
354.389115702184,162.418384297425,7080.8961173788
0.734452673137227,225.233776074418,7080.89642358192
9.12291246114741,1121.52109821295,7080.8968283788
23.3457666661097,1450.6432721717,7080.89751472255
34.2950914176971,770.344843470383,7080.89804309755
49.2872735970502,106.705783098349,7080.8987665663
63.2766743088128,2644.56234688737,7080.89944164443
171.794338501008,178.826314867209,7080.9046783163
181.498362105623,106.441327973883,7080.90514659755
187.113873633238,516.966636165961,7080.90541758193
194.629392175883,341.528916258937,7080.9057802538
198.495783464141,1331.34425706061,7080.90596683193
219.065917440011,1354.62430161937,7080.90695947255
230.187175294556,317.820048056916,7080.90749614443
245.438390481718,504.904840159526,7080.90823211318
254.117614759553,1535.21662049627,7080.9086509413
344.049985302099,121.833071409228,7080.9129907538
350.708752284874,100.540901992741,7080.91331208193
356.307514032668,95.8040660692383,7080.91356586317
4.85754563800247,1211.21590535012,7080.91397845693
18.0824752433282,863.450533294952,7080.91461664443
28.9777267846126,886.809792266519,7080.91514241005
49.1683774349501,171.970521156695,7080.91611673818
55.9628128890356,50.0832222916081,7080.91644461317
58.5278871331472,2107.03854364169,7080.91656839442
179.433804354646,65.3436818542907,7080.9224028788
182.29611896278,380.658171650339,7080.9225410038
196.238569925857,522.749454834326,7080.9232138163
207.534027477023,1661.60418757499,7080.92375889443
221.096023771133,1077.78019842186,7080.92441334755
240.18772690054,317.820048056916,7080.92533464443
358.561272778765,87.6623842960278,7080.93104692568
1.64441300080178,85.3822290647344,7080.93119570693
6.00879517005431,174.034023303626,7080.9314063163
18.123120793976,806.566646804896,7080.93199091005
23.6168868290289,352.573248374455,7080.93225601943
31.4468067269326,1239.6726978281,7080.93263386318
44.8588876641919,40.3725698705504,7080.93328108193
76.0218521933534,1167.74534486552,7080.93478489443
176.275392402085,48.3412858354182,7080.93962276943
181.853991786021,117.595461146536,7080.93989197255
193.836210556359,871.766492327453,7080.9404701913
200.810673993843,325.068055806454,7080.9408067538
209.566313021798,596.605820302187,7080.94122926943
223.19662922328,2024.37711038783,7080.94188701943
241.365851122041,1376.63791477394,7080.94276380068
349.43085513799,71.2251785328633,7080.9479786288
356.199387283755,93.0178850611085,7080.9483052538
3.88716279845692,49.5172930436993,7080.94867623817
7.2037565136926,260.798993512168,7080.94883628505
11.2022546178404,1104.77704762246,7080.94902923818
25.9392892762085,93.4712654498959,7080.94974039442
34.2905130891355,1707.29252957358,7080.95014339443
50.6529798451219,638.000430264185,7080.95093298818
70.419787695533,2268.62928442984,7080.95188686317
168.108468543361,116.632856150822,7080.9565755663
174.818070686258,181.744411187346,7080.95689934755
181.887081170839,404.028088762942,7080.95724047255
187.225427393668,257.463661501589,7080.95749808193
193.073421071046,111.27417043344,7080.95778028505
201.559665767863,2097.88741933892,7080.95818980067
224.562767171955,481.123973994357,7080.95929984755
236.742822428958,1160.51468435074,7080.95988761318
2.64224817315775,140.591649433475,7080.9659630663
6.23568339946981,171.313727093114,7080.96613647255
9.78573060790513,115.824579094426,7080.96630778505
18.6135750677508,1039.15365201601,7080.96673378505
34.1370987294398,1064.30741997343,7080.96748289443
42.5430432270069,303.547659230574,7080.96788853505
57.0887173106011,1498.75289956469,7080.96859045693
180.514054164671,263.5224538583,7080.97454651943
184.021037111245,47.8284287175335,7080.9747157538
191.996663047771,363.488822374691,7080.9751006288
199.204579940761,1403.45524091146,7080.97544845693
210.668085145754,188.941973178203,7080.97600164443
221.851187184251,1433.12983702515,7080.97654130068
240.46691717877,542.50404168954,7080.9774396288
261.88862209054,1489.90120241166,7080.97847336317
341.352821715744,120.904217193463,7080.98230801943
349.644144144672,68.6049550502332,7080.9827081288
354.456653378233,135.070732376619,7080.98294036318
359.252001695947,1109.12223849624,7080.98317176943
12.6436837802605,258.337878866755,7080.9838180038
18.1937895061972,1071.62623219637,7080.98408583193
29.2881727089871,343.28487275026,7080.98462120693
38.7098503471518,1604.16302463773,7080.98507586318
65.0185365557309,1607.15862840277,7080.98634542568
175.096226930784,41.4914526347676,7080.9916573788
180.415793269216,287.26507284027,7080.99191408193
190.375935738251,263.5224538583,7080.99239472255
193.339273229985,544.991995976574,7080.99253772255
199.753253977409,809.542932689311,7080.99284723818
207.821484198772,31.2949804959217,7080.99323658193
211.173047370816,1427.24443374931,7080.9933983163
229.088416961125,1740.77197101496,7080.99426284755
356.264669264495,108.452309632856,7081.00037723818
5.0018521640681,34.3879577591188,7081.00079886318
9.40508931464742,730.278337801593,7081.00101134755
18.2908924716206,1219.13235062721,7081.00144014443
39.0918895533158,1365.23514715492,7081.00244392568
66.8097152444665,1858.37711885739,7081.00378148818
173.331530199695,184.514611922815,7081.00892184755
188.781877010668,320.645149320953,7081.00966742568
192.11854578514,1426.40155242901,7081.0098284413
212.258361199968,1393.99847221,7081.0108003163
230.318465410075,2058.54133739081,7081.01167183193
252.876030024149,186.942530899792,7081.0127603788
348.092349860898,25.0884608227198,7081.01735517567
351.35357526638,72.7261931232626,7081.01751255067
359.444470896658,94.9668954586258,7081.01790298817
5.88500257751623,708.124558990164,7081.01821378505
16.7783114319299,181.744411187346,7081.01873945693
21.1507883308468,972.812164157233,7081.01895045692
34.9494760552553,1693.14728903913,7081.01961633193
62.5640123068368,25.205207712653,7081.02094891005
66.6327730429222,306.749459166866,7081.0211452538
84.0164774325742,2014.85073070273,7081.0219841288
164.125992983638,31.4820426672302,7081.02584992568
166.042837158501,130.399496756084,7081.02594242568
174.039185703988,209.3225037747,7081.02632830068
181.95847194963,1190.18439548313,7081.02671045692
197.991319196771,321.814963566425,7081.02748414442
201.891060973288,1418.79397119737,7081.02767233193
221.317564273204,1735.2369541257,7081.02860978505
256.336558729602,1784.43448906052,7081.03029967568
348.077950970891,125.629395775206,7081.03472678505
355.535834685507,129.459540310073,7081.03508667568
1.93330206680992,43.264909016516,7081.03539539442
3.27379784829889,1059.77837616678,7081.03546008193
16.9293697706816,1232.86392206268,7081.03611905068
34.1782939048324,264.802735294722,7081.03691567568
38.734036686553,1519.47032733801,7081.03713551943
55.7563899722617,56.7654014071994,7081.03795695692
69.9374751278965,1607.15862840277,7081.03864128505
169.602362857667,151.153575767005,7081.0434507538
179.775236210941,107.320298481373,7081.04394166005
186.127049056092,809.542932689311,7081.04424817568
197.632647141817,1074.98721035881,7081.04480339443
210.641284132096,727.804205791216,7081.04543114442
221.869716913034,316.872722505579,7081.04597298817
228.290497328366,1714.32135154248,7081.04628283193
259.312612611471,425.765311895532,7081.04777984755
353.363607819871,113.365178355807,7081.05231841005
359.576190462904,143.50165500332,7081.05261820693
6.65394322687487,95.9020710067371,7081.0529597538
11.90486582653,845.863157294957,7081.05321314443
18.2563548779713,112.616888037209,7081.05351964443
26.8727637038071,1568.5357457329,7081.0539354413
54.0747899353082,135.971914283495,7081.05524811318
59.6051443580245,876.581029984891,7081.05551498817
171.965886842143,71.6853312821009,7081.06093711318
189.252130003615,461.998744816228,7081.06177128505
197.46574246989,72.7907456532506,7081.06216764442
204.155593384956,640.352049163795,7081.06249047255
210.340329995103,351.077972249314,7081.06278892568
214.470934877446,958.491508384895,7081.0629882538
237.664101719166,1407.73281920303,7081.06410747255
356.114386103527,167.991232036258,7081.06982345693
1.76713360622495,41.8858142614553,7081.07009623817
7.24406251914088,113.199324913715,7081.07036053505
17.3010185535476,1307.64965522445,7081.07084584755
28.7813609183724,280.11210018164,7081.07139984755
44.7300225171333,715.305259468835,7081.07216947255
53.1893925245008,446.78200028514,7081.0725776913
67.4381500377827,2368.21384724806,7081.07326528505
171.605812388665,166.869032480754,7081.07827272255
180.646063901345,464.917687681421,7081.07870897255
185.962716171776,175.324768592056,7081.07896553505
191.298148326605,742.930106323314,7081.0792230038
201.612518400271,1423.87024393287,7081.07972073818
216.611500209838,1576.94635127825,7081.08044453505
236.015661932243,474.834505048705,7081.08138091005
1.94940954583091,33.6282876545191,7081.08745801943
5.33432320613355,49.3747993879357,7081.08762136318
9.91694071499787,206.975561689582,7081.0878425038
15.7859807573539,655.20278091924,7081.08812572255
27.5729534283992,263.5224538583,7081.08869451943
32.2640410008025,1331.34425706061,7081.08892089443
67.6767655928839,477.045236646489,7081.09062978505
86.555737875747,858.562387850981,7081.0915408163
167.340034429494,71.027052295225,7081.09543917568
179.994443815141,154.107990257835,7081.09604983193
183.03775775011,293.220725477994,7081.0961966913
187.459450953681,196.066968216613,7081.0964100663
195.097686407713,60.8393752044023,7081.09677866005
202.395293479845,578.700976028301,7081.0971308163
208.488397148591,1099.86819651908,7081.09742484755
225.437249827569,447.790166058226,7081.09824273818
231.596730641428,552.932533093298,7081.09853997255
244.755606819961,1875.12538829537,7081.09917497255
343.958120675272,96.9736305145297,7081.1039621288
350.368215935872,35.1813057852812,7081.10427145692
353.167067504587,58.7577694832753,7081.10440651943
1.68633889595291,1134.31464221492,7081.1048176288
15.5650030259015,439.66016938235,7081.10548736318
22.2431974051051,1276.94277374246,7081.1058096288
39.4960900783185,1475.30188066014,7081.1066421913
71.2580684474629,142.05410459045,7081.10817491005
177.514374520684,36.9398157895606,7081.11330245692
190.473471525681,312.333797714004,7081.1139278163
196.143703813324,204.049957486241,7081.1142014413
199.908748386578,248.249615308893,7081.1143831288
209.830359705691,1326.82054232447,7081.11486191005
233.964140075033,334.862138018366,7081.11602651942
239.272049990686,1503.5592770829,7081.11628266005
352.797816194574,119.811438548112,7081.1217404413
1.30899281858096,104.840622294766,7081.12215116005
7.66145328884613,798.324684136986,7081.12245770693
17.3101085460126,1200.24534755458,7081.1229233163
28.8412861463474,352.573248374455,7081.12347976943
37.5985441428512,47.5575863412292,7081.12390236318
43.5446465604411,1657.25633216596,7081.12418930068
67.8147430262076,1934.4674750954,7081.12536048817
173.00383321129,50.0832222916081,7081.13043653505
178.27806880728,262.522364957718,7081.13069105068
182.701381017095,494.37542948283,7081.1309045038
197.070265054389,778.110686994182,7081.13159789443
202.001281918802,1513.92054448252,7081.13183584755
212.28165391679,331.931621078141,7081.1323319413
225.115443698417,1845.39039604914,7081.1329512538
248.5977561368,1703.06124758213,7081.13408442568
341.528757383903,65.0193926476916,7081.1385689413
346.805583254184,38.4659908092555,7081.13882358192
349.400446331134,43.8311921480139,7081.13894880068
358.952935610349,169.549832507165,7081.13940976943
2.86854312787316,1283.5178475612,7081.13959872255
17.7784823457169,497.708707580813,7081.14031822255
26.1193447976218,562.366597733899,7081.14072072255
41.9180910018375,2691.43618503165,7081.14148311318
85.1043957632445,120.046445006849,7081.1435671288
172.919495407665,39.3711972745958,7081.14780476943
184.862859234371,257.755400356885,7081.14838111318
195.230654855532,223.222718087612,7081.14888142568
197.856925658482,290.128671087686,7081.14900816005
204.274468099021,37.0350590472857,7081.14931784755
208.878455804266,1966.52583106527,7081.14954001943
234.521103402635,382.430948020485,7081.1507774413
244.742221604045,1544.58734691332,7081.15127067567
349.847449859068,65.3436818542907,7081.15634267567
354.026299664937,164.829816462486,7081.15654433193
8.12352285281838,225.066881798242,7081.15722461317
11.5654238291189,1278.82493483611,7081.15739070693
29.5225624310612,1168.77463263165,7081.1582572538
42.8799226459863,1367.87503546287,7081.15890183193
68.3599078825604,261.374727417163,7081.16009776943
178.473215339535,39.9338825896045,7081.1654114413
185.99359078783,258.337878866755,7081.16577434755
192.624187868622,255.853116470917,7081.1660943163
203.613662700987,377.087555625266,7081.1666246288
211.73434712641,1531.2953127733,7081.1670165038
240.635953574291,1404.31188899726,7081.1684111913
349.621496134015,87.7694930623285,7081.1736704413
6.75523358895751,999.636595722109,7081.1744972538
15.2644674883997,110.511717832384,7081.1749078788
22.6562978139186,1242.57937272887,7081.17526458193
43.9118978718142,284.372608794214,7081.17629030068
48.9494420375059,787.710230376604,7081.17653339443
75.5524544667183,2442.20688117025,7081.17781716005
169.071136849347,136.523514715492,7081.18233003505
173.521971298338,371.060182580152,7081.1825448163
178.318938546906,98.5591469548908,7081.18277630067
186.535141362861,343.28487275026,7081.18317278505
195.953257345605,423.286822259783,7081.18362726943
200.683523579962,1613.13329360979,7081.18385553505
216.29641358939,448.125703211844,7081.18460895692
222.330587255267,529.889188083388,7081.18490014443
231.602025742871,51.5164438885662,7081.18534755068
254.427041925822,2514.02343387497,7081.1864490038
347.347034262178,159.617846717808,7081.19093298817
358.435265459868,20.6890424930828,7081.1914680663
359.932152397017,70.3626115705624,7081.19154030068
2.01024455779967,120.202861553231,7081.19164058192
11.8204717076784,1524.21131272007,7081.19211398818
25.0988268604989,304.53639610073,7081.1927547538
35.9186350704874,66.5897892382361,7081.1932768788
39.7351624666711,1337.65187815271,7081.19346105068
54.2131641549241,1681.74563164314,7081.19415970693
172.106527617728,47.5328873483782,7081.1998488163
178.646463213637,231.161992325646,7081.20016441005
187.560112365801,402.163607970962,7081.20059455068
195.741978804788,1346.61148898374,7081.2009623788
206.59351857218,152.883927739822,7081.20148603505
210.698220183897,778.110686994182,7081.20168411318
218.491227862733,39.1618508455149,7081.20206017568
226.434150860726,1460.55667560319,7081.20244347255
250.170639438964,320.645149320953,7081.20358891005
355.209490473486,85.9852605783473,7081.20865770693
0.603528799778319,36.8124350447196,7081.2089180038
1.08209224665061,143.763279059073,7081.20894109755
11.5198268191227,335.982464072515,7081.20944478505
20.5973143822739,1367.87503546287,7081.20988283193
34.3914689570498,128.512714359097,7081.21054848818
52.2213576110565,1403.45524091146,7081.21140889443
70.8361162621404,2087.5443595969,7081.21230717568
166.440338060879,42.9106090937825,7081.2169206913
173.92639160209,262.665444950017,7081.2172819413
178.452021832651,196.545529851377,7081.21750033193
185.176518410814,374.086012167041,7081.21782483193
192.450812486612,866.925198295121,7081.21817586318
204.303838584449,1446.49270339414,7081.21874784755
223.332726186469,2017.23637793805,7081.21966611317
259.298486288671,1094.38791362493,7081.2214016913
347.563979477981,28.8138540804894,7081.2256610663
353.126065495796,201.455213622026,7081.22592947255
359.116527274698,180.811587924268,7081.22621855068
7.56683117127102,643.162745284087,7081.22662633193
12.7866698386367,179.141229628144,7081.22687822255
19.5373934811357,1352.84783375766,7081.22720398818
39.6237833484685,93.2700375266826,7081.22817328505
46.0047373636497,1578.47068749106,7081.22848120692
184.019136356885,32.8152956197147,7081.23514128505
188.197014781624,247.643378026297,7081.23534289443
199.142130214982,609.566175313603,7081.2358710663
208.583882912383,187.944909635362,7081.2363266913
212.629978314942,888.164819468074,7081.2365219413
221.915987368714,297.546098870782,7081.23697005068
232.749394839129,1844.08666115132,7081.23749283193
354.32370577534,95.0657746967565,7081.24333405068
1.64786374321223,42.276494804927,7081.24368748818
6.49178074046667,197.879351793162,7081.24392123818
12.2076675642617,1077.78019842186,7081.2441970663
31.760125674968,877.266648213748,7081.24514059755
46.9550011712469,1928.2411223287,7081.24587384755
78.9358623920344,274.967049129771,7081.2474171288
181.25001012738,83.7716285229106,7081.2523544413
186.475029418715,351.933204800758,7081.25260658193
195.044488495866,380.658171650339,7081.25302011318
201.970707009825,374.487607590623,7081.25335434755
210.152911750101,49.1363824628444,7081.2537491913
214.135544075547,1788.47314735719,7081.2539413788
252.036604405604,1021.64843251984,7081.25577034755
343.787386513703,46.2557631086824,7081.26019791005
359.009460530836,252.0054998012,7081.26093247255
3.62413335311903,198.448243948768,7081.26115516005
10.6597932740529,96.9251900961865,7081.26149467567
17.2797053131961,581.8095449861,7081.2618141288
23.4744793775731,1319.55024684771,7081.2621130663
55.3556128519058,1572.36423881102,7081.26365153505
90.2289012696813,1174.93148543701,7081.26533439443
163.835393481598,77.4795436142561,7081.2688863788
177.238732026385,302.058461576493,7081.26953317567
181.838510451096,438.290514992445,7081.26975514443
186.832342805202,283.313483784298,7081.2699961288
195.79974129857,96.4393356839288,7081.27042886317
198.821361243447,1372.26352503461,7081.27057467568
214.929004272158,1356.39866005732,7081.27135197255
233.721200481574,1074.98721035881,7081.2722588163
357.799948104251,79.6911286959912,7081.27824641005
2.96053297503791,85.711680808398,7081.2784954413
10.2782151064063,252.452420079763,7081.2788485663
19.5619576419035,290.646284817342,7081.2792965663
26.0649809810505,1076.10520494461,7081.2796103788
34.6192218669189,41.604508033144,7081.28002317568
44.2348504295365,1572.36423881102,7081.2804871913
185.373218135132,257.6095725626,7081.2872325038
193.963399858939,346.770084869163,7081.28764703505
197.228186995229,155.201407281425,7081.28780458193
203.324852319395,1146.96530051361,7081.28809878505
224.48461011766,750.57904336262,7081.2891198788
231.378125730781,343.503753219565,7081.28945253505
236.375519778,247.643378026297,7081.2896936913
1.24334664059486,51.3337601593111,7081.29571936318
5.84409644643587,125.254945304576,7081.2959413788
9.54956346709575,122.907864441579,7081.2961201913
22.0106694780157,288.830542816143,7081.29672151943
28.4962080699116,36.7166089199067,7081.29703448817
30.3045822189294,1010.40498190486,7081.2971217538
46.7353689199826,1413.69960182658,7081.29791464443
179.43764871703,39.4903242051381,7081.3043183788
183.887187991181,221.363205543668,7081.30453309755
189.08921815528,233.748492783903,7081.3047841288
203.327290551524,816.936185366046,7081.30547120693
208.053023711637,638.942121433672,7081.3056992538
214.968880902269,481.748363423407,7081.30603298818
221.210280959316,61.3008740990573,7081.30633417568
243.579399066616,2784.54437285802,7081.3074136288
346.00234065921,117.834880741796,7081.3123561913
355.319109926951,54.9147671780048,7081.31280578505
3.23030136753946,1177.99792143103,7081.31318755068
15.0839750527965,118.629453482733,7081.3137595663
23.2622942685536,835.852553837668,7081.31415422255
35.1506136169089,1176.97662727068,7081.31472791005
54.4767416206448,3354.89991343252,7081.31566051943
174.135091176896,85.3271966971825,7081.32143480068
178.586573175611,320.176024581897,7081.32164961318
183.299354738106,399.538735429417,7081.32187703505
191.05124091734,361.207286303511,7081.32225111318
197.825277556174,1457.25975730926,7081.3225780038
213.10790050703,417.566481392129,7081.32331548818
219.931801000244,504.904840159526,7081.32364478505
233.417674754865,2487.09342010045,7081.3242663163
350.101354114924,75.5767878835023,7081.32989705067
356.036447621767,59.2354845729837,7081.33018345692
359.778179274074,61.4156989153791,7081.33036401943
6.77854598218422,1099.86819651908,7081.33070183193
19.2875731229194,169.438962860369,7081.33130547255
25.533829972532,303.547659230574,7081.33160689442
36.1292509131979,485.787632342749,7081.3321181913
40.9042003402714,95.0163489554789,7081.33234861317
50.1523259446233,2983.02915702209,7081.33279489443
180.221859102218,91.0787348318287,7081.33907158193
182.266924606146,316.635467845217,7081.33917026943
189.947576696924,256.73285719563,7081.33954091005
198.946059160277,924.647969302583,7081.33997514442
208.542907876192,1527.36379099849,7081.3404382538
234.487652668843,2404.49504751439,7081.3416902538
258.634708542597,1616.11235505177,7081.3428555038
347.061125999505,104.12128798043,7081.34712264443
350.078536588459,96.8767080444799,7081.3472682538
356.409950618359,272.90936177593,7081.34757378505
3.25748782622917,1081.12208074829,7081.34790422255
11.1443950024363,1214.1906369223,7081.3482848163
30.5605369413303,1503.5592770829,7081.34922176943
44.7723822355448,51.287987745674,7081.34990758193
48.7359108828844,21.3455572661836,7081.35009884755
55.4040677701641,411.766648555911,7081.3504206288
76.5686824363833,65.6663612375041,7081.35144195693
188.496839765797,209.3225037747,7081.35684320692
196.320931414617,82.8696139487661,7081.35722076943
198.825780518714,236.147629228967,7081.35734164443
208.149673172684,501.319707968406,7081.35779158193
214.143696682394,377.485959157653,7081.35808083193
227.053577382737,383.412329663102,7081.3587038163
237.30513196671,1645.60576276784,7081.35919851943
349.490379579369,23.8896489396234,7081.36461217568
357.330469846181,788.473175639126,7081.36495953505
12.1973448398579,117.355541950914,7081.36567695693
16.3237404416667,588.998960715514,7081.36587608193
31.0258056809209,1911.95836940494,7081.36658555068
56.8015315140034,1120.44840072656,7081.36782939443
84.7035943936988,676.868228133287,7081.36917584755
178.074627937752,60.5685501753328,7081.37368159755
180.183156518792,207.338354818454,7081.37378334755
185.541901669955,186.136731028519,7081.3740419413
195.854976568783,400.665778332865,7081.37453961318
199.497628062055,701.727620455728,7081.37471539443
206.776455249791,762.105656360035,7081.37506664443
221.27453199728,852.236448078969,7081.37576626943
231.189019854775,1562.3906612916,7081.37624470692
264.128950769261,1344.824362981,7081.37783426943
338.627164073244,31.4073489438016,7081.38142928505
345.917323965438,114.765315306631,7081.38178108193
353.119088815634,134.163499754258,7081.38212861318
2.97788456966495,443.065806265963,7081.38260436317
7.76254784572927,970.336810901529,7081.3828352538
19.0324258822854,859.961823973521,7081.38337909755
26.3433083834404,1188.16201322147,7081.38373189443
43.4621514785051,116.471651767647,7081.38455798818
50.8245167648955,22.2743472971798,7081.38491326942
54.6248546263617,2620.81112367696,7081.38509666005
175.873990541744,178.931341965338,7081.39094770693
185.411261591983,76.931981618511,7081.3914079413
187.656106344835,137.89289154964,7081.39151626943
192.775569678327,830.802093787497,7081.3917633163
203.284862132964,142.05410459045,7081.39227045693
207.009432794036,764.468766067949,7081.3924501913
216.900931524295,545.818723551861,7081.39292751943
221.71408838297,2268.62928442984,7081.39315978505
253.963696347475,1626.49593793418,7081.39471603505
343.659375497416,137.483524564885,7081.39904442568
356.64534707878,114.190865097008,7081.39967108192
1.73307893025633,1263.69037456442,7081.39991659755
14.4195437047114,179.246090192819,7081.40052880068
21.1540777747987,299.810759551988,7081.40085378505
31.4988842687236,1595.14246256265,7081.40135298818
47.5971373552366,2188.77582724986,7081.40212983193
177.543632811498,54.3991240942177,7081.4083762538
187.018088409737,254.527815490846,7081.40883345693
193.5690328787,408.835881815506,7081.40914958193
201.36463086952,43.5085058259066,7081.40952576943
204.725583983763,1528.15082810065,7081.40968795693
222.196064371474,528.753318906894,7081.41053101943
236.2725649127,1466.30863007147,7081.41121030068
256.8090246066,1850.596009767,7081.4122013163
340.132815852155,25.9172943523067,7081.41622222255
345.261992959248,49.70665198889,7081.41646973818
349.721893556727,196.927557594151,7081.41668495693
0.153799880115466,217.941623081863,7081.41718836318
3.1602015206277,1203.24716856857,7081.4173334413
13.0034554027496,1105.32116792683,7081.4178084413
28.3599027163523,165.171445964951,7081.41854948817
36.3177201496112,261.230925779898,7081.4189335038
41.5203978634355,422.931578647479,7081.4191845663
49.4788628841142,755.369988780785,7081.41956861318
62.3142715589018,2519.75662557413,7081.4201880038
170.462166161474,39.4605736975251,7081.42540683193
183.062826243611,543.887657133979,7081.42601489443
191.564936756824,340.426853373543,7081.42642517568
195.466297426502,291.162982613002,7081.4266134413
202.557001901174,39.0417247142505,7081.42695561318
204.548318026203,1530.50971896107,7081.42705170693
221.385786573641,1252.21943925169,7081.42786422255
251.04635971028,649.210629699581,7081.42929553505
341.536622555513,24.853325994445,7081.43366226943
358.332645771945,174.141950859408,7081.43447278505
3.06971167420985,222.379406555895,7081.4347013788
7.90780046007479,93.5717128780489,7081.43493484755
19.1384997592885,1099.86819651908,7081.43547680068
27.9187469207232,903.600638757496,7081.4359005038
41.2673647808699,1140.65756839921,7081.43654466005
66.6143909460718,88.5686246565598,7081.4377678163
84.2250729547256,47.1359444531583,7081.43861764443
175.86090923817,45.2028969810669,7081.44303966005
181.039950199644,107.669879956251,7081.44328958193
193.586860940577,154.229878868151,7081.44389505068
197.915949859311,448.125703211844,7081.44410395693
202.873193788059,552.660583963416,7081.44434317568
212.725837574684,301.809521818797,7081.4448186288
220.373139177204,591.545423755946,7081.44518766005
224.810374365768,945.862721479784,7081.44540178505
253.417330874694,2249.46639093559,7081.4467822538
346.784866659813,160.907481783212,7081.45126161318
353.64729830295,93.4712654498959,7081.45159276943
4.9644498819014,1351.95865613724,7081.45213889443
15.4925221832415,108.798248188435,7081.4526469413
26.3353195581608,1494.7360016393,7081.45317017568
36.5370103254485,599.621519103977,7081.45366247255
52.4416362435242,1916.98301676979,7081.45442997255
176.713039653509,182.054302189094,7081.46042686318
184.554292180482,118.9458115336,7081.4608052538
190.30191056168,253.936593974657,7081.46108261318
192.995529890873,21.0965411806541,7081.46121259755
196.745032554523,1380.99853774776,7081.46139353505
215.686496533369,295.009433548543,7081.46230758193
219.730972967379,1362.59026284336,7081.4625027538
241.721255336567,2716.34092996464,7081.46356392568
346.405231179037,99.7905855171233,7081.46861559755
353.435710476002,133.883126807177,7081.46895486318
4.74638621844962,1432.29050841853,7081.46950067568
18.9520795075646,164.601693386501,7081.4701861913
22.3577157768288,1191.19436536863,7081.47035053505
42.3463206599663,2240.89680145312,7081.47131511317
67.9818448721061,258.046806145273,7081.4725521913
178.973921748141,49.6593807741696,7081.47790826943
187.898256017343,201.641661701224,7081.47833892568
198.043930887456,305.767855479644,7081.47882851943
201.762673299445,461.021665287831,7081.47900797255
210.812962379436,67.4657760213471,7081.47944470693
215.279986400838,1095.48625726319,7081.47966026943
236.99407484637,2517.84681992717,7081.48070811318
351.260976350619,163.226154814566,7081.48622222255
359.130722535591,153.863963237022,7081.48660198818
2.85950251489124,68.399244601558,7081.48678192568
7.68140172834455,1353.73645626657,7081.48701461318
30.4217267333899,371.465053161657,7081.4880724413
35.4945641495996,1322.28117344368,7081.48831723818
53.2982257015767,229.366858839342,7081.4891763788
70.6233238066815,3007.1185541658,7081.49001242567
169.578137396334,147.759263158243,7081.4947876288
175.742798871857,182.466652898228,7081.49508511317
179.994825528441,46.8861512115115,7081.49529030068
188.324031519872,497.406615895812,7081.49569223818
195.319217528624,1541.47017372708,7081.49602980068
213.462859912775,1336.75248648046,7081.49690534755
227.370341456738,455.775167607086,7081.49757647255
243.039247325645,3008.71749736586,7081.49833259755
345.877289325693,116.793838489393,7081.5032951913
352.037093970956,87.2864974743592,7081.5035924413
358.187184842617,87.0170116518132,7081.50388922255
0.92257325883085,1301.19670593842,7081.50402122255
16.2039010348475,414.676709636908,7081.50475864443
28.5704600363653,1003.23893637011,7081.50535541005
39.0240603498449,1434.80705094845,7081.50585986317
51.9375028186902,204.234046341512,7081.50648301943
89.6472024608912,3574.25600228112,7081.5083027538
162.929903450741,262.522364957718,7081.51183911318
170.441536506562,98.0813902318189,7081.51220159755
176.941645777709,516.675757733509,7081.51251526943
183.513960405358,1654.35132259972,7081.51283242567
202.450243797929,411.766648555911,7081.51374622255
211.933441750947,1546.92114673338,7081.51420384755
233.416990771279,3042.10479029621,7081.5152405663
347.122114486017,134.513150618076,7081.5207275663
354.873353115526,135.348648955258,7081.52110161318
3.75268039830134,80.0440061454744,7081.52153009755
11.0638866931662,1746.28955740275,7081.52188291005
29.2548026197123,1327.72648431256,7081.52276073818
41.6032292865589,116.310225339866,7081.5233566288
57.3530830175242,285.427820267969,7081.52411666005
77.3679149649969,192.488636141519,7081.5250825038
180.959398999016,41.8016211922723,7081.52993923818
186.70701734252,199.957397861716,7081.53021659755
196.645465821464,276.602130089287,7081.5306961913
205.190640558844,123.517834849096,7081.53110855068
212.926660959377,1312.23965027516,7081.53148186318
231.256483294331,235.829161754353,7081.53236639443
236.060574004518,1324.0987195573,7081.53259822255
354.519276987642,110.426674748698,7081.53831461318
359.511166579488,58.2358258838234,7081.5385555038
2.04968992785972,150.030668444323,7081.5386780038
12.1762610821729,1138.54703442939,7081.53916667568
23.042695247137,289.350488014151,7081.53969105068
27.9167248709398,1258.92340996359,7081.5399262538
41.9546942245488,29.5979109277145,7081.54060367567
56.2536393859209,316.160403412979,7081.5412936913
69.5200142845583,2116.15014400479,7081.5419338788
171.28922135253,37.5076671110808,7081.54684489443
182.543233610384,1102.59801289203,7081.54738797255
197.380643602627,138.843422869961,7081.54810397255
205.7360766207,517.547837919352,7081.54850717567
211.839217819063,1115.06937017225,7081.5488016913
225.700073408051,2103.61150720928,7081.5494705663
260.622578092787,437.947428322261,7081.55115580068
351.654867462005,49.612060987192,7081.5555486913
355.158612509174,67.3961164654457,7081.55571776942
359.45014169681,189.339321998716,7081.55592486318
11.8694786584025,331.705135581117,7081.55652417568
15.3884418968541,413.951123379164,7081.55669398818
21.185600338723,1428.92842003306,7081.55697373818
33.3112586294079,30.3230253406728,7081.5575588788
51.8418315567231,980.813985584916,7081.55845309755
71.5380529814866,1971.41147850743,7081.5594035663
172.124774429873,104.031026848528,7081.56425751943
175.379847792561,307.239067520726,7081.56441459755
179.543155613437,277.957379335447,7081.5646155038
193.321768203221,416.845918893571,7081.56528041005
199.511037887613,1550.80304153898,7081.56557908193
211.814457568033,660.230592419708,7081.56617280068
224.478580727283,503.712682675683,7081.56678392568
238.18790199087,469.742300612808,7081.56744548818
247.73812475181,1981.14702421037,7081.56790634755
346.258849416585,93.1188251507287,7081.57263616005
354.933864451579,75.2029480355354,7081.57305478505
359.268134069672,370.452057918413,7081.5732639413
4.27686082134928,40.8353073577672,7081.57350564443
6.77231994555445,230.510832643915,7081.5736260663
15.1834450670913,248.249615308893,7081.57403195692
24.7038790705811,1803.20447462634,7081.5744913788
36.5727709094258,929.835375362842,7081.5750641288
67.3135116072103,59.670025864822,7081.5765475663
76.2643968098458,569.273517214697,7081.5769795038
174.597207394585,38.9513837850686,7081.5817246913
190.878078738787,325.068055806454,7081.58251034755
191.461226762374,158.554919194032,7081.58253848818
202.16641286603,53.7038989667504,7081.58305508192
205.913325180002,389.055343497091,7081.58323589443
215.57331317932,1299.3470743794,7081.58370205068
228.943948785573,1088.88009719976,7081.58434726943
255.6262900706,460.042504091263,7081.58563486318
352.408464376986,42.6635983485912,7081.59030522255
357.564839967239,107.145084471405,7081.59055405068
1.3392745203852,191.706164831551,7081.5907361913
14.6056493813284,900.267527192966,7081.5913763788
24.672966739063,1209.22860613604,7081.5918621913
38.3414903344528,1076.6638691706,7081.59252178505
51.160709474523,44.2577849368853,7081.59314039443
75.6406227565271,2723.41482698835,7081.59432170693
165.635808788766,179.246090192819,7081.59866455068
181.432936024432,236.624525529194,7081.59942686318
184.205884247133,487.640650082,7081.59956067568
190.661957837595,45.4361027968364,7081.59987222255
192.821645447855,1714.32135154248,7081.5999764413
216.825585557277,584.901571620833,7081.60113478505
221.05818470435,1423.02547523343,7081.60133903505
237.156113997153,2414.47617455037,7081.60211586318
354.961730043074,214.29016894281,7081.60780073818
1.61499249508774,179.873935191033,7081.60812180067
4.40024476568201,87.715952556966,7081.60825620692
10.8391574779908,1402.59814873644,7081.60856692568
27.8896806279884,1335.852650719,7081.60938972255
38.451751005007,332.384147982978,7081.60989941005
51.2874835488931,61.1474273992663,7081.6105188163
60.4407381993558,277.009387650295,7081.61096051943
71.271814418669,3147.78625387646,7081.61144830067
164.21058671481,42.3320094256052,7081.6159331913
169.099510660796,228.052424167124,7081.61616911317
175.971332246131,110.766451566491,7081.61650072255
184.151918017857,587.977277977103,7081.61689548817
191.790801097003,1584.55337739838,7081.61726411318
211.010725555475,1032.76953655751,7081.61819159755
219.816552269214,1463.02447934232,7081.61861653505
249.936585174618,774.625696919884,7081.62007001943
349.178277767271,31.0501173383937,7081.6248590663
355.402193077067,86.4211827100725,7081.62515941005
9.69725271392017,113.778771126949,7081.62584923817
12.3235235168697,298.55476424423,7081.62597597255
21.3721936283121,69.4217114349804,7081.6264126288
24.0298721572609,1323.19033507855,7081.6265408788
43.0798062750345,596.101723537856,7081.62746016005
55.3314193388155,1081.12208074829,7081.6280513788
169.354182270521,28.8545801835349,7081.63355370693
181.493439821633,95.8040660692383,7081.6341395038
192.683341452649,506.391206744894,7081.63467948818
199.782788244406,386.924547957079,7081.63502208193
209.876008948155,510.23540947881,7081.63550914443
217.280790871292,1151.15139642796,7081.63586647255
236.311621273265,2471.57339039461,7081.63678483193
356.678749870183,139.113803809821,7081.6425933163
1.97500317458594,70.0280250454099,7081.64284889442
9.54556630866438,1339.44855207346,7081.64321422255
23.1253711060414,1093.28857078594,7081.64386953505
35.0716490761357,191.999957599442,7081.64444601943
49.0024435410453,84.1632180614837,7081.64511826943
52.4640957451777,195.87523270026,7081.6452853163
63.3499573819581,3046.84433238833,7081.6458106288
170.859983200915,201.455213622026,7081.65099867568
179.687503904745,174.465331070905,7081.65142466005
181.499439709183,226.066443342887,7081.65151209755
192.310181770683,90.5615304969132,7081.65203378505
196.701750478726,1916.98301676979,7081.65223420693
215.215486246209,539.447708725049,7081.65312761318
229.143690436828,1077.22220032969,7081.65379973818
242.750046092251,1587.58595159014,7081.65445633193
353.253198198085,72.01221563502,7081.6597888163
355.724696738536,158.673366112971,7081.65990808193
2.60655585348872,166.078970020855,7081.66024017568
11.3566904260693,1129.00155890827,7081.66066242567
19.0438183910455,417.566481392129,7081.6610333788
28.7698598171557,1341.24289452586,7081.66150272255
48.579084342008,129.314323138452,7081.66245864443
54.9422298916168,278.227607619641,7081.66276570693
65.53279388894,1086.11575289075,7081.66327676943
165.011825499311,33.5058439326907,7081.66807726943
177.254696246008,238.680103459288,7081.6686680663
186.222094739376,137.209910100466,7081.66910080068
191.825626012808,454.123211257595,7081.66937120693
201.360630544771,672.859046257912,7081.66983133192
207.327779440421,445.096681733759,7081.67011928505
214.947234972362,791.517407172648,7081.67048697255
231.083047827668,705.14649674891,7081.6712656288
238.787984258216,1495.54024719833,7081.6716374413
352.286529206898,104.571448722446,7081.67711447255
2.24181480797938,157.484789098383,7081.6775948788
6.53075360824166,122.907864441579,7081.67780184755
10.8818603861659,1136.4328367236,7081.6780118163
31.0466076904893,569.801428262906,7081.67898489443
39.6477982873489,1651.44131702988,7081.67939995693
57.5434165744376,33.6806312006832,7081.68026353505
66.07758240107,377.883946356405,7081.68067536318
175.334462016496,33.5408749385646,7081.68594770693
182.83638133641,115.010626022816,7081.68630972255
190.092866946634,90.7687675022473,7081.68665989443
195.950898115937,469.422167803657,7081.68694258193
202.234391016021,406.623984483545,7081.68724580068
209.607117663434,751.379625185677,7081.68760158193
214.844441002662,289.350488014151,7081.6878543163
228.024363621562,1500.35683876837,7081.68849033193
245.733154370427,2444.17552863752,7081.68934489443
342.833572552147,91.7979234293931,7081.69400361318
348.763485397326,102.941662138978,7081.69428976943
0.468862656587232,78.3836606732535,7081.6948546288
3.65561611190266,558.073642853429,7081.69500841005
8.34411329693254,1464.66749839647,7081.69523466005
32.9898076767947,1655.80449351665,7081.69642397255
48.3426932972829,901.60223731317,7081.69716484755
82.1273955174554,245.662795661516,7081.69879517567
177.108966761555,92.1554083044285,7081.70337864443
179.670479312552,136.11001214997,7081.7035022538
192.754559709515,206.975561689582,7081.70413364443
197.750658581895,374.286851512196,7081.70437473818
202.913833764667,376.289471804014,7081.70462389443
213.384918825398,1308.56903091114,7081.7051291913
228.428907621391,680.412060027891,7081.70585516005
243.922318656531,962.872559462369,7081.7066028163
349.316368714509,27.2642464160811,7081.7116887538
359.775473483362,149.277382122115,7081.71219347255
6.2827061030433,156.64740338206,7081.71250748818
10.9498331293861,187.444379462498,7081.71273270693
20.060347349392,504.0109996024,7081.71317234755
24.5905106541968,1262.7383583208,7081.71339095693
43.4879390654407,324.373694571278,7081.7143028788
49.4178519106189,1501.9588905929,7081.71458903505
79.1894854604757,815.462863901217,7081.71602570693
169.913849386328,180.291254148202,7081.72040373818
183.343091239434,284.636758607348,7081.72105178505
188.225863180321,428.229451898687,7081.72128741005
194.762560839131,361.623175848536,7081.72160284755
201.460830352959,841.587521893672,7081.72192608193
208.260446468709,351.719570135245,7081.72225420693
217.91169203786,554.56111924812,7081.7227199413
221.751856224088,1042.04267437069,7081.7229052538
236.192298143548,72.8552496109813,7081.72360209755
243.386292020096,2289.73306981572,7081.7239492538
340.666457282864,21.767743857426,7081.72864364443
344.632252448479,92.2573059614074,7081.72883501943
350.299894386443,81.1513287124477,7081.72910851943
0.376277892665904,152.021215060749,7081.72959476943
3.44808541024452,1313.15569529278,7081.7297430038
17.0236809270872,280.380274553238,7081.73039811318
24.0078581004798,81.2091921487124,7081.73073514443
30.5532980763741,391.174481695344,7081.7310510038
38.4729081534201,1799.19878995349,7081.73143317568
64.438051799017,2889.65829042809,7081.73268616005
171.798308804634,152.021215060749,7081.73782705068
182.048568213768,318.528647902383,7081.7383216913
187.530677750653,1203.24716856857,7081.73858623817
206.48671240875,478.303952000658,7081.73950098818
212.057540743649,1559.30901524215,7081.7397698163
234.032604959249,2842.66876704464,7081.7408302538
351.580159303102,22.3270065630166,7081.74650267567
355.555020654899,109.486857080565,7081.74669448818
1.08213717821084,1069.9416908011,7081.74696120693
15.6495052895906,898.930818671317,7081.74766417568
22.745390425927,228.052424167124,7081.74800659755
35.8563454369513,569.801428262906,7081.74863928505
42.9502878487225,2942.44184573245,7081.74898161318
86.254128859851,37.4449984907876,7081.75107130068
177.206118029819,51.287987745674,7081.7554603163
182.19412213484,213.235415436053,7081.75570101943
191.653035785782,212.529327470179,7081.75615747255
200.840936099343,546.094058861968,7081.75660084755
206.460333189171,1587.58595159014,7081.75687201943
226.397455249378,96.2931054337979,7081.75783411318
233.726793878914,1382.73892336116,7081.75818780068
272.3382521428,2709.24860323873,7081.76005105067
342.328643757184,92.1554083044285,7081.76342853505
346.347864470293,132.330396640512,7081.76362248818
352.833403099883,225.066881798242,7081.76393545693
0.798343919371174,492.852869626859,7081.7643198163
4.76770077810032,1395.72264856724,7081.76451136318
18.8442013193264,1333.14947969865,7081.76519064442
34.6934589653421,52.5545509888481,7081.76595547255
38.9001548417893,504.0109996024,7081.76615847255
53.5646602368621,225.400559328293,7081.7668661288
61.8274890454862,3053.15239756965,7081.76726486318
174.847794265617,52.6438510839444,7081.7727188163
178.97872294167,265.086397277514,7081.77291816005
188.205154480542,280.11210018164,7081.77336339443
195.506647039499,693.540169738327,7081.77371573818
199.301804201607,487.023754658367,7081.7738988788
208.039310932585,79.455012014229,7081.77432051943
220.060384684249,2725.18052568671,7081.77490061318
253.844924335421,601.623584284283,7081.77649705068
351.275791512451,39.4903242051381,7081.7811936288
355.840032274489,89.88471772442,7081.78141364443
2.37894487845131,88.1965958599018,7081.78172884755
9.61541059497402,275.103662072951,7081.78207767568
17.3935173127543,45.6681185923014,7081.78245261318
19.6174542122352,340.426853373543,7081.7825598163
25.4247787438706,1466.30863007147,7081.7828397538
50.8679654107007,1668.82530017176,7081.78406622255
86.3290786131251,1105.8650661866,7081.78577559755
168.319126884858,142.713910133985,7081.78972786318
177.215846953329,59.4729057667998,7081.79015672255
182.623180473501,262.235927417365,7081.7904173788
189.419461704056,464.594279714348,7081.79074498818
197.00891785238,1032.18722458109,7081.79111083193
214.575134591247,1518.67873832146,7081.79195759755
235.641110306406,695.271840100986,7081.7929730663
242.615345345479,1302.12052251721,7081.7933092538
358.834767986313,167.991232036258,7081.79891151943
3.86480051851249,126.449295478892,7081.79915398818
8.93373002360214,391.174481695344,7081.79939833193
19.1908732198245,1218.14558440292,7081.79989276943
27.2133828310972,337.767230851327,7081.80027948818
43.5880542866154,1448.98448795061,7081.8010688163
65.5437992707711,82.9262838952793,7081.80212717568
81.8526699675912,349.145989897437,7081.80291333193
178.025218669762,38.7700739568064,7081.8075492538
179.80508131429,103.487780844791,7081.80763505068
184.186181884006,181.537535004495,7081.80784623817
196.210546211397,183.493484295916,7081.80842586318
199.389080705759,487.33228563691,7081.80857908192
204.940657407627,1376.63791477394,7081.8088466913
224.259833005213,82.5857229824756,7081.80977795693
232.992861424411,598.115557082224,7081.81019892568
242.722625929559,495.590124494072,7081.8106679413
273.51933858268,2296.02648005311,7081.81215247255
341.106794162123,95.1645429125847,7081.81541047255
352.703615441436,124.954574465264,7081.81596948818
358.265933582568,124.804111489851,7081.8162553163
1.3157837825016,183.493484295916,7081.81640233193
7.77430921104646,1444.82914521404,7081.81671366005
26.9353035742295,1028.68635831754,7081.81763730068
34.6524716219046,280.915873895893,7081.81800930068
50.3509832603309,3123.24166529265,7081.81876603505
180.820003742856,49.612060987192,7081.8250551913
185.311636678771,330.797583769638,7081.82527170693
192.599316850478,512.586750822663,7081.8256230038
198.942123642224,20.7315709738198,7081.8259287538
203.671676661684,246.883513632667,7081.82615673818
210.231658492314,1781.73698017758,7081.82647295693
229.093469957576,1464.66749839647,7081.82738217568
268.45174006906,566.096169940522,7081.82927941005
352.522130460325,109.486857080565,7081.83333195693
0.941713784623257,206.248046419333,7081.8337378163
10.6659678371667,183.493484295916,7081.8342065663
16.6039215288561,1312.23965027516,7081.83449280068
38.6659850414247,356.600388107253,7081.83555628505
44.5478622270721,1564.69792678138,7081.8358398163
82.6153996630188,2103.61150720928,7081.83767483193
166.851750600248,98.0813902318189,7081.8417353788
179.20317404418,241.652975407902,7081.84233076943
187.143351614409,691.804113994721,7081.84271351943
192.013906335122,319.471060716836,7081.84294830067
199.479864497351,1261.78578696567,7081.8433081913
211.11234134458,2067.86654466384,7081.84386892567
233.985407672081,476.099049073753,7081.8449715038
276.778284327437,2201.92197808444,7081.84703430068
341.056900396734,92.9168339491859,7081.85013280068
345.108024589206,25.5062446857801,7081.85032808192
359.425692199491,145.710499221963,7081.8510182538
5.87319679829561,1306.72983544855,7081.85132905068
15.1092932769264,213.411566196697,7081.85177426942
28.0619997774027,162.880459120274,7081.85239864443
32.6317508788397,1386.21314427212,7081.85261892568
51.091950686754,2223.65903468358,7081.85350878505
73.3621132740916,21.0128806715781,7081.85458230068
177.023434876398,42.2209038564159,7081.85962151943
184.746113301208,257.171589579386,7081.85999378505
196.012958241011,263.949889722781,7081.86053689443
207.293741271257,1545.36561325358,7081.86108067568
220.616617623482,1490.70811250596,7081.86172289443
242.89455959785,342.627454186228,7081.86279678505
259.249134221779,1858.37711885739,7081.86358514443
343.516278676067,30.0311685241805,7081.86764717568
347.964800801305,219.145257496223,7081.86786161318
353.865478203724,85.0515075034863,7081.86814605068
2.98909748826482,1301.19670593842,7081.86858584755
18.1268438021265,241.497433162152,7081.86931555068
22.9961019834902,523.898313620208,7081.86955026943
38.5143908035031,301.809521818797,7081.8702983163
43.1116939415547,2021.9996788029,7081.87051992567
78.7523817493207,262.665444950017,7081.87223795693
181.223329855478,83.7155345045915,7081.87717748818
183.682269540066,64.4752862211107,7081.87729601943
188.333380249733,235.031077933101,7081.87752022255
202.327878474727,1167.74534486552,7081.8781948163
210.869987390043,351.933204800758,7081.87860658193
219.471414254109,1167.74534486552,7081.87902120693
249.86424627772,588.488313635338,7081.88048626943
1.61051201740463,148.267023658555,7081.88587291005
11.6073693263316,232.45884384071,7081.88635480067
15.9291520227669,85.3271966971825,7081.8865631288
19.6577551562248,963.496726846813,7081.88674286317
30.147308058857,241.341752138524,7081.8872485038
40.6922891412544,297.546098870782,7081.8877568163
51.8288291407447,58.5575754552536,7081.88829364443
57.9457090737637,2337.54926526331,7081.8885885038
173.124312347423,27.5640985730741,7081.89414059755
184.109802210999,396.138344349595,7081.89467014443
194.045720887556,139.383671271531,7081.89514909755
200.051744385575,895.580332116452,7081.89543861318
208.173117244765,304.289510255629,7081.89583009755
216.010866055567,333.061772606058,7081.89620791005
219.278863689462,1853.19326551081,7081.8963654413
237.329672377527,394.998395103485,7081.8972355663
254.244688219484,673.752054147769,7081.8980509413
359.162749763107,123.36562327242,7081.90313591005
7.7625559435536,247.643378026297,7081.90355045693
14.6418173904884,355.54503785562,7081.9038820663
20.7635594498356,123.289448095143,7081.90417716005
27.2587129168448,1295.63992867787,7081.9044902538
45.6514912447063,1385.34539395607,7081.90537686318
69.569590701699,1104.23259425119,7081.9065298163
166.248448906012,61.3008740990573,7081.91119014442
178.986573484037,261.662108647087,7081.91180417568
182.068189596107,161.722801816921,7081.91195272255
186.255777583243,54.8291655133593,7081.91215458193
195.137587090724,569.801428262906,7081.91258272255
202.28296902183,504.904840159526,7081.91292716005
206.890968883086,1315.89994456505,7081.91314928505
222.378788330311,1284.45443170477,7081.91389586318
250.118519685009,506.094277596958,7081.91523303505
266.77843591027,3470.47390825139,7081.91603611318
337.886719692673,30.7078494576896,7081.91946383192
342.339131549162,150.904760909398,7081.91967845693
348.024578778322,251.707071852181,7081.91995251943
359.253174920572,290.128671087686,7081.92049378505
2.46898577967551,1352.84783375766,7081.92064880068
17.4527647723901,2073.67345517184,7081.92137108193
33.7966427108498,76.8708985354749,7081.92215892568
47.7976237835266,235.031077933101,7081.92283383193
53.668480063964,2251.603570258,7081.92311683193
178.726277257332,37.6950519409558,7081.92914514443
186.681689495088,350.005968652312,7081.9295286288
192.712671913289,274.008704614914,7081.92981934755
203.789245600017,1480.99654762035,7081.93035328505
218.445641331919,218.80203204816,7081.93105978505
222.006014909516,395.758703586324,7081.93123141005
235.348015660518,60.8393752044023,7081.93187455068
238.216346464954,2279.20571305162,7081.9320128163
351.685101728306,108.970811540932,7081.93748248817
358.917353644777,83.0394850104277,7081.93783111317
3.34448239907781,140.457936947946,7081.93804451943
10.2007298291904,1366.99562780507,7081.93837501943
26.153692795771,81.6130774072832,7081.93914401943
28.7367787927299,1268.43935355225,7081.93926853505
54.766707155061,2922.75958990729,7081.94054380068
175.214883765819,65.5231424673275,7081.94634991005
180.105859462391,326.452309629133,7081.94658567568
188.708907010077,275.103662072951,7081.9470003788
195.581037396257,1331.34425706061,7081.94733164443
215.357901157234,478.618089605476,7081.94828497255
220.206414256201,1329.53659193191,7081.9485186913
238.936624166332,399.538735429417,7081.9494215663
267.773251394247,3070.43324099254,7081.95081161318
343.132006661782,105.555043872219,7081.95444422255
349.455689092486,246.883513632667,7081.95474905068
356.19070747093,134.373401294852,7081.95507370693
1.08233141830965,371.262687259843,7081.9553095038
9.26237393770896,1760.00769513962,7081.9557038163
24.02152264878,60.3743582905381,7081.95641526943
26.468793252821,1304.888086473,7081.95653323818
50.8167048055234,1127.93596684924,7081.95770691005
71.4418476707036,359.956703332998,7081.9587011288
174.343580229913,47.1608481433794,7081.96366142568
184.075937813758,171.204009302706,7081.9641305663
192.598274117225,290.387602852604,7081.9645413788
198.409164198105,287.26507284027,7081.96482148817
208.933076129306,1015.1542939596,7081.96532878505
220.975592384926,1216.16972048599,7081.96590928505
239.626063408181,348.4996180525,7081.9668083163
247.513081770806,79.455012014229,7081.9671885038
263.280635648374,1521.0523951481,7081.9679485663
338.579748822887,20.5894728350087,7081.97157830068
342.457133044628,109.915042345587,7081.97176520692
350.104286495819,76.1957719142003,7081.97213383193
359.031475861608,1183.09084751189,7081.97256416005
7.74051783117061,94.6200340301573,7081.97298397255
15.8265592667154,1002.03956243661,7081.9733737538
25.8451340531164,297.798591342158,7081.9738566913
37.9434027082425,88.0366751720985,7081.9744398788
46.1694734122266,3159.98716082788,7081.97483641005
177.596073088634,39.7275060071145,7081.98117853505
182.776183248465,239.936320811651,7081.98142823818
191.162379977008,107.320298481373,7081.98183248818
195.487404078417,1351.06892340531,7081.98204097255
212.722023718686,457.092447225804,7081.9828717538
220.974673988737,338.434114066644,7081.9832695663
230.61951333641,56.1831761669573,7081.98373448818
235.027517691934,1664.49642957645,7081.98394697255
353.403779896468,93.1188251507287,7081.98965320693
358.588428038356,47.7792978792468,7081.9899031288
4.8910412801281,116.874246391951,7081.9902069413
14.4934180301964,1185.12188951314,7081.9906698163
23.4481594703349,189.339321998716,7081.99110147255
36.5019981531552,112.950079844687,7081.99173072255
44.9206090823761,1708.70051441341,7081.99213653505
74.6016256455088,22.8469135971077,7081.99356728505
181.419315292814,43.1834047687207,7081.99871634755
186.365719206886,218.45827924416,7081.99895478505
197.2857324183,245.050174596528,7081.99948117568
204.096599952369,716.984360771278,7081.99980948818
212.258814687811,1502.75925037135,7082.0002029413
232.889792149867,116.713375075683,7082.0011974413
237.251444252005,515.219145125201,7082.0014076913
0.726457008138972,47.8284287175335,7082.00735970693
4.12086996430137,102.85036017299,7082.00752333193
10.6147268164919,192.976065682693,7082.00783636317
19.7422358700186,174.895570248523,7082.00827634755
23.9619138380921,455.445237079743,7082.0084797538
30.3851078429913,1246.44428112219,7082.0087893788
42.1245515071752,32.8510621483424,7082.00935526943
55.7469348638558,298.55476424423,7082.01001192567
63.4274749108018,916.811848661325,7082.01038216005
176.291057461829,134.163499754258,7082.01582266005
183.003710036522,120.280993498589,7082.01614623817
193.895847029315,240.249348193444,7082.01667128505
204.097237863766,1146.96530051361,7082.01716303505
218.559472686813,1336.75248648046,7082.01786017568
237.210916180615,447.790166058226,7082.0187592538
0.90881363168454,38.0670495125912,7082.02472708193
3.50292049611845,91.2847922251991,7082.0248521288
10.8275528128251,829.353419273815,7082.02520520693
23.8778259086656,764.468766067949,7082.02583428505
31.8601419322293,284.636758607348,7082.0262190663
43.0974899697927,68.8100618151388,7082.0267607538
49.9469304079518,1395.72264856724,7082.02709092568
177.326555315906,33.6108259280099,7082.03323116005
183.623009854266,247.643378026297,7082.03353467568
198.875178227843,289.350488014151,7082.03426989443
202.471531517628,661.140586721842,7082.0344432538
211.013316288672,755.767892712811,7082.0348550038
219.239711099192,60.4909455859115,7082.03525155067
226.252194898083,2329.30386090402,7082.03558958193
273.697478840189,1452.30028003596,7082.03787664443
347.783977542422,172.95102849868,7082.04144792568
352.849017353996,40.517741939361,7082.04169208193
355.948137105753,203.311992241773,7082.04184147255
6.59003664591335,1280.70409832759,7082.04235445693
18.9045078693753,250.209686303293,7082.0429480663
23.302139721436,1602.66311333146,7082.04316005068
43.3039579460623,59.905719274056,7082.04412422255
56.1422423113535,2069.02917021523,7082.04474308193
179.960521246633,32.9224772444014,7082.05071164443
181.732928610665,267.485422700275,7082.05079708193
192.659424669761,92.9673699134881,7082.05132378505
198.977596685596,475.150974121874,7082.05162834755
206.696709561161,1567.7690257121,7082.0520004413
225.703412458926,780.425279955921,7082.05291664443
237.256474601285,1402.59814873644,7082.05347355068
359.004459776225,161.838931145297,7082.0593423163
5.74045062521654,72.0774134821411,7082.05966701943
8.43342073756832,145.452386246525,7082.05979683193
16.4607924751691,1289.12680530391,7082.06018378505
33.8727176731479,348.283901718816,7082.06102311318
38.042801982862,356.600388107253,7082.0612241288
51.7747452729297,80.7451397411008,7082.0618860663
57.7904929858697,1648.52620443412,7082.06217605067
89.5614684139697,2448.10838267995,7082.06374134755
166.389882636107,65.487289202526,7082.06744480068
171.311651812003,283.313483784298,7082.06768205068
175.720628600339,387.312848459942,7082.06789458193
185.134678925222,479.559336685753,7082.0683483788
191.855110924681,754.175111250532,7082.06867233192
201.498329588736,1524.21131272007,7082.06913717568
219.298576679897,2576.38754774803,7082.06999522255
243.933677830232,259.064186769464,7082.07118273818
358.769014962481,52.9552235395414,7082.07671828505
9.08774511735076,687.00750643913,7082.0772156913
17.8084561674601,164.144461911597,7082.0776360663
23.9104256149588,869.694982696956,7082.07793020693
33.1935227109871,86.0944440739253,7082.0783776913
50.5714130624037,99.2241219743839,7082.0792153788
54.8296638968317,2329.30386090402,7082.07942064443
178.649563553465,151.526027836191,7082.08538928505
189.581569951961,229.857827216406,7082.0859162538
200.559280428506,1451.47205365959,7082.08644542568
211.026467489653,213.939158055787,7082.08694998818
217.917073948333,1082.23385808515,7082.08728214443
237.731538218322,515.802289768885,7082.08823728505
251.261541174768,2844.36030284496,7082.08888948818
343.349254906706,137.346786721615,7082.0933285038
351.131251280266,88.8333989701451,7082.0937036288
356.271816178665,175.431905113932,7082.09395142568
2.32484018087643,1404.31188899726,7082.09424320693
14.6338009894684,902.934949031931,7082.09483655068
21.7658930809382,75.4523804546992,7082.09518034755
38.6209426478682,1645.60576276784,7082.09599283192
63.4236251787279,37.6638858989864,7082.09718842568
68.0108799575873,1764.10230867674,7082.09740955068
171.990708135508,46.3065072398017,7082.1024218163
179.500749541227,345.467238149766,7082.10278383193
186.714201240927,160.790686321022,7082.10313155068
194.03915766417,244.896797285676,7082.10348464443
200.277026502857,1563.16015686997,7082.10380023818
217.814718734562,1387.94697956968,7082.1046456288
235.20622303215,163.111010809125,7082.10548397255
248.246447731064,572.433267453931,7082.1061125663
356.855669141178,71.9469622767477,7082.11134798818
4.71772858362084,94.4709865891014,7082.11172697255
10.5986332987206,624.667595428008,7082.11201045693
18.6778677423118,849.409764747122,7082.11239991005
25.7953734547973,36.0712779090555,7082.1127430038
39.140939755043,1318.63853169989,7082.1133863163
68.9110953511723,1604.16302463773,7082.11482136318
174.84225717219,49.9893494654291,7082.1199276913
176.96441356305,211.820894158166,7082.12002998818
190.310304007567,1306.72983544855,7082.1206733163
201.719771294507,277.416062344216,7082.12122330068
213.255978047985,566.096169940522,7082.12177939443
222.684614827322,1911.95836940494,7082.12223389443
241.951927756654,25.9851706124747,7082.12316266005
254.147438900608,561.831747791786,7082.12375053505
272.860469277587,644.563402651954,7082.12465258192
352.177320162022,71.6853312821009,7082.12847598818
356.484840586008,114.765315306631,7082.1286836288
10.8916471160847,864.842086834017,7082.12937809755
21.3452202310593,1098.77429377292,7082.1298820038
34.310568244895,1247.40862084138,7082.13050698818
51.7328659463367,46.2557631086824,7082.1313468163
74.4727099973521,2978.1876964563,7082.13244297255
170.482539520797,40.6912663286629,7082.13707105067
172.955093227027,213.587564301676,7082.13719023818
187.319437234968,871.766492327453,7082.13788266005
191.249656557777,281.183298866949,7082.13807211318
200.401800349481,933.062849206578,7082.13851328505
211.559733644439,131.97494486139,7082.13905114443
219.469441917351,1305.80923851653,7082.13943242568
241.807998379819,3229.24709195149,7082.14050923818
349.596900902621,141.524042485131,7082.1457226913
0.889677195419569,66.2006838236806,7082.14626705068
4.85749698950563,832.970303843439,7082.1464583163
13.4738344522974,1563.92920835913,7082.14687366005
33.910975036563,214.29016894281,7082.1478588163
47.0247799944109,373.885061799584,7082.14849095693
51.7420156447826,1934.4674750954,7082.14871834755
177.920371054467,127.042265596344,7082.15480067568
188.7129965108,121.369525540871,7082.15532092568
194.561811169493,1326.82054232447,7082.15560286317
212.12089680987,314.730852490896,7082.15644928505
217.169729521106,363.902102895608,7082.15669266005
225.143617831361,37.0667559146387,7082.15707703505
246.115916644672,2837.58794239475,7082.15808798818
346.070227763375,107.58258867094,7082.16290620693
351.980629380715,126.671992339844,7082.16319111318
356.844053002938,59.1561313822986,7082.16342555068
5.53332232291703,1416.24911798033,7082.16384441005
18.5041806761525,1032.76953655751,7082.16446966005
28.1337853940347,236.465680369946,7082.16493384755
45.1298366622166,523.036891575401,7082.1657531288
51.6917632830015,2088.69610496265,7082.1660694413
82.7163476604749,3095.39638365663,7082.16756495693
163.790371203681,38.2209819349555,7082.1714730663
165.389362741253,141.789330276865,7082.17155014443
171.001878037756,348.930662141811,7082.1718206913
185.37464972127,1807.20127751499,7082.17251351943
202.904562528208,361.623175848536,7082.17335853505
210.616220198749,93.3203792019555,7082.17373026943
216.901978013905,2027.93803971701,7082.17403326943
244.935057669648,3005.51850074271,7082.17538458193
345.15095125273,63.1874899625906,7082.18021541005
348.286699042951,68.2273404439826,7082.1803665663
357.964600842109,939.484601225615,7082.18083308193
8.17117790942469,659.319265849945,7082.18132508193
14.5742751204693,866.925198295121,7082.18163373818
35.3452818132298,56.8893855634744,7082.18263498818
37.7983869764117,1601.16175873526,7082.18275323818
61.2633362143365,2979.80240482332,7082.18388434755
174.48535455677,65.1637216408929,7082.18936301943
178.636638611978,329.431565360139,7082.1895631288
185.059832541407,266.500183032647,7082.1898727538
197.916917161204,1800.53505438593,7082.19049251943
211.397974747832,206.430164628735,7082.19114236318
217.459426425616,1433.96872154256,7082.19143455068
235.068429906359,497.104302166207,7082.1922833788
249.401007964429,3002.31617345048,7082.19297426943
344.939535302843,45.0728135370504,7082.1975796288
347.410468287718,49.6593807741696,7082.19769873818
353.92507026004,1062.61122123641,7082.19801276943
11.7907939656279,687.882084626779,7082.19887397255
18.5423435886817,1364.35418518488,7082.19919942568
42.3424554367148,3015.10549860495,7082.2003466913
178.001310256257,31.3699378973187,7082.20688601942
184.214136214226,158.08020170649,7082.2071855038
198.336670407372,933.707000605466,7082.20786626943
214.941158377398,1929.48812482996,7082.20866667567
234.707649672647,232.781932618664,7082.2096195038
2.55112152287257,85.8212181875651,7082.21578209755
6.48685126055161,72.0774134821411,7082.2159718163
8.85697613188363,77.7216693781391,7082.2160860663
18.078162124994,831.525459599192,7082.2165305663
29.6247414574054,231.324501220875,7082.21708716005
38.8731553428596,1078.33786344713,7082.21753297255
52.6754374491529,111.947541514557,7082.21819830068
60.4438199142768,1999.27319144422,7082.21857276943
174.537520615007,42.9106090937825,7082.2240725663
178.93223516863,318.528647902383,7082.22428441005
185.291897349256,275.649503223008,7082.22459097255
194.974985419014,444.082409734037,7082.22505773818
200.944704985104,572.958236411125,7082.2253455038
211.464078896512,1820.46033803118,7082.22585258193
222.76236560418,1213.19987389512,7082.22639720693
244.956079274654,347.852052717812,7082.22748164443
358.060499207663,113.778771126949,7082.2329337538
2.08309896844254,97.2155272949138,7082.23312766005
9.99215895281266,160.322574660476,7082.23350891005
17.8146730960883,885.45282217467,7082.23388598818
28.6137814001043,1203.24716856857,7082.23440655068
40.2248648763953,77.3582031765585,7082.2349662538
61.48273260372,965.989732648609,7082.23599097255
172.751861674702,72.3376220035377,7082.24135461318
185.397605777021,221.532903132982,7082.2419641913
190.53103950146,32.743644601263,7082.24221164442
194.50372145961,259.20918189648,7082.24240314443
203.795570375482,269.026301236153,7082.24285105068
212.988880187707,1231.88814704633,7082.24329420693
230.400157097144,409.203393392232,7082.2441335038
243.194034074674,1384.47708852851,7082.24475022255
349.980281954114,62.7772972494611,7082.24989776942
0.121382407002297,50.5035110953678,7082.25038661318
2.42473404908829,272.90936177593,7082.25049764443
11.0248643738061,997.227855847882,7082.25091220693
25.3687874436219,1191.19436536863,7082.25160364443
33.2853026707522,826.448465218732,7082.2519852538
59.5236091964468,1915.72824270736,7082.25325005068
177.464548965871,247.187714741415,7082.25893530068
182.243047392884,45.2807652484566,7082.25916564443
195.88779659105,349.576229075055,7082.2598233788
200.650736206266,1527.36379099849,7082.26005297255
215.686377867236,676.423916878832,7082.2607777538
240.519205551142,1563.92920835913,7082.26197480068
352.915699754923,88.0900075106439,7082.26739278505
1.33522342007232,46.0777041522142,7082.26781016005
4.04213162286687,328.288923823195,7082.26794064443
10.379752106279,125.104843151647,7082.26824614442
17.160150380766,158.08020170649,7082.26857298818
20.190876257393,167.318811583606,7082.26871908193
29.0441612954466,1705.88332348842,7082.26914584755
55.3985105267405,1186.13618926844,7082.27041623817
70.5352844455246,394.998395103485,7082.27114589442
180.73182827493,82.471890427982,7082.27645783193
185.206930041706,210.039360903913,7082.27667355068
196.342821639449,316.160403412979,7082.27721034755
199.538535704698,1102.05256032003,7082.27736439443
217.747201445161,623.704310420692,7082.2782421288
223.441076349894,556.455215239282,7082.27851659755
236.46930782399,58.6777709754571,7082.27914461318
244.577066774743,2469.62650329863,7082.2795354413
352.254704606798,62.9640853344604,7082.28472595693
357.832536730462,74.5757275377734,7082.28499483193
1.01463681180386,1033.35151546702,7082.28514822255
15.4467264440686,148.393700105665,7082.28584391005
23.4565945042468,797.571231281324,7082.28623001942
30.1436399079509,893.564000570279,7082.28655236318
39.2974043832736,2195.35856160746,7082.28699361317
84.16478859902,49.9423419286771,7082.28915641005
174.491115796665,39.4605736975251,7082.29351051943
188.131651081575,119.889834171438,7082.29416805067
193.738007750136,217.941623081863,7082.29443830068
200.790036772724,914.84231301564,7082.29477823817
214.979992483658,1429.76974704112,7082.2954622538
234.584737032993,1481.80823167365,7082.29640728505
359.43735245003,185.327447832506,7082.30242570693
1.90212669375867,47.4834477293129,7082.30254451943
8.6786352369951,165.171445964951,7082.30287117568
16.372465048107,1351.95865613724,7082.30324205068
28.6921225421681,254.084531192689,7082.30383591005
40.2335156039803,1480.99654762035,7082.3043922538
54.8950976064819,545.267719864739,7082.3050990038
71.0055934811893,2147.73621109998,7082.30587559755
171.569950910007,262.808497186739,7082.3107445663
180.052741914307,259.064186769464,7082.31115347255
184.931400204056,320.8794618903,7082.31138864443
189.810382600341,847.283576632663,7082.31162383193
204.380880779691,1485.86021264663,7082.3123261913
218.417193276013,2698.5753631692,7082.31300280068
252.831976734128,395.758703586324,7082.31466173818
355.321725057056,61.5303155648839,7082.31960217568
359.457126156196,61.0320891047955,7082.31980151942
4.22363139612611,195.68328901709,7082.32003128505
12.5090200111259,249.608222979703,7082.32043067568
15.8104042785113,208.24257596086,7082.3205898163
24.2351738734087,57.7091603670699,7082.32099592568
29.8843172083755,1553.90145195611,7082.32126823818
48.1905496574075,1222.08776431876,7082.32215067568
183.475344856216,174.24980902625,7082.32867197255
188.170538884843,35.5135261476125,7082.32889830068
192.611929836122,220.171700315852,7082.32911239443
203.969534492542,179.873935191033,7082.3296598788
206.265754998403,1359.94016048357,7082.3297705663
228.076608625526,1622.05393561266,7082.3308219413
250.594739655601,1626.49593793418,7082.33190741005
345.033453897829,102.667520318622,7082.3364597538
351.869928640623,79.5141036347147,7082.33678930068
354.83809512579,72.9840840540952,7082.3369323788
3.97338352861308,1202.24752375719,7082.33737273817
17.156230687868,212.175416125504,7082.33800820693
21.3383082223997,1154.28089308978,7082.33820980068
42.4104426409711,1941.91240865393,7082.3392255663
68.8053096419797,157.8422947901,7082.34049791005
180.831633918543,67.151735561044,7082.34589805067
187.305394014614,287.26507284027,7082.34621011318
197.279885595261,204.968708672482,7082.34669092568
204.66642897715,520.155141181533,7082.34704698818
209.306518857078,472.295258457933,7082.34727066005
220.635274899799,1579.99358041394,7082.3478167538
232.700481065705,1117.22409101844,7082.34839834755
268.862065207418,359.956703332998,7082.35016267568
345.223715264316,24.6159446992689,7082.3538436288
352.199570987007,74.6386910610575,7082.35417989443
0.354654623959121,634.693464451885,7082.3545730038
12.1699474815035,193.559376859831,7082.35514255068
19.8822533651155,1175.95455595421,7082.3555143163
30.6275541352506,122.525087298264,7082.35603228505
36.0517430443029,1633.87237073209,7082.3562937538
71.0078433216688,255.41210812996,7082.35797878505
180.592731591067,38.2209819349555,7082.36326123818
185.069454003727,99.0345860873987,7082.36347703505
191.406750418338,252.154547242256,7082.36378251943
204.211648150139,132.684876974487,7082.36439976943
209.741507336797,1525.78838452655,7082.36466633193
227.315179318425,526.188648208858,7082.36551345693
236.893569581123,254.527815490846,7082.36597517568
252.19371092944,1379.25593168831,7082.36671270693
347.660602950014,90.3018215758777,7082.37131461318
356.594923489762,66.5545119016286,7082.37174528505
1.38865654656589,996.624671678603,7082.37197636317
19.6828957707805,769.564023617164,7082.37285822255
33.0952353002722,1815.1682379397,7082.3735047538
54.198163198167,1678.88303259645,7082.3745220038
176.968815812053,129.677060756173,7082.3804400663
187.820759254872,401.789657100693,7082.38096317568
193.867948735677,577.140446544888,7082.38125467568
201.020461727537,254.380155828571,7082.38159945692
207.027781764904,1517.09433904301,7082.38188903505
225.503864491152,377.087555625266,7082.38277966005
230.122885219882,1446.49270339414,7082.3830023163
277.808358217694,2341.66108725731,7082.38530095692
340.595597817181,68.8100618151388,7082.3883275663
343.435080045655,60.0232225034247,7082.3884644413
349.606415838831,135.556718627861,7082.38876192568
355.769972169507,773.460573366691,7082.38905903505
3.21680597069463,868.311145207912,7082.3894180038
17.1662484816516,57.6684498765356,7082.39009042568
22.4329044448419,2227.98091087384,7082.39034430067
52.7221707512983,1901.86888460175,7082.39183053505
77.1128689326715,1104.77704762246,7082.39300626943
164.750439855752,90.6133848510571,7082.39723076943
173.600483526567,144.415271408072,7082.3976573788
180.69691997465,362.660818042926,7082.39799945693
186.157412777895,216.210521708504,7082.39826267568
191.873005235572,1076.6638691706,7082.3985381913
205.326186565844,1103.68814087991,7082.3991866913
225.463820221124,1873.84241456812,7082.40015741005
255.068015195818,158.199009447912,7082.40158445693
274.066290380276,2527.38074912884,7082.4025002538
335.599425380424,65.1276671481682,7082.40546641005
339.573727984457,35.7442443699174,7082.40565798817
349.545302304401,327.371879604854,7082.40613866005
357.645605936925,229.530630613262,7082.4065291288
2.76121187740572,1206.24166211059,7082.40677572255
19.9776795894449,2043.29686503968,7082.4076056288
43.5285264176576,1690.30411889537,7082.4087408788
77.6781618998834,73.3051813694985,7082.41038703505
172.676344851858,26.6544269295066,7082.41496634755
187.799180642464,143.763279059073,7082.41569533193
193.364371290503,302.058461576493,7082.41596359755
202.302581448297,207.519515460497,7082.41639445692
208.897246451766,1369.63207442165,7082.41671234755
229.754150734814,462.649002441751,7082.41771773818
235.528412814965,1576.94635127825,7082.41799608193
2.61631010549316,767.608310248136,7082.4241222538
8.30467463309136,79.5731536218369,7082.42439645693
12.2180386047549,175.752926101502,7082.42458509755
20.8158999573113,201.641661701224,7082.42499955068
25.2877602059081,259.354121512345,7082.42521511317
39.3055966297304,98.7495987758713,7082.42589083193
43.221877899832,2038.58330216633,7082.42607961318
73.8591128169356,2726.94489211744,7082.42755645693
170.125026276438,242.739051081742,7082.43220386318
177.241235374104,94.7688455488205,7082.43254689443
182.939972405166,482.994866324304,7082.43282159755
188.671123636905,1445.6611463487,7082.43309786318
209.775672256154,1595.14246256265,7082.4341151913
222.566631935247,206.793915324965,7082.43473176943
240.201566693515,78.9806484102762,7082.43558184755
249.271702588446,1764.10230867674,7082.4360190663
344.765174288292,63.0013749503,7082.4406222538
358.566483961773,76.8097668801815,7082.44128753505
0.823159168467402,904.265773371549,7082.4413963163
13.3953231250576,549.38714688646,7082.44200234755
23.2375648242958,145.839396115122,7082.44247678505
33.0114126484039,1652.89693043746,7082.44294792568
48.3235472592731,371.667335796744,7082.44368603505
67.9804785456649,1805.86989806386,7082.44463358192
168.620349627581,20.3456331643315,7082.44948484755
179.004556396877,372.071540244434,7082.44998541005
184.796970405257,333.061772606058,7082.4502646288
187.429974280317,164.715782680069,7082.45039155068
193.340700041927,1460.55667560319,7082.45067647255
215.316217713401,562.9008925645,7082.45173578505
220.770875995241,432.07329381012,7082.45199872255
230.001137914731,348.283901718816,7082.45244366005
236.183170393377,1724.11362964198,7082.45274166005
356.46344155481,44.7065787168022,7082.45853967568
359.01573411018,109.056985664324,7082.45866270693
5.14525563202872,175.324768592056,7082.45895817568
11.5726633992442,922.69519802457,7082.4592680038
21.7455297265333,256.586446534257,7082.4597583788
29.330772074806,478.618089605476,7082.46012401943
37.3270261888124,70.7620212425653,7082.46050947255
42.4238319125225,328.974986141262,7082.46075516005
48.8577225274205,2060.8765805008,7082.46106530067
179.602587671303,134.303471122088,7082.4673677538
190.260694274067,250.809734092527,7082.46788151943
194.916018859256,1285.39012766993,7082.46810592568
216.971923668413,413.587830649931,7082.46916911318
222.099522871446,1468.76677487029,7082.46941628505
242.411220603992,2737.50755397373,7082.47039539442
346.288821150421,110.426674748698,7082.47541314443
352.555130498,109.40101602408,7082.47571520693
358.018216417677,56.6411431646152,7082.47597855068
3.27061022162411,1207.23808727519,7082.47623173818
15.4557488243806,980.813985584916,7082.47681911318
22.887347958042,223.39100014257,7082.47717734755
35.0475276406158,76.9930091903959,7082.47776351942
43.2457221637144,2935.89574873465,7082.47815870693
85.6055453561213,264.092220314538,7082.4802006288
175.973038536553,35.7442443699174,7082.48455672255
180.794971993984,184.921467027976,7082.48478916005
190.747421915151,298.806368537186,7082.48526891005
195.798847742818,331.251664986709,7082.48551241005
202.849580263792,1562.3906612916,7082.48585228505
226.277901463253,144.675244007075,7082.4869816288
229.896944663324,1244.51338123777,7082.48715608192
255.337862357993,2618.97503683883,7082.4883824413
342.927460268598,69.5569019049103,7082.4926046288
347.95846523361,711.09007571124,7082.49284714443
1.14714687653549,70.7620212425653,7082.49348289443
8.6357949490516,1069.9416908011,7082.4938438788
23.302887366423,2304.39090032064,7082.49455089443
37.4798774197267,174.572994948718,7082.49523428505
53.9517914018084,85.1067133433858,7082.49602830068
58.5105216735056,1884.08200152423,7082.49624805067
173.205181324244,28.1333602247802,7082.5017768163
185.553687432003,382.430948020485,7082.5023720663
190.895220193476,98.8446824390365,7082.50262955068
196.279863841096,299.308994256009,7082.50288911318
208.485423381978,1630.92572780243,7082.50347747255
222.008943566211,1402.59814873644,7082.50412936318
249.194068262021,316.635467845217,7082.50543980068
359.203906387595,73.1769089767909,7082.51074273818
1.13741228446946,94.3714897894132,7082.5108359413
7.86465123814729,555.373691479844,7082.51116022255
23.7767723284774,918.122522453046,7082.5119272538
28.7050242765857,738.465566474389,7082.5121648163
46.7133704047806,1849.29593860517,7082.51303289443
184.105615995286,53.043854031376,7082.51967586317
188.210223690572,283.578660553729,7082.51987372255
194.765991683416,273.459588306935,7082.52018973818
202.876667819402,417.20632504294,7082.52058070693
207.022765641746,181.537535004495,7082.5207805663
211.734490877248,1853.19326551081,7082.5210076913
244.574917573701,890.868490088792,7082.52259073817
262.602712244944,1002.63941593681,7082.5234597538
345.022572574651,56.2249621860467,7082.52743273818
351.676555489136,119.497398087809,7082.52775348818
0.403749386927874,166.756386477118,7082.52817417568
4.08211053574956,872.455885314594,7082.52835148817
17.5323746807891,1112.91043047856,7082.52899984755
28.7995437648633,978.973124787785,7082.52954297255
40.2193835930011,94.0723679510036,7082.53009345693
58.4844500592467,1983.57330560839,7082.53097391005
173.199206428369,72.5321677719215,7082.53650364443
187.792394518005,371.262687259843,7082.53720709755
190.92911474104,164.715782680069,7082.53735830067
196.339689741655,779.26881614232,7082.53761911318
212.761685845636,703.866409601517,7082.53841072255
217.480542255098,1388.81317557349,7082.5386381913
231.648132162281,1967.74840865999,7082.5393211288
3.87108389860296,374.888758924996,7082.54569483193
9.59769711054973,125.029736564031,7082.5459708788
16.9579849951728,1391.40821087125,7082.54632567567
33.3128838388426,1189.17364844151,7082.54711405068
42.9308194384432,311.852155210346,7082.54757767568
63.4652026247424,152.760970539845,7082.54856751943
88.7359458224553,3163.02983804917,7082.54978567568
164.559196320804,55.4256120166574,7082.55344067568
170.17300819439,347.852052717812,7082.55371128505
177.453881411878,181.64100779039,7082.5540622538
186.376208613603,1440.66181206881,7082.55449234755
199.511316868772,1339.44855207346,7082.55514191005
215.548556704286,901.60223731317,7082.55591497255
241.109730980076,3199.31836578746,7082.5571471288
350.06578411858,129.096192069689,7082.56239926943
6.44434526761339,1207.23808727519,7082.56318878505
15.0195166344134,872.455885314594,7082.56360214442
25.1440859181618,1067.69160179709,7082.5640901913
45.6188269737044,92.2573059614074,7082.56507716005
57.1106263016873,2877.98296305652,7082.56563111318
177.425904817965,57.095432548504,7082.5714308163
181.538615969084,346.336348489018,7082.5716290663
195.461802945039,277.416062344216,7082.57230022255
200.070451132572,1539.12804723433,7082.5725223788
214.833165392888,1081.67808043902,7082.5732340038
235.509198531246,92.409913055036,7082.57423067567
239.425803945618,1690.30411889537,7082.57441947255
354.849458514517,133.038427496679,7082.5799833788
1.44509587532779,70.4293359743424,7082.5803013163
6.97009289792305,20.5752116733127,7082.58056764443
8.43975185252525,1088.88009719976,7082.58063848818
31.3154112964584,1537.56463117105,7082.5817411913
46.8910731995968,1258.92340996359,7082.5824920038
179.072210626856,49.70665198889,7082.5888636913
193.878359879854,306.504349678605,7082.58957741005
198.665610164446,377.485959157653,7082.58980817567
206.257659504672,96.2931054337979,7082.59017414443
209.195032510516,1372.26352503461,7082.59031573818
232.764355411228,581.292569634684,7082.5914518788
239.687051888581,1592.1242102479,7082.59178558193
351.767333620467,93.3203792019555,7082.59719901943
1.26792986191465,73.6248700894393,7082.59765698818
8.59904498856877,893.564000570279,7082.5980103788
25.2998031278157,1498.75289956469,7082.59881542568
36.4600053949351,977.743996877223,7082.59935339443
68.4897534207268,333.738064961508,7082.60089736317
90.0665766955557,84.2190067684712,7082.60193745693
175.510680054208,45.3843837511236,7082.60605622255
181.036649471881,86.2579729865587,7082.60632259755
190.869815169269,167.879349310951,7082.60679659755
195.549450423834,183.391066221894,7082.60702217568
199.026843671846,367.396307821011,7082.60718980068
207.479489485364,324.141935514888,7082.6075972538
214.209645699745,377.485959157653,7082.60792167568
227.755855794264,319.706233709027,7082.60857466005
231.253994162408,1470.40335463089,7082.60874328505
256.244678823242,2801.76504219298,7082.6099479413
343.707537305044,507.873187949315,7082.61416401943
349.704160656942,30.9933329001311,7082.61445308193
352.750445307631,626.589613528239,7082.61459992568
6.07494241894479,251.557746855369,7082.61524222255
17.8296207506549,1470.40335463089,7082.61580884755
29.0050576853005,2376.32402644294,7082.61634755068
56.8776871722134,1289.12680530391,7082.6176911288
180.003923334332,43.8043906703101,7082.62362633193
184.36914102345,318.292614487348,7082.6238367538
191.101890391998,266.782040903024,7082.62416130068
196.192213230291,199.392807820331,7082.62440667568
203.814407761299,44.7853074070359,7082.62477409755
208.941034493785,1527.36379099849,7082.62502122255
227.500745800423,468.139582654459,7082.6259158788
241.365263153905,1834.93487071473,7082.62658420693
350.464262821552,24.0122245004359,7082.63184323818
354.518628456732,505.499919700725,7082.63203867567
12.5143331093028,574.530145680541,7082.63290614443
17.8046514533274,1387.94697956968,7082.63316116005
34.6888738536964,1238.70236290458,7082.63397505068
62.346597273887,166.078970020855,7082.63530826943
77.573806727281,1954.25786664316,7082.63604228505
172.061384114604,219.487927832773,7082.6406283788
180.690687197291,73.0484145394783,7082.64104434755
185.104850256227,226.564572658461,7082.6412571288
192.153637911576,1383.60822798944,7082.64159691005
208.405783776077,360.999147241969,7082.64238033193
217.739446963277,1543.02937094286,7082.6428302538
243.021211028465,1690.30411889537,7082.6440489413
348.153687441374,63.2989008431117,7082.64911676943
359.348897025603,694.839352721743,7082.64965642568
5.12413153856651,42.3042642583304,7082.6499348163
18.0560928811765,1312.23965027516,7082.6505581913
34.8560384126122,1593.63400253909,7082.65136801943
45.1336025092249,534.970845400551,7082.6518634413
93.7973354827527,3169.10675479676,7082.65420923818
169.246526360368,288.309653928565,7082.65784620693
173.733945458497,97.6013020403954,7082.65806251943
182.716887223791,1060.34558911006,7082.65849553505
191.592862247602,1560.07995411045,7082.65892339443
212.296447422574,282.516537941646,7082.65992139442
216.83443264961,1673.14317955913,7082.66014014442
232.721594857493,1473.67085201466,7082.66090597255
356.583957073996,74.1335118292774,7082.66687666005
3.29336828145117,126.597801686223,7082.66720008193
15.839276740775,482.994866324304,7082.66780484755
21.8161274430898,1236.75925056688,7082.66809295693
36.3613425579861,26.6544269295066,7082.66879409755
43.7235753082345,1770.90564434934,7082.66914898818
180.933772797145,41.9698373277377,7082.67576309755
185.767051266321,196.354252302022,7082.67599608193
196.022573703454,192.683771715885,7082.6764904413
198.752820142812,880.686801263408,7082.67662205068
216.720972683298,1676.01554856844,7082.6774881913
243.212133702093,358.492180385639,7082.67878166005
0.331698115387029,59.1958218554289,7082.6844273163
2.02533906309112,71.4227496589892,7082.68450895693
4.60777680924346,127.337709820985,7082.6846334413
18.6638618796793,925.947540864058,7082.6853110038
26.9061396840024,162.070967757444,7082.6857083163
31.1533697264256,802.081512318864,7082.68591305068
46.651561752584,900.267527192966,7082.6866601288
85.9699623828949,2227.98091087384,7082.6885554413
170.806299875055,57.7904980814115,7082.69264491005
172.837696549299,846.573644519566,7082.69274283193
189.81105786946,346.119272132128,7082.69356101943
193.050855215933,331.478455795065,7082.6937171913
200.358632143759,2066.70303093404,7082.69406945693
223.681283141083,853.646264786789,7082.69519370693
232.589024001559,1175.95455595421,7082.69562309755
348.476201330724,24.9005312896733,7082.70120934755
2.43796117303434,431.028407410494,7082.70188236318
8.2757550397222,426.470830872105,7082.70216376943
20.4501970324798,978.35883838826,7082.7027506288
39.3129809305547,1480.99654762035,7082.70365989443
49.6793599536282,87.3403016576901,7082.70415959755
75.1329191616563,1824.419393337,7082.7053865663
169.504211886097,149.025430884464,7082.70993566005
178.011961735109,145.193801426302,7082.71034576942
188.332960899875,1189.17364844151,7082.71084328505
201.426344881862,1366.99562780507,7082.7114744413
224.600863079445,2277.09406885879,7082.71259155068
263.737420169988,2010.0703324033,7082.71447809755
345.615639536173,117.834880741796,7082.71842497255
350.45086283324,90.7687675022473,7082.71865805068
358.010822079324,1042.04267437069,7082.71902247255
7.72389753179024,687.882084626779,7082.7195051913
17.3402124100364,1420.48806051065,7082.71996873818
40.9698256545774,1855.78707956324,7082.72110778505
56.1403103133879,975.281300163999,7082.7218390663
174.505551688182,46.8861512115115,7082.72754476942
186.373031395988,192.293320155912,7082.72811683193
189.942805044235,280.648199124656,7082.72828891005
198.116040647151,297.546098870782,7082.72868289443
203.337640934039,521.021337185346,7082.72893459755
211.930315978262,1441.49614467182,7082.72934880068
227.298527132908,1175.95455595421,7082.73008961318
256.483930917103,945.226785731279,7082.73149647255
346.092608132864,90.7687675022473,7082.73581598818
350.808871350423,81.4978917684783,7082.73604333193
1.4180325456342,793.035193069613,7082.73655473818
9.78153932615578,131.189586971558,7082.73695789443
17.5602943324778,1087.77531426796,7082.73733286318
34.9958818735557,71.5541584317414,7082.73817333193
37.8298536494245,1294.71144916238,7082.7383099413
72.3227553485305,2565.16119456762,7082.73997264443
169.264492556571,123.593857370707,7082.74464564443
179.476904183027,174.141950859408,7082.74513792568
186.448546067932,1259.87831278707,7082.74547398818
201.880613153387,376.289471804014,7082.7462178788
206.110015411851,1245.47916424689,7082.7464217538
224.342667677419,2698.5753631692,7082.74730064443
248.321057515975,129.314323138452,7082.7484565038
353.808793332847,41.9138404539332,7082.75354145692
3.79851958101959,744.546924114076,7082.7540230038
12.0605699594561,155.201407281425,7082.75442126942
16.9512215117578,446.445436175225,7082.75465701943
30.0313156918442,1236.75925056688,7082.75528753505
47.4069369956295,2318.9561382253,7082.75612511318
177.524630898895,96.4393356839288,7082.7624363163
188.053404918689,64.0733438528329,7082.76294384755
191.372941114303,485.478102163484,7082.76310386318
197.048664090807,956.607904001316,7082.76337745693
214.77954483629,1677.44995671626,7082.76423216005
238.160865456088,609.072792201459,7082.76535923817
251.651323188837,1739.38996539391,7082.76600953505
347.665366550068,101.192866586164,7082.7706378163
353.282419904098,39.9338825896045,7082.77090858193
359.185366240943,940.124311732404,7082.7711931288
5.46204809198469,473.566574843431,7082.7714956913
22.5060724103767,991.786652804194,7082.77231728505
34.2150467017729,1918.23734674301,7082.77288170693
59.4290651049021,64.1832142989074,7082.7740971288
66.3543547364217,2240.89680145312,7082.77443095693
166.221795869759,50.6891854878955,7082.77924498818
172.792150241587,268.746802589703,7082.77956170693
183.898544937091,507.280939476829,7082.78009708193
192.033855848989,712.357284271548,7082.78048923817
197.08301274223,1348.39617249582,7082.7807326288
214.024284081454,1252.21943925169,7082.78154926943
228.707907743435,2281.31513679841,7082.78225708193
356.507944563243,64.5117015363184,7082.78841758193
358.736419482516,97.0704627789587,7082.7885250038
12.8534432607924,888.841444890431,7082.7892055038
20.6548881396659,970.336810901529,7082.7895815663
35.7595720397781,1267.49089002232,7082.79030967568
68.0593302432565,256.293375411332,7082.79186666005
82.034379962938,21.9423732655821,7082.7925403163
184.97760261147,146.225392905208,7082.79750261318
194.104139232184,200.707686581758,7082.79794255068
201.440440667172,89.3606091900701,7082.7982961913
204.127576182648,921.391019037543,7082.79842572255
219.537277502087,1256.05470469026,7082.79916853505
242.351349987373,244.435999219306,7082.80026826943
267.115538518179,1688.8807019555,7082.80148664443
347.73381868815,113.613521368627,7082.80537278505
352.506806738028,57.7091603670699,7082.80560286318
356.482730101151,184.921467027976,7082.80579451943
2.68810074088973,1078.8954174501,7082.80609364443
12.597115669374,218.286194675343,7082.80657130068
23.8795193455044,72.5321677719215,7082.80711516005
26.4392672191053,191.313714870134,7082.80723855068
33.2728246634612,2657.26352033369,7082.80756795692
73.2265433100837,1654.35132259972,7082.80949389443
181.337558749358,389.055343497091,7082.81470530068
184.858386990053,36.6525906847492,7082.81487501943
190.797961403097,165.398791884819,7082.81516133193
193.479910685709,478.303952000658,7082.81529061318
208.58232553819,1729.68417366803,7082.81601861318
224.197856884766,1668.82530017176,7082.81677134755
250.299051440459,211.465789323739,7082.81802953505
350.896784031306,31.9816395588646,7082.82287876943
355.406893077456,56.7240074356157,7082.82309617568
359.123502986096,120.515070145544,7082.82327533193
9.71062255956308,444.75881311179,7082.82378567568
19.4014900163511,1248.37229442676,7082.8242528163
41.8184888263465,1453.12806232312,7082.82533341005
71.9922009454493,105.37689471013,7082.82678791005
83.6506091456735,1539.90908913215,7082.82734989443
171.999995453762,208.60316252147,7082.83160870693
179.284758327031,74.7015921342964,7082.83195986318
181.402052591563,184.412735082518,7082.83206192568
189.751621319377,1257.01171693748,7082.83246441005
201.437257411945,720.748072335908,7082.83302770693
216.148109004005,307.727926474044,7082.83373683193
222.503233164839,1889.18103383173,7082.83404317568
254.968951989753,1619.08586537862,7082.83560816005
347.28356501323,87.9298925338112,7082.84005811318
352.11457439704,769.954544566076,7082.84029098818
1.36104349233937,40.0220030727372,7082.84073670693
10.0901822180215,1055.22990345719,7082.84115748818
24.5478790590108,1613.13329360979,7082.84185441005
41.7809800135602,1199.24303820795,7082.84272766005
59.7322772406356,40.517741939361,7082.84359298818
68.460767677776,1739.38996539391,7082.84401373818
172.985154079922,35.6125892664316,7082.8490522538
177.556201758443,283.843559767405,7082.84927259755
186.112248801936,299.810759551988,7082.84968503505
193.972687523024,93.772302423023,7082.8500639413
198.380043627741,1380.12756778494,7082.85027639443
213.289269966444,970.336810901529,7082.85099508193
232.242489436864,1456.43441751275,7082.85190870693
254.333725745137,196.736640867279,7082.85297359755
351.002859696794,99.41330397778,7082.85763345693
359.754688408232,115.905667008587,7082.85805533193
5.4355976176,94.9668954586258,7082.85832917568
16.7111943772471,1120.44840072656,7082.85887270693
25.7933234969957,693.540169738327,7082.8593105038
36.3143181674931,1254.13857077206,7082.85981766005
61.496894802757,61.8349260683715,7082.8610315663
72.2684510324232,1397.44482652304,7082.86155080068
183.178755074727,457.092447225804,7082.86689714442
187.402971100328,103.850261723437,7082.86710076943
193.394408181628,326.912413806113,7082.86738958193
199.336251566832,58.1954831546661,7082.8676760038
206.271913701815,1581.51491902458,7082.86801033193
222.346753970871,1359.94016048357,7082.86878520693
237.962285355182,229.694291364879,7082.8695379413
353.219979264911,34.9804595012326,7082.87509384755
355.804361838954,62.8146978876032,7082.87521842568
5.82455738444398,515.802289768885,7082.8757014413
17.1941552279458,724.492243975305,7082.8762495038
23.4906097663065,601.123761878597,7082.87655301943
39.2195907397852,1878.96920245123,7082.87731122255
65.4177036777708,52.6884473550648,7082.87857408193
76.7334939873918,1473.67085201466,7082.87911955067
173.397798000737,39.6683415282428,7082.88382245693
175.197109150577,295.264090954817,7082.8839091913
180.954515804112,189.834842290182,7082.88418672255
195.284176639215,200.145219841907,7082.88487747255
198.38426886152,1543.02937094286,7082.88502691005
214.239341012995,1533.64931865241,7082.8857911913
237.886782041494,320.645149320953,7082.88693109755
254.461124896209,2090.9978193373,7082.88773005068
348.561435047885,157.365426245448,7082.89226608193
355.168741564713,41.6609212405827,7082.89258458193
0.724532028896805,88.3562251141612,7082.89285239443
4.4343349833188,1137.49043517686,7082.89303122255
12.6448468377708,666.574739849324,7082.8934270038
28.0522791850484,294.499480357757,7082.89416970693
36.9246885841437,2116.15014400479,7082.89459739443
70.9592537181127,200.332889166432,7082.8962380038
85.9209910136126,108.278927490879,7082.89695922255
178.125719959433,48.2440164206732,7082.9014038788
183.70290383229,206.248046419333,7082.90167272255
196.088362122784,227.227042737255,7082.9022697538
201.729401888714,1300.27222322582,7082.90254167568
215.245466792451,217.250828438154,7082.90319320693
225.91102867571,365.139168900797,7082.90370733193
235.05053091632,306.994346610523,7082.90414789443
258.042233141322,365.756119835581,7082.9052561913
259.649976461003,1746.28955740275,7082.9053336913
339.545744598232,23.4806132870524,7082.9091850038
349.482635669866,192.097796003488,7082.9096640038
359.871380458955,509.940700776923,7082.91016478505
7.19277133295314,1275.05805913586,7082.91051770693
15.7621082160825,604.116923152986,7082.91093078505
37.4400636732553,92.6637239162531,7082.9119757538
39.4753500410151,1884.08200152423,7082.91207386318
65.0034618653203,1681.74563164314,7082.91330442568
176.850859900554,283.843559767405,7082.9186959413
181.756746082647,304.53639610073,7082.91893242568
190.685232025519,311.128345309442,7082.9193628163
197.654604938263,1171.85716685952,7082.91969876943
205.577927157347,1387.94697956968,7082.92008070693
230.844780661544,658.406773546005,7082.92129867568
239.109748376153,1871.27380257834,7082.92169708193
355.947154786352,118.470969145967,7082.92736934755
0.832295923783493,134.722524802733,7082.92760483193
7.28044877339514,168.326436122967,7082.92791566005
15.4770225751394,127.853103104592,7082.92831076943
18.0176460122283,1353.73645626657,7082.92843323818
39.6534630915372,1389.67870544349,7082.92947617568
58.4838328266694,1807.20127751499,7082.9303838788
174.95641018084,62.8146978876032,7082.93599834755
186.014831977074,1011.59436383114,7082.93653141005
200.074806816495,266.218047606515,7082.93720916005
203.899031792897,447.790166058226,7082.9373935038
215.006398958948,89.9369675955164,7082.93792892568
217.578464126167,1587.58595159014,7082.93805291005
235.46979504048,1740.77197101496,7082.93891534755
356.731243476067,134.861927181262,7082.94476066005
3.76803786886331,786.946563469115,7082.94509986318
9.60615584208702,60.8779693322958,7082.94538128505
22.7744166223574,1530.50971896107,7082.94601605068
39.933511175801,204.417940907753,7082.9468431913
44.3982404013785,1599.65918289373,7082.94705841005
184.285849190844,48.6319179371364,7082.95380158193
191.330098864136,302.307151534009,7082.95414114443
196.045713793153,214.114725949344,7082.95436845693
208.154354989477,248.854353790406,7082.95495214443
211.36627611733,1403.45524091146,7082.95510697255
223.637312348109,1215.18051177105,7082.95569848818
247.184593627077,884.093742659076,7082.9568335663
342.010333147669,33.6631937603027,7082.9614045663
358.094897669382,225.400559328293,7082.96217991005
2.68733871884011,150.655543595946,7082.96240128505
12.9065573372499,226.896029742463,7082.96289389443
17.6283309696788,1111.82951734179,7082.9631215038
32.3476102373117,1141.71128107188,7082.96383103505
50.3154386335268,1335.852650719,7082.96469716005
65.8565997751656,72.0774134821411,7082.96548695693
177.535768179068,41.1218732676577,7082.97087036318
182.328528840794,157.8422947901,7082.97110139443
190.742925932229,248.703307947906,7082.9715070038
197.222844693977,164.373223365821,7082.97181936318
206.259593993152,1406.02340881202,7082.97225497255
222.082251981685,1199.24303820795,7082.9730176913
236.54578334408,84.7194814301844,7082.97371489443
0.195184397221491,128.585794789693,7082.9796753163
3.94420850653973,94.9668954586258,7082.97985603505
7.65919769382577,80.8032876720155,7082.98003511318
16.2619211349755,80.3953431605109,7082.98044980068
20.2832243186714,799.829591446866,7082.98064364443
27.139147604513,1194.21905697692,7082.9809741288
61.5659243251798,1058.6431731241,7082.98263364443
173.745567709818,127.558852369702,7082.98804117568
185.826008505516,279.306022754611,7082.9886235038
195.524979569076,220.000961892453,7082.98909103505
201.733591651524,506.984509929254,7082.9893903163
207.373334878105,459.061261226523,7082.98966217568
215.001688037055,35.6455490124752,7082.99002989442
219.895905138601,1362.59026284336,7082.9902658163
245.451568999521,1664.49642957645,7082.99149770693
352.504909758209,102.667520318622,7082.9966581288
1.24344859227699,845.863157294957,7082.99707936317
7.35968031222432,50.4569858117421,7082.9973741913
14.2172242816854,1113.99045543692,7082.9977047538
29.184796136326,145.323142408671,7082.9984262538
42.4282577836801,1911.95836940494,7082.99906464443
60.3124575995036,1787.12800114056,7082.99992673818
174.55072555073,73.6248700894393,7083.0054335038
180.229689932208,132.755653692307,7083.0057072538
194.160980477201,1173.9076377637,7083.00637880068
202.237615955424,1232.86392206268,7083.00680123818
217.004544053526,440.684627678323,7083.0075130663
230.430497529189,2143.25246439273,7083.0081602538
271.955979707835,1994.45571169576,7083.01016195693
341.991354179861,125.778873427684,7083.01353795693
347.958480629519,60.4909455859115,7083.01382559755
356.366718979807,176.180015021288,7083.01423091005
1.13549322963354,1239.6726978281,7083.01446078505
9.88732186560219,40.1392009907742,7083.01488266005
15.0479835201204,1395.72264856724,7083.01513142568
35.9736058225697,890.193363467517,7083.0161401288
51.4860601211769,2339.60628648333,7083.01688789443
175.564300761746,31.7790481429991,7083.02286898818
183.289572378458,219.659068712019,7083.0232413788
193.857891735153,277.416062344216,7083.0237508163
201.901146391087,819.874834689927,7083.02413853505
209.036804069537,1592.1242102479,7083.0244825038
234.559405441237,1421.33438352232,7083.02571280068
353.342465611453,23.0005944845679,7083.03143864443
357.930368678854,133.038427496679,7083.03165980068
9.98131261004705,1007.42536535137,7083.03224070693
19.970714713949,823.533297111823,7083.03272223818
27.3011815520614,159.264323951191,7083.03307559755
37.9210394327416,1281.64268087261,7083.03358751943
60.13058745651,2270.74847813924,7083.03465811317
176.744814838209,147.504716774272,7083.04027941005
183.359900742068,270.141464753237,7083.04059828505
192.57039012518,1029.85464600636,7083.04104226943
199.232476570966,358.072627104633,7083.04136341005
208.889633287728,1345.71809251582,7083.04182892568
226.835744206469,302.555674958072,7083.0426940038
246.361722264006,2763.73790519813,7083.04363523818
346.993502870955,71.8162682100676,7083.04851833193
352.244275953548,135.140260093536,7083.0487714413
358.834727081495,109.056985664324,7083.0490891288
4.51822944502972,1132.19233988104,7083.04936309755
16.7938036201312,1012.18855519392,7083.04995483192
28.2661544805364,700.441260548246,7083.05050784755
42.4489790552457,2310.64434252914,7083.05119151943
179.157080917536,37.7261902273496,7083.05778142568
191.636864473891,235.510250190529,7083.0583830038
195.467896404511,291.162982613002,7083.05856767567
204.196386879387,862.753923858151,7083.05898842568
221.038146719886,1905.65851987401,7083.05980026943
238.918456804459,350.43512536248,7083.06066217568
351.75610800249,39.1618508455149,7083.06610142567
1.41456133407026,127.632474034023,7083.0665670038
3.79441045805866,105.466003985644,7083.06668172255
10.9303922430441,181.744411187346,7083.06702570693
18.3227701840742,1153.23861571426,7083.06738205068
31.8667112686975,866.925198295121,7083.06803492568
39.788412804162,137.961017609989,7083.06841678505
56.8068298383594,1070.50335262926,7083.06923714443
178.656919741661,46.3318619581266,7083.07511083193
188.883593640566,153.129522950657,7083.07560380068
192.443967218163,132.188329726723,7083.07577542568
204.185031603701,957.86412135368,7083.07634139443
217.584081255822,1080.56585901295,7083.07698728505
239.356361978855,1475.30188066014,7083.07803680067
353.666913611933,22.8340592961507,7083.08354705068
355.976423919695,91.2333264491139,7083.0836583788
359.378292118618,620.321183308903,7083.08382236317
14.3747126246919,877.951711331093,7083.0845452538
23.7119414366068,1319.55024684771,7083.08499534755
42.0567467519933,1225.03618360525,7083.08587964443
83.828900871763,2323.10082282083,7083.08789323818
168.41856144177,146.994319494276,7083.09202186318
176.422270798537,196.162780463638,7083.09240767567
183.288242481305,1029.85464600636,7083.09273864443
200.644739461784,1951.79516992994,7083.09357530068
217.278724371785,493.46249308968,7083.0943771288
224.776124264145,941.402511500655,7083.09473853505
254.707702461916,2135.38320359419,7083.09618136318
339.903837302361,20.3744729421196,7083.10028817568
344.328372902495,115.010626022816,7083.10050145693
355.483388899015,262.09256986931,7083.10103917568
359.431436081253,196.162780463638,7083.10122948818
6.05592213123227,30.187179145269,7083.1015488163
10.0814391527147,1487.47791861581,7083.10174286318
34.6244840093507,957.86412135368,7083.1029259413
43.3545952055806,1859.67075072568,7083.10334676943
75.406709072858,2029.12375790731,7083.1048918163
165.702891041987,47.6316035225022,7083.10924447255
172.912777192443,321.814963566425,7083.10959201943
177.02872978627,204.417940907753,7083.10979042568
186.505663646883,322.048443468503,7083.1102472538
193.399187366267,1639.74966937985,7083.11057955068
212.00103712624,1466.30863007147,7083.11147623817
224.338846586265,914.84231301564,7083.11207097255
265.85654937788,2116.15014400479,7083.11407230068
343.506663062684,93.9724548176812,7083.11781536318
353.23934486627,53.043854031376,7083.11828451943
356.119993039795,905.594599309723,7083.1184233788
7.66268264095608,355.756368808358,7083.11897978505
17.1334578358928,671.517397243804,7083.1194363163
32.7347269100204,2095.59325448083,7083.12018836317
55.2885135834816,1463.02447934232,7083.12127555068
188.268012236844,145.581491306501,7083.12768572255
194.726537703124,211.288014861921,7083.12799705068
200.155588738504,1013.96901985851,7083.1282587538
218.752252227878,1725.5078477163,7083.1291551913
237.357866853747,355.756368808358,7083.13008966005
265.169557670555,1975.06810906134,7083.13143030068
340.51729210835,93.0178850611085,7083.1350623788
353.408735756715,893.564000570279,7083.13568380068
2.53332751180396,45.8989617146965,7083.13612364443
8.09495257286358,69.4217114349804,7083.13639173818
15.5440553084774,1458.90910463464,7083.1367508163
29.2277015172693,771.514685471431,7083.13741042568
39.2440073692441,879.3203387647,7083.1378932538
70.6455686658888,36.1038178520179,7083.1394069413
75.4078599925625,2392.4622283289,7083.1396365038
167.729928258801,38.0670495125912,7083.1440868163
176.582889190318,204.785285951026,7083.1445135663
181.656680821736,138.165145990854,7083.14475814443
188.971588885786,236.624525529194,7083.1451107538
194.450881905803,49.753881570247,7083.1453748788
201.920081435271,1736.62229041582,7083.14573492567
222.522858572171,1187.14960084532,7083.1467280663
244.494810694401,1941.91240865393,7083.14778720693
348.804939393836,75.8869148076435,7083.15281539443
352.79058697188,70.0280250454099,7083.15300751943
355.708835616683,78.4435572054321,7083.1531481913
5.1277481056289,1094.93714095521,7083.15360222255
19.0626042376014,759.735163669006,7083.1542739413
24.8524250918143,778.110686994182,7083.15455303505
43.3116524669157,1766.82679597917,7083.15544284755
61.7216102901939,44.4695461010447,7083.15633028505
179.043439219116,37.7883939417512,7083.1619856913
187.936917882613,228.381730194016,7083.16241439443
199.641678336223,261.374727417163,7083.16297861317
202.703197692173,177.349246399672,7083.1631261913
207.673263949345,1311.32293912373,7083.16336576943
230.171622329836,478.303952000658,7083.16445028505
235.892401020377,1168.77463263165,7083.16472605068
353.291699826278,65.2717532800828,7083.1703851913
2.75520317090632,57.6277081609788,7083.17087772255
5.50846366482153,728.62987865463,7083.1710104413
15.9510159877914,178.616052504132,7083.1715138163
25.7063876639292,244.589709597065,7083.1719840663
32.3717155901594,1100.96098904222,7083.17230536318
51.2999761403969,1959.17437828541,7083.17321778505
86.0949779226563,850.824299902797,7083.17489505068
179.107468202965,393.091059702755,7083.17937864443
186.972120799575,119.418752664302,7083.1797577538
193.175222504888,1374.88986862166,7083.18005676943
207.364529889545,473.566574843431,7083.1807407538
216.531260060233,1099.32141167945,7083.1811826288
231.171772873802,1663.05091919838,7083.18188836318
355.186805872104,71.6197795513906,7083.18786641005
4.77816183016795,142.186304397107,7083.1883287538
10.005272494191,92.6637239162531,7083.18858072255
12.2434717038557,926.596632755405,7083.18868861318
32.4235678435349,1170.83054362865,7083.1896613788
46.639454907464,1784.43448906052,7083.19034664443
68.2295679841938,1037.99591144593,7083.1913873788
169.628254993046,40.9788418476165,7083.19627522255
172.964646539806,67.9859571417474,7083.19643605068
177.00183267957,283.843559767405,7083.19663066005
188.880657323651,1126.86937558948,7083.19720326942
203.438189845371,1165.6839937757,7083.1979050038
221.174581043459,391.942256428024,7083.19875997255
231.961047758646,65.8449544888029,7083.19927992568
237.127219828034,2033.85908115195,7083.19952895693
356.603295166488,134.722524802733,7083.20528820693
359.829154384783,55.3832257832454,7083.20544370693
10.517082034058,425.058654940358,7083.20595891005
18.1101038070969,137.620123630278,7083.20632492568
22.47726628637,1482.61958266005,7083.2065354413
43.3390327334814,1145.91647282225,7083.2075410663
60.3263321440846,99.5077631404939,7083.20835992567
179.314542506376,37.9743909928454,7083.21414684755
191.292230436111,166.305094695396,7083.21472422255
197.029540333526,186.640758403911,7083.21500078505
199.847953297598,220.512788584593,7083.21513664443
210.258091457625,480.185780027398,7083.21563845693
218.574921802755,1400.02387460925,7083.21603936317
240.373133916519,1478.55860888058,7083.2170901288
359.592813098928,542.781042334184,7083.22283701943
5.03353325258972,38.8608346890695,7083.22309928505
12.8592887631041,1053.51927182085,7083.22347651942
27.4388629065685,1417.09799450496,7083.2241793163
40.0097303238102,657.492893463285,7083.22478528505
60.9441045215734,1705.88332348842,7083.22579441005
179.485030770458,95.1645429125847,7083.23150858193
181.675256929913,69.7592053566787,7083.23161416005
186.023619192415,1074.4277689767,7083.23182376943
202.848847750569,413.951123379164,7083.2326348163
206.32559271004,890.868490088792,7083.23280241005
221.225094833821,996.021265464719,7083.2335206288
238.968941274669,2236.59979425861,7083.23437595693
0.736050886120623,112.115254580214,7083.24024564443
3.95672379608213,569.273517214697,7083.24040089442
20.077268067717,859.961823973521,7083.24117797255
27.5234535803629,117.834880741796,7083.24153691005
36.8208129111048,2143.25246439273,7083.24198508193
67.3565914261236,1008.0219992048,7083.24345703505
170.24600657851,61.68281163621,7083.24841673818
183.120918982265,306.994346610523,7083.24903736318
189.650107295836,320.8794618903,7083.24935209755
196.907966421032,258.046806145273,7083.24970195693
202.298120445787,526.759635910423,7083.24996178505
208.932330748423,1510.73997756157,7083.25028158193
230.301703237025,493.157792380572,7083.25131167568
235.202727255054,1468.76677487029,7083.25154792567
267.922090745482,328.05991256879,7083.25317078505
346.456139102405,23.5804240716897,7083.25695645693
350.072265041773,88.6216378059856,7083.25713076943
1.28206100498723,174.357597804153,7083.2576711288
8.10945978366647,551.026280160016,7083.25800023817
18.8907403037242,1290.05928162229,7083.2585199413
44.7164143045956,1514.71457598973,7083.25976484755
73.6638980052459,2158.90483268311,7083.26116023818
172.109977340727,48.3169858289667,7083.2659057538
176.473898377292,333.512772954236,7083.26611611317
184.695431061484,230.184565852554,7083.26651242567
190.823655968513,530.172794555028,7083.26680783192
196.082208475872,1473.67085201466,7083.2670613163
213.911952469273,1418.79397119737,7083.26792078505
234.656379595966,1762.73851071329,7083.2689207538
261.141682131585,24.6873996939678,7083.27019745693
357.011482424326,44.1781125570806,7083.27481878505
358.035446364885,44.6540131260331,7083.27486814443
1.94492064303343,216.384243856282,7083.27505659755
12.545654162672,164.373223365821,7083.27556759755
17.0586804695252,920.738263410215,7083.27578514443
25.5223920182171,171.423361616796,7083.27623033193
34.0122775309478,1586.07038613923,7083.2766400038
49.2276263592299,94.7192602129832,7083.27737420693
59.9877200007247,1373.13949100104,7083.27789342568
178.877526433143,217.423745674239,7083.28363034755
186.0446619356,64.0733438528329,7083.2839761913
189.010730491061,443.743791711526,7083.2841193163
197.737318628877,1364.35418518488,7083.28454041005
212.370786958175,182.569584450398,7083.28524653505
219.337162379101,808.056177525884,7083.2855826913
228.721401774225,116.713375075683,7083.28603551943
239.977567150419,1614.62354597575,7083.28657867568
267.173760563173,2310.64434252914,7083.2878910038
339.197093452236,74.0066827265018,7083.29136642568
341.635357247431,25.0181524802384,7083.29148408193
351.037082181869,653.364917724275,7083.2919377538
1.30758023248735,1085.00808337908,7083.29243334755
8.13050928827238,118.232840184973,7083.29276258192
25.2582599682423,2444.17552863752,7083.2935890663
44.3093740036694,202.385733172328,7083.29450908192
48.8575616413236,338.877925720737,7083.29472855067
64.6946191456631,1002.63941593681,7083.2954927538
168.519646876915,58.8775625476323,7083.30050273818
182.072248803934,320.8794618903,7083.30115670693
188.902625393073,207.157041520745,7083.30148630068
193.947856192654,155.322421591109,7083.3017297538
209.184252422391,1409.4401201703,7083.30246497255
225.399839871577,192.878671367858,7083.3032474413
230.118349801497,996.624671678603,7083.3034751288
256.464227064615,494.679408546972,7083.30474642568
349.400286084559,36.1363300394046,7083.30923097255
0.571614123695241,115.092282926277,7083.30977003505
6.93570922463921,511.118425361445,7083.3100771288
15.6610021638469,302.058461576493,7083.31049816005
21.5562252662924,1169.80314324167,7083.3107826288
42.0739073402385,1338.55049266884,7083.3117726913
74.758622822555,42.9106090937825,7083.31334986318
88.7532206701637,2304.39090032064,7083.31402516005
161.114283862076,38.9212238827152,7083.3175168788
166.313970422292,21.1243540021444,7083.31776778505
176.623001489072,432.421043417008,7083.31826523818
182.342721429428,166.981581339876,7083.31854123818
192.52643932623,1413.69960182658,7083.31903264443
206.939719180226,1499.55503569998,7083.31972814443
221.376313061513,297.293412110378,7083.32042476942
234.748554652608,57.5053130114078,7083.32107003505
256.397617005411,2465.72784412535,7083.3221146913
343.657346199603,123.213217406715,7083.32632533193
352.611894155149,44.4166994850725,7083.32675742568
354.73897980324,927.245336068694,7083.3268600663
5.95790743727166,194.913626905269,7083.32740142568
17.160644730596,182.87805991779,7083.3279420038
21.0262480382729,275.240247260555,7083.32812853505
30.2301270974723,2214.98952512889,7083.32857266005
53.8974760781713,974.66457127382,7083.32971470693
70.7302389140481,249.457648981988,7083.33052695693
178.087067214959,65.8449544888029,7083.3357086913
187.405573820024,311.852155210346,7083.33615834755
194.279016714692,393.473281734558,7083.33649001942
202.366410637134,292.193658157913,7083.33688026943
210.026379783531,1379.25593168831,7083.33724989442
232.923069044132,1009.21415668864,7083.3383547538
276.451744040077,2318.9561382253,7083.3404551913
345.221144329255,115.336899753071,7083.34377359755
350.618352917938,185.631343629922,7083.34403403505
357.681222727263,213.411566196697,7083.34437484755
2.07916404687747,1207.23808727519,7083.3445870663
20.4982554829336,1234.81325164931,7083.34547586318
29.8057526925055,1960.40139677223,7083.34592498818
50.7343453173216,148.520251652684,7083.3469348788
69.8525351954425,1711.5132644463,7083.34785741005
177.277321018631,68.2273404439826,7083.35304109755
181.643529312677,477.045236646489,7083.35325178505
189.012396361588,296.53404731711,7083.35360736317
200.033478158077,1450.6432721717,7083.35413917568
216.408054657265,233.587676978786,7083.3549293163
220.635673760005,1417.94620489577,7083.3551333163
243.351031257455,2637.27706339978,7083.35622942568
349.8128162019,104.12128798043,7083.36136664443
354.82663778499,193.267943315867,7083.36160858193
1.96463069679071,21.0965411806541,7083.36195301943
4.51622676385155,987.53405453067,7083.36207614443
15.6687740273692,1602.66311333146,7083.36261430067
35.0997611356705,813.986877901129,7083.36355192568
48.0733967699968,261.230925779898,7083.36417795693
55.7718988948593,638.000430264185,7083.3645494413
178.001770575915,40.3725698705504,7083.37044753505
189.667875151144,235.829161754353,7083.37101047255
200.684747429645,353.212181725127,7083.37154208193
208.701551463587,462.973770432029,7083.37192892568
219.238218614414,457.42115650782,7083.37243736318
223.223954109158,985.705739253717,7083.3726296913
245.734342082483,1448.98448795061,7083.37371591005
347.193646464795,56.8480887364053,7083.3786132538
352.351885764862,67.2216518560198,7083.37886216005
2.36042430865025,743.738959307905,7083.37934511318
10.6246165917894,844.440350977749,7083.37974389443
18.7311150989269,173.709838180436,7083.3801350663
27.2061055072535,65.2357612374033,7083.38054401943
34.1799284615342,2331.3679875514,7083.38088053505
62.1218484840206,258.628646276904,7083.38222884755
75.389500535212,1083.89919262208,7083.3828690663
167.765050304398,102.667520318622,7083.3873265663
179.612810376461,333.061772606058,7083.38789826943
184.923562582707,42.2209038564159,7083.38815453505
187.437920945302,199.392807820331,7083.38827586318
196.974673208908,1264.64161365192,7083.38873605068
220.995295177317,1459.73322318582,7083.38989514443
241.129914017049,74.3233530275944,7083.39086672255
252.54733506908,2490.95832849378,7083.39141766005
342.037767948646,36.3307856021677,7083.3957359413
348.845154319572,116.793838489393,7083.39606442567
352.676110319998,1082.78919164206,7083.39624928505
7.80921224613371,192.097796003488,7083.39697951942
12.5312840758894,994.813231791625,7083.3972073788
27.4581212039007,2378.34729688302,7083.39792766005
47.2724952800992,750.178419384184,7083.39888378505
58.2712344388302,151.153575767005,7083.39941451943
178.363011038606,56.9718959508858,7083.4052094413
191.091201240494,255.117704739405,7083.4058236288
198.104204829089,357.652629734417,7083.40616203505
201.737314991972,279.843676009861,7083.40633734755
209.290751781705,63.3730637411567,7083.40670183193
220.193320323418,1074.4277689767,7083.40722792567
229.557159935239,1728.29317524048,7083.40767976943
352.329083825117,84.0515226863126,7083.41360401943
1.01843422077065,178.194778377438,7083.4140233163
6.67986897981486,50.130094519929,7083.4142965038
9.39790163023089,857.16067577124,7083.41442766005
25.483318848692,1533.64931865241,7083.41520384755
42.304424633228,194.527671748546,7083.41601553505
50.2347723224285,1596.64936827397,7083.41639820693
84.4930419495077,927.893539781621,7083.41805084755
161.076543412034,36.00610781751,7083.4217463163
173.738677052483,255.117704739405,7083.4223573163
179.079543314309,35.2479989640386,7083.42261503505
184.254944382312,241.186015603745,7083.42286476943
191.190234358127,441.025577169185,7083.42319942568
203.103403298085,1476.93113294878,7083.42377428505
228.486927338308,1881.52737834457,7083.42499914443
260.095633366004,136.935782157899,7083.42652439442
347.976099846722,37.8504970421911,7083.43076498818
353.303689936435,98.1771261510112,7083.4310220663
5.48529467782946,179.036313552317,7083.4316098788
8.74052251401784,436.572389350687,7083.43176695693
20.2829329646472,77.2366684498316,7083.43232392568
27.2972317141531,1878.96920245123,7083.43266239443
46.437764267728,934.993971135611,7083.4335860038
184.182505835134,53.3088538590132,7083.4402327538
188.190584080724,193.170701656697,7083.44042616005
191.385907690221,201.081803985481,7083.44058034755
205.533989908932,470.062155866202,7083.44126305068
210.339603801746,1162.58513926937,7083.4414949413
223.37346747184,218.113971328648,7083.4421238788
229.982360424766,1779.03525244716,7083.44244278505
355.888732307918,136.867142619401,7083.44851828505
2.51802500645038,100.540901992741,7083.44883817567
8.60558930523647,145.839396115122,7083.44913192568
13.3895081784435,1303.96626829565,7083.44936276943
27.0751945424791,361.207286303511,7083.45002316005
40.4804644331417,842.301617343111,7083.45067001943
51.6857921613774,1458.08476403886,7083.45121072255
175.502639985372,38.8306053977772,7083.45718539443
188.551398797566,339.099665014331,7083.45781505068
194.808811788742,342.408018605411,7083.45812470693
199.044202233912,218.80203204816,7083.45832908192
207.566144618982,78.3836606732535,7083.45874030068
209.833114694683,1501.15808672524,7083.4588496913
230.642546521963,1232.86392206268,7083.45985383193
253.659044160556,750.57904336262,7083.46096447255
350.185794731398,47.6808870164547,7083.46562228505
356.384748447594,154.229878868151,7083.46592141005
8.51227745027089,290.90477249305,7083.46650661318
13.807486933961,828.628166082979,7083.4667621288
23.0000327885916,1282.58059728381,7083.46720570693
38.3280663082834,90.1456270741008,7083.46794534755
48.5917644060032,894.236573678597,7083.46844061317
93.1423730801543,1928.2411223287,7083.47059036317
175.156111355538,32.7257110299684,7083.47454786318
176.553984505984,209.860379074556,7083.4746153163
187.341601730452,1165.6839937757,7083.47513586318
203.648178813745,1112.91043047856,7083.47592272255
219.187658039081,177.983780491608,7083.4766725663
223.521485689408,1905.65851987401,7083.4768816913
255.327390011888,832.970303843439,7083.47841645693
271.356464790404,572.958236411125,7083.47918992567
349.067460860572,51.4708310694889,7083.48293980068
351.020986125637,73.3692273602315,7083.4830340663
358.499623584274,220.342313839161,7083.4833949413
6.85998648443183,384.586640311824,7083.48379836318
13.3503661448859,756.563034443047,7083.48411155068
22.7064343765809,1276.00086052837,7083.48456301943
42.3362386742606,80.8032876720155,7083.48551023818
48.6922386613949,2323.10082282083,7083.4858169413
173.572791195125,30.477540630125,7083.4918429413
181.02196225403,261.518445787701,7083.49220239443
189.608018346083,184.819826110072,7083.49261670693
191.988644540422,295.518526316485,7083.49273158193
201.184428485812,1393.99847221,7083.4931753163
220.406884057065,289.350488014151,7083.4941028788
224.462238088475,1281.64268087261,7083.4942985663
248.296347423909,410.303901965392,7083.49544866005
263.789522290652,331.478455795065,7083.49619626943
353.662326695205,74.9526898879971,7083.5005417538
0.408837374514723,161.838931145297,7083.50086730067
7.35643201982247,250.659853984203,7083.50120255067
12.7316217798233,704.293401376788,7083.50146192568
26.4383555830092,1110.74738295969,7083.50212333193
39.5793992279185,871.766492327453,7083.5027574413
48.4206149492952,60.4132438519756,7083.5031840663
76.2016030673246,1840.17001636505,7083.50452461318
170.654048454794,183.083437299558,7083.50908233193
178.071486450436,137.961017609989,7083.5094402538
186.04101477395,239.779668342877,7083.5098248163
193.574375551761,1445.6611463487,7083.51018833193
206.857246554128,342.408018605411,7083.51082928505
219.775187404357,87.9298925338112,7083.5114526288
222.43363971255,1408.58680275358,7083.51158091005
243.137186763622,2521.66487690886,7083.5125799413
343.758148078024,41.4631419476397,7083.5174353163
349.705827873807,97.1188407472567,7083.5177223163
355.764897200089,62.8894367138422,7083.5180146913
2.73645349083818,1257.01171693748,7083.51835109755
17.5742438015013,218.45827924416,7083.51906708193
20.2142390677583,1182.07410526594,7083.51919447255
38.6071021571454,840.157443615652,7083.5200820038
52.3866924369717,3093.84229346676,7083.52074692567
175.81853424769,48.704301008895,7083.52670301943
180.049715174873,314.491988007148,7083.5269071913
187.657227703324,207.519515460497,7083.52727428505
196.031190471582,1629.45046344731,7083.52767836318
218.313942360859,852.941661744211,7083.52875359755
227.891818075539,1524.21131272007,7083.52921576943
267.904600927073,110.085850157926,7083.53114655068
343.756299343955,22.2743472971798,7083.53480670692
0.00491509270803547,101.563528420723,7083.53559076943
5.21852529240411,202.756741951582,7083.53584234755
8.77845520726687,123.289448095143,7083.5360141288
17.1235991562485,282.250389727068,7083.5364168163
22.5191886995517,1180.03773419417,7083.53667717568
39.0226402308568,1231.88814704633,7083.53747353505
55.0067058870848,92.2573059614074,7083.53824483193
61.6243416096689,110.256394292296,7083.53856416005
179.690929416918,36.3307856021677,7083.54428484755
185.618209429399,169.992520060447,7083.54457086318
189.997693820167,161.954991084734,7083.5447821913
204.96014964496,1255.09691528691,7083.5455041913
217.225620296184,178.826314867209,7083.54609605068
222.104090627942,1005.03516620165,7083.54633145692
247.832144923913,2620.81112367696,7083.5475729413
348.569352754168,71.4227496589892,7083.55243392568
356.111456301636,996.624671678603,7083.55279786317
5.80363579080101,56.5996624568577,7083.55326555068
12.2969297329384,962.872559462369,7083.5535788788
26.4382119987519,1975.06810906134,7083.5542612538
43.1893755883306,218.630225035099,7083.5550695663
55.2226768661406,38.8608346890695,7083.55565022255
58.0414133852459,1911.95836940494,7083.55578623818
174.486156144963,151.277837479036,7083.56140517568
187.200098860598,90.2497868104923,7083.56201867568
191.298842931221,1115.06937017225,7083.56221645692
199.462979001519,20.802254016572,7083.56261041005
203.70808368127,518.70824302469,7083.5628152538
217.885308490638,374.086012167041,7083.56349936318
221.978871653742,1629.45046344731,7083.56369689443
237.02260299115,1607.15862840277,7083.5644228163
359.903973519375,140.858671948685,7083.57035234755
2.74051942456772,101.285653475447,7083.57048922255
8.5347149246404,21.9289881392415,7083.5707688163
12.7804671848474,1314.98578692657,7083.5709736913
33.9817050159987,1553.90145195611,7083.57199673818
47.3154135909324,794.550092386714,7083.57264014443
72.8423839209053,3320.31224736795,7083.57387192568
167.466770570629,77.5401479136129,7083.5784379413
169.670274595195,268.746802589703,7083.57854426943
178.919162776682,464.270621947094,7083.5789905663
186.574598671409,1346.61148898374,7083.57935997255
204.020003566913,443.743791711526,7083.58020178505
208.123280964599,607.095318461148,7083.58039978505
214.880477305717,54.1828248934451,7083.58072584755
219.514912126031,2864.58101683706,7083.5809655038
264.145501038797,954.720413837151,7083.58311911318
337.273338241896,37.9124960592225,7083.58664783192
352.641199976357,229.366858839342,7083.58738939442
359.465748115218,201.081803985481,7083.58771870693
4.8610138494453,86.2579729865587,7083.58797905068
7.75519731779831,90.4577315830046,7083.58811870692
15.8639624884672,1422.18015142248,7083.58850998818
32.3975280376562,697.861324283622,7083.58930780068
41.7179774594805,1363.47244605872,7083.58975755068
81.0174143450017,2668.10218363389,7083.59165391005
163.77752684827,32.2376431105553,7083.59564742568
171.082280152502,321.347531917482,7083.59599991005
176.165396312397,208.24257596086,7083.5962451913
180.240502508958,264.518768000599,7083.59644183193
194.015235728037,1753.16205996978,7083.59710651943
211.801285245771,526.759635910423,7083.59796476943
216.820935241443,1482.61958266005,7083.59820698817
240.591902372514,2678.89710414693,7083.59935403505
347.532273436952,29.4985563753514,7083.60451434755
350.252896597671,51.7892603801862,7083.6046456288
356.183090854139,254.822912770791,7083.60493178505
8.86335772744825,406.623984483545,7083.60554366005
12.5434198670748,980.200698386113,7083.60572123818
23.6752435005181,1857.08248778838,7083.60625839443
41.2786660564926,63.7425875971154,7083.60710783193
53.276996217976,1683.17504378734,7083.60768680068
179.555421902152,206.248046419333,7083.6137802538
189.673730855667,235.669761483592,7083.6142685038
195.094577356107,84.6085285166609,7083.61453008193
197.466784552168,1426.40155242901,7083.61464455068
221.397712085076,374.286851512196,7083.6157993163
226.207859267256,1489.09384822815,7083.61603142568
253.001561052026,2126.35398177952,7083.61732433193
348.428988103262,187.744861324113,7083.62192909755
357.798386991167,263.5224538583,7083.62238770693
2.1736619016439,125.254945304576,7083.62259883193
8.36516808448605,1625.01645473156,7083.62289759755
22.8092095368225,38.8306053977772,7083.62359458193
24.9158953262184,1312.23965027516,7083.62369623818
51.2763438846642,1718.52476693601,7083.62496823818
174.134400310208,36.6525906847492,7083.63089664442
186.937713689963,251.109188997845,7083.63151445693
193.293713677098,222.379406555895,7083.63182116005
200.331002720209,441.366249104291,7083.63216073818
203.695677194744,328.974986141262,7083.63232309755
214.324305406907,1526.57619878482,7083.63283597255
228.595434132065,1417.94620489577,7083.63352461318
254.851616921987,549.11347691089,7083.63479158193
349.861333469455,32.0733058167821,7083.6393761913
357.039154633721,171.313727093114,7083.63972255068
2.68148480807055,198.258798267403,7083.6399948163
15.8506996164082,315.922593641105,7083.64063028505
19.6356751050148,1243.54671005023,7083.64081292568
32.3583605903082,1274.11459160953,7083.64142684755
47.1028946033322,59.8272612006845,7083.64213833192
58.9681402524072,94.9174211450909,7083.6427108788
68.7111573518345,383.608284026948,7083.64318101943
181.844006101734,34.2682271448069,7083.64864014443
184.911102297265,184.921467027976,7083.64878814443
191.747955030226,194.044127987958,7083.64911805067
199.7343213126,429.631191734003,7083.64950342568
206.516126917312,175.645983868655,7083.64983067567
209.200483763097,35.6455490124752,7083.64996020693
213.563777813157,1116.14728570686,7083.6501707538
230.803241757309,1143.81581983736,7083.6510026288
262.241625530435,1965.30236529213,7083.65251966005
339.121733807041,122.064178209591,7083.6562294413
345.868892142199,82.9262838952793,7083.65655501943
352.133254801681,335.982464072515,7083.65685730068
357.392198008133,61.6447240475715,7083.6571110663
3.99105287970638,1543.02937094286,7083.65742948818
22.3126785001366,1241.6112582514,7083.65831358193
32.7664511306656,938.203736922105,7083.65881801943
53.1322678788884,287.003310006639,7083.6598007538
76.072347178702,2234.44818203689,7083.66090770693
171.766911761647,187.744861324113,7083.66552647255
175.77434235139,58.717787576601,7083.66571984755
177.806228885082,108.01832345253,7083.66581789443
188.573122479476,1306.72983544855,7083.6663374413
203.856470685955,1087.77531426796,7083.66707492568
213.363108931678,148.140236189143,7083.66753366005
223.155344595988,41.8297028959014,7083.66800617567
227.901054299805,1903.13298453759,7083.66823517568
257.061134792661,1667.38367557429,7083.66964226943
344.338997106624,166.530886303029,7083.67385378505
351.190744981685,125.629395775206,7083.67418441005
355.917673909883,59.905719274056,7083.6744125038
359.295300634367,37.5702351174123,7083.67457548818
2.64572762264987,1341.24289452586,7083.67473716005
18.1278930939004,296.787400211329,7083.67548423818
30.0957854284239,1655.80449351665,7083.67606173818
46.4353907735887,2506.35845411296,7083.6768501913
176.1681853678,49.4698379482905,7083.68311033193
187.25823800741,240.405723106463,7083.68364547255
194.053643517919,492.242524519071,7083.6839733788
198.015741176298,363.075070008989,7083.6841645663
210.699893720821,511.412412418366,7083.6847766288
215.878532841887,1525.78838452655,7083.68502651943
233.065863901777,2218.24447699248,7083.6858558788
350.527683241257,23.5928724473533,7083.69152389443
353.526456249514,94.4709865891014,7083.69166859755
0.0926066682920457,141.524042485131,7083.6919854413
13.6999318767885,426.118224039485,7083.69264205068
18.5340407421062,1097.67928080373,7083.6928753163
27.1819438776107,1601.16175873526,7083.69329261318
47.6711309413565,77.1758282280821,7083.69428130068
54.9515987533749,1484.24073032061,7083.69463261317
178.121481019567,160.790686321022,7083.7005760663
186.385025684555,159.500107566046,7083.7009748163
193.445952639424,1109.66424937686,7083.70131553505
212.731226756748,285.427820267969,7083.7022461288
216.431041061525,1120.44840072656,7083.70242466005
238.727716665675,1934.4674750954,7083.7035005663
349.066843028952,53.7912943354701,7083.70882936318
358.680661324882,94.5703793053809,7083.70929326943
2.62203535318693,231.161992325646,7083.70948345693
9.02660628705206,536.653999017034,7083.7097925038
17.1580379045548,78.6827131227241,7083.7101848788
20.5427883910125,279.843676009861,7083.71034820693
25.9956917260964,1201.2467687228,7083.71061133193
49.1906068084618,2659.07318386382,7083.71173058192
179.018276783387,121.369525540871,7083.71799530068
193.306243467405,1228.9562700829,7083.7186847538
211.26682472,391.174481695344,7083.71955142568
216.938621331778,1235.78669519731,7083.71982511318
228.969008290208,2260.13230353317,7083.7204056288
1.19478999878766,181.64100779039,7083.7267860663
4.18482019969112,42.9926302891737,7083.72693034755
14.6026502866655,980.813985584916,7083.72743305068
25.7445119637663,1506.75483201468,7083.7279706913
42.1427262993195,1263.69037456442,7083.72876197255
55.264341588154,24.3159589685682,7083.72939514443
70.1516743104718,150.904760909398,7083.73011351943
174.712390645495,32.9937362153476,7083.7351590038
183.884536679127,71.7508275016598,7083.73560159755
188.859177627903,143.893924553495,7083.73584164443
197.405081658415,404.028088762942,7083.73625401942
210.013787291386,1405.16787094924,7083.7368624413
228.619067513645,448.125703211844,7083.73776022255
247.569849381182,1801.87020859535,7083.73867467568
347.312647153899,79.7500537830231,7083.74348767568
350.440295194274,46.4331316452071,7083.74363859755
357.483736572132,195.779281675357,7083.74397847255
4.5967963735673,946.498102116777,7083.74432170692
11.6272855014769,217.423745674239,7083.74466095693
17.994618730876,344.595962875616,7083.74496820693
27.075065672986,70.3626115705624,7083.74539773818
32.5872255789141,2042.11958454437,7083.74566372255
51.3569996054643,1337.65187815271,7083.7465694413
180.336296209817,39.10183635214,7083.75279322255
182.049233178582,210.753789420259,7083.7528758788
186.940655835681,226.066443342887,7083.75311191005
196.601749842038,158.791729765184,7083.75357809755
198.964242878909,1176.97662727068,7083.75369209755
214.027402572392,1505.95669268228,7083.75441895693
231.610425345064,143.370662564202,7083.75526741005
359.751062813425,42.1095033842356,7083.76145072255
2.92922469268182,67.6048800274387,7083.76160408192
13.7051849035045,616.919515472603,7083.7621240663
22.6458092195705,207.700523446874,7083.76255548818
26.4528035368592,205.151950982696,7083.7627391913
34.6859104125827,72.7907456532506,7083.76313647255
38.6729412190232,93.6720562227933,7083.76332886318
46.3591387120891,1965.30236529213,7083.7636997538
92.2490115086016,1237.73125082494,7083.7659141288
171.162301442116,37.9434574038218,7083.76972201942
174.260159311378,204.049957486241,7083.7698715038
183.345525191194,394.236587819563,7083.77030991005
193.564861784777,1395.72264856724,7083.77080303505
201.643189128486,144.934758639081,7083.77119284755
209.232568461774,330.797583769638,7083.7715590663
219.255030645043,397.275046193357,7083.7720426913
229.685489210586,1742.1530884576,7083.7725460038
263.550479727566,2559.52969929751,7083.7741801288
342.730586304049,109.743963916387,7083.77800089442
345.186011867179,197.118293909782,7083.7781193788
358.752213586907,1264.64161365192,7083.7787740038
9.47765995884707,1123.66349558357,7083.77929155068
19.9618703409437,301.061536811531,7083.77979745692
31.5266234670273,104.840622294766,7083.7803555038
35.2782468469906,295.772711877973,7083.78053653505
46.4178418605599,3320.31224736795,7083.7810740663
178.046415567657,187.644760840655,7083.78742309755
187.674805121219,234.230301821015,7083.78788770693
194.220555794391,251.707071852181,7083.7882035663
201.466052490083,1680.3148872313,7083.7885531913
222.411806845138,166.981581339876,7083.78956391005
229.37429659485,1269.38692890377,7083.7898998788
261.611187517818,2786.27121375052,7083.7914554413
342.020787806936,26.6103319934707,7083.79533553505
345.189883069763,207.700523446874,7083.79548845692
358.928997554364,810.285227803575,7083.79615142567
7.53092017804905,1471.22092286622,7083.7965665038
23.1519986873784,1434.80705094845,7083.79732028505
38.723210938281,44.1781125570806,7083.79807166005
49.1164317239661,2533.08374276173,7083.79857317568
178.997853553141,233.426750151366,7083.80484048818
191.073897289708,166.643684962331,7083.80542320693
193.043289086404,37.1932623588478,7083.80551823818
196.329278558629,1366.11566503575,7083.80567680068
211.005165575303,292.964291714881,7083.80638497255
227.04589740516,1368.75377698686,7083.8071590038
242.916954636294,1372.26352503461,7083.80792484755
352.033306142325,127.999971732962,7083.81319016005
358.463457804708,88.8333989701451,7083.8135004413
1.99910222735689,139.518410713357,7083.81367105068
5.09922668475872,980.813985584916,7083.81382064443
20.1157582482699,1109.12223849624,7083.8145452538
32.7863109246933,420.793760946836,7083.81515666005
39.5596975688236,317.109838388063,7083.8154835038
50.6665881295977,96.1955029521455,7083.81601945693
56.7353715773726,2110.45980691438,7083.81631230067
87.922805276858,1568.5357457329,7083.81781722255
166.092311455095,56.2249621860467,7083.82158922255
176.20479188294,416.845918893571,7083.8220771913
183.029987639952,1120.44840072656,7083.82240653505
198.000214844872,252.898590957784,7083.82312891005
201.571477926607,1531.2953127733,7083.82330123818
218.881531721564,1923.2457848517,7083.82413651943
238.196919856773,1381.86895259906,7083.8250685663
349.277517171829,96.7311369892698,7083.83042036318
355.70702121606,59.866507584605,7083.83073061318
5.27550654292955,595.092197741565,7083.83119233193
10.9149224732916,166.530886303029,7083.83146445693
14.0075993973394,264.944594041694,7083.8316136913
23.9708050474598,118.86680528761,7083.83209445693
26.8759979490019,438.975855665547,7083.83223464443
36.1271527563247,2182.17310887781,7083.83268105068
57.1185639272121,63.9632791177291,7083.83369397255
84.1201495554862,361.623175848536,7083.83499691005
96.6828745635503,1593.63400253909,7083.83560311318
164.32801829815,100.166444583216,7083.83886726943
172.333489127522,276.737938120775,7083.8392535663
179.238341276377,87.124904513125,7083.8395867538
184.989470508617,1259.87831278707,7083.83986426943
198.529120110296,1021.64843251984,7083.84051761318
210.530364515767,390.405208161582,7083.84109672255
218.485321506257,1681.74563164314,7083.84148058193
240.102650795796,91.4390299588952,7083.84252370693
244.668647819538,2206.28626479424,7083.84274403505
341.031876013316,20.1134352229015,7083.84739395693
349.025365982271,111.27417043344,7083.84777967568
352.913635774478,123.060631129768,7083.84796730068
3.41306510775077,159.028207269429,7083.8484739413
5.93778520999075,1209.22860613604,7083.84859576942
15.9440571279436,1088.32787226731,7083.84907861318
29.6815525671651,76.3804852699224,7083.8497415038
36.4636820186492,1535.99966079554,7083.85006876943
58.5774068519641,952.198098147505,7083.85113584755
81.7409127178377,1929.48812482996,7083.85225358193
161.756764148629,40.2268704458031,7083.85611467567
167.149439447945,102.392642975513,7083.85637489443
178.453204419034,271.94382856699,7083.85692034755
181.435139506128,445.434245044396,7083.85706423818
189.315944783674,1237.73125082494,7083.85744451943
207.860025542936,1513.92054448252,7083.85833934755
223.144345176644,1367.87503546287,7083.8590768788
248.795657249367,1460.55667560319,7083.86031466005
347.674862775727,29.0169138716934,7083.86508598818
353.091823567257,216.03664690506,7083.8653473788
358.976684892361,115.255416321958,7083.86563134755
6.96758438870958,1238.70236290458,7083.8660169413
21.0318007352877,706.84980091329,7083.86669559755
30.7660750273612,1344.824362981,7083.8671653163
50.5062974660078,79.2774595970158,7083.86811786318
58.9805582118369,2402.49353744559,7083.86852398818
174.962905079181,73.3051813694985,7083.87412061317
178.767632770635,291.678792230243,7083.87430420693
187.025996565799,276.194261905616,7083.87470270693
193.751459881351,1343.92985629006,7083.87502723818
204.925702164475,1112.91043047856,7083.8755664413
219.101631737539,1281.64268087261,7083.87625048817
236.518865545007,2243.0421964259,7083.8770909413
344.612635792376,27.7128060083287,7083.88230691005
354.042531890243,77.7216693781391,7083.8827619413
1.04679267148371,226.066443342887,7083.88309992568
7.43161144019815,758.943408118995,7083.88340801943
13.7947351139143,864.842086834017,7083.8837150663
26.7690184040884,1773.61958453304,7083.8843411288
41.6025991967645,53.5286814873359,7083.88505691005
57.734644545197,333.963162679751,7083.88583534755
64.4377651475982,1001.4393758695,7083.88615880067
171.425412073247,64.8022954741201,7083.89132139443
182.956813090688,145.710499221963,7083.89187783193
190.528059228812,484.23809406728,7083.89224317568
194.314653725102,252.601245476214,7083.89242589443
205.494724571593,728.217208756377,7083.8929653788
214.04451427332,1382.73892336116,7083.8933779413
229.582050681895,1082.78919164206,7083.8941276913
357.027475379406,130.111005303135,7083.90027745693
0.756756121612039,99.0345860873987,7083.90045741005
8.02686215628938,125.329926992102,7083.90080822255
12.8405712006084,484.85848669344,7083.9010405038
24.9140244645676,1067.1281636121,7083.90162309755
34.4990239789171,1187.14960084532,7083.90208561318
51.9606191774335,592.053461812014,7083.90292820692
182.76424228105,206.793915324965,7083.90924001943
190.16235197924,138.165145990854,7083.9095937538
198.359840158181,416.845918893571,7083.9099893163
207.562747790153,328.974986141262,7083.91043339443
210.775557014357,601.623584284283,7083.91058842568
220.188615153364,825.720658514939,7083.91104264443
235.90586420432,1496.34404866816,7083.9118010663
254.959940413154,373.482800242186,7083.9127205038
349.23623494499,73.1126964526041,7083.91726972255
356.509255261351,117.275467115263,7083.91762067568
1.73743675637509,44.3637938885022,7083.91787295692
8.21421658642489,1191.19436536863,7083.91818548818
21.6010294728484,334.188121620116,7083.91883145693
28.3511020896891,236.941938291935,7083.91915717568
36.2678499107893,408.099914972482,7083.9195391913
47.1234664757586,104.301581260735,7083.92006301942
53.1362314434486,2335.49068973105,7083.92035316005
172.484548059328,40.6045960743562,7083.92611220693
176.963764891557,227.887583803543,7083.92632834755
185.33222294322,122.907864441579,7083.92673216005
194.833680281424,1391.40821087125,7083.92719064442
214.439522933662,131.689908977606,7083.92813670693
220.574686789647,1511.53578542562,7083.9284327538
247.330503214103,2316.88113139228,7083.92972383193
348.931303290715,213.763437506564,7083.93462648818
354.555824116673,164.715782680069,7083.93489789443
2.95374853037201,1311.32293912373,7083.9353031288
17.7960721304018,251.557746855369,7083.93601933192
23.1489192526447,1236.75925056688,7083.9362776288
39.2579743074712,2255.87193369847,7083.93705495693
57.8250453603398,71.7508275016598,7083.93795089443
180.167277886033,61.8349260683715,7083.94385441005
186.321546289017,219.487927832773,7083.9441513788
195.76666133806,256.73285719563,7083.94460714443
203.81908410648,542.226874511442,7083.94499570693
212.344912125069,1559.30901524215,7083.94540711317
238.691113159567,1556.9938671689,7083.94667842567
355.035131368767,154.351656456164,7083.95228801943
359.140027811832,47.9265412078878,7083.95248609755
6.41272424372495,258.919080620146,7083.95283703505
12.3840419512661,1112.91043047856,7083.95312517568
22.3475713350702,193.46227397854,7083.95360595693
27.9073308358936,1268.43935355225,7083.95387423818
44.0863281610696,48.2440164206732,7083.9546549413
50.3425956313503,291.162982613002,7083.95495683193
62.3927348680198,203.496719475282,7083.95553830068
77.1596115188019,1028.10171487278,7083.95625086318
172.788770116492,47.0860885004587,7083.96086536318
177.791258419621,153.129522950657,7083.9611067538
185.41949454045,250.209686303293,7083.96147484755
192.419222032324,218.97371416113,7083.96181261318
199.879726333494,1218.14558440292,7083.96217261318
218.100971932007,407.731431950609,7083.96305186318
224.569008954704,671.96492814503,7083.96336397255
238.543854674858,1914.4723584219,7083.9640383163
352.487515131004,170.213426686772,7083.9695365663
357.3585380048,96.7311369892698,7083.96977161318
2.02556263091425,83.6594057918028,7083.9699968163
7.68311171874343,965.989732648609,7083.9702698163
21.1903806767027,1323.19033507855,7083.97092159755
28.7289223620322,101.192866586164,7083.97128536318
37.6996606959821,2027.93803971701,7083.97171823818
92.4168255366952,941.402511500655,7083.9743585663
162.596727417192,67.7090258860424,7083.97774503505
169.532341164387,78.8616116853547,7083.97807970693
179.86371490662,405.513483903164,7083.97857823818
185.951602976786,176.924960793023,7083.9788720038
189.399819552075,433.809238531424,7083.97903839443
198.117664920233,377.883946356405,7083.9794590663
204.461360237874,669.724276036732,7083.97976517568
209.72807474906,975.281300163999,7083.9800193163
220.446397359026,232.45884384071,7083.98053651943
225.960500119409,896.251406423687,7083.98080259755
232.745867623957,2214.98952512889,7083.98113001943
351.373714549545,126.746127482313,7083.98685430068
359.197529882082,58.9174403708981,7083.98723183193
1.66752670284467,138.708031172108,7083.98735101943
7.32831384373696,1273.17045794939,7083.98762417568
24.7568808180782,242.893816171375,7083.98846517567
31.7400941978645,1257.96795202859,7083.98880214443
40.163275568701,29.1179129419117,7083.98920859755
51.1066437524109,2304.39090032064,7083.98973666005
176.108075025754,32.1647083967314,7083.99575934755
181.350827891499,241.652975407902,7083.99601233193
189.098872428016,271.94382856699,7083.99638620693
195.823364316339,381.447096131637,7083.9967106913
202.3027345813,647.355724581189,7083.99702334755
209.977598869797,92.6130144796034,7083.9973936913
212.797954434282,1145.91647282225,7083.99752978505
235.127982109379,2657.26352033369,7083.99860730068
350.904711796751,142.450357065727,7084.0041940038
356.800258745968,115.580996162823,7084.00447848818
0.87504113345326,58.6777709754571,7084.00467511318
5.82410135371209,1121.52109821295,7084.00491392568
21.2583434209913,1083.89919262208,7084.0056586913
28.2807373973951,775.401520769492,7084.00599755068
43.1466989091826,191.902077562034,7084.00671489443
54.3491123934311,380.263098787026,7084.00725545693
75.3003714650811,3127.85841671825,7084.0082664413
163.957002344794,80.1612873302382,7084.01254448818
169.8839585482,49.2795734774454,7084.01283048818
172.834484381105,66.165198320256,7084.01297286318
179.652556376144,533.845800898547,7084.01330186318
186.332362913559,360.165453017203,7084.0136241913
190.28150832199,393.855115188302,7084.0138147538
196.732059843067,1842.78203807509,7084.01412601943
214.907324854368,458.077881182462,7084.01500305068
221.822215046881,1337.65187815271,7084.01533672255
240.259115793632,533.845800898547,7084.0162263788
251.028923669708,153.986018380792,7084.0167460663
273.447350506305,1610.14868105269,7084.01782784755
348.06405056935,112.866868628991,7084.02142841005
350.014337781352,72.7261931232626,7084.02152251943
355.928341734808,1054.0898154332,7084.02180789443
9.9860818998682,181.226769702114,7084.02248623818
14.4572035805911,1082.23385808515,7084.02270198818
25.7502829275673,1466.30863007147,7084.02324692568
42.5448365186622,184.819826110072,7084.02405733192
58.1005061224011,1795.18422349645,7084.02480795693
177.539488601008,51.287987745674,7084.0305713788
185.020392685481,355.54503785562,7084.03093236318
196.162578171658,302.058461576493,7084.03147001943
202.779566200698,188.543777812633,7084.0317893163
210.398411971414,1644.14371006671,7084.03215695693
228.617377763778,1552.35302390366,7084.03302486318
257.811134136657,360.582508296403,7084.03443358193
345.867751359919,27.9448929274562,7084.03868267568
353.379093309048,102.02497874312,7084.0390451288
3.55730645155889,188.44409366281,7084.03953626943
7.96625727975437,213.587564301676,7084.03974901943
13.0908206997983,981.426717672207,7084.03999630068
24.0390459819507,79.5731536218369,7084.04052459755
30.4679024080293,1208.23384630597,7084.0408348163
43.9521811100788,628.983976014297,7084.04148548818
58.3518610582792,2154.44440065937,7084.04218033193
173.531815179959,77.8424477654305,7084.04773823818
181.640904122007,236.147629228967,7084.04812953505
188.908095837305,231.161992325646,7084.04848020692
193.313484803362,405.513483903164,7084.04869278505
198.430600652356,394.236587819563,7084.04893970693
205.972056619368,1911.95836940494,7084.04930361318
229.027087311819,977.743996877223,7084.05041611318
237.323012620526,602.123073623062,7084.05081642568
253.378639592483,57.6277081609788,7084.05159117568
261.732202539742,1838.86261773125,7084.05199426943
344.357287676146,104.66125188735,7084.05598126943
348.148739270879,55.3408013859169,7084.05616422255
354.553310204744,127.337709820985,7084.05647326943
0.886967516424466,1111.82951734179,7084.05677889443
11.2105698785323,202.571306950894,7084.05727705068
19.3886295883105,63.9999858664808,7084.05767167568
24.9506557526652,1601.16175873526,7084.0579400663
48.8297742480833,1677.44995671626,7084.05909233193
65.513586002224,967.855129374584,7084.05989739443
164.917034464408,31.519318405282,7084.06469401943
177.114829471118,227.061605628798,7084.06528261318
182.490343040194,209.860379074556,7084.0655420038
190.945257436599,367.396307821011,7084.06594998818
199.822415626138,578.181280630474,7084.06637834755
203.679923782309,1386.21314427212,7084.06656448818
216.764948871741,100.353843290879,7084.06719589442
223.44734591946,1340.34605636657,7084.06751834755
249.506978108142,455.445237079743,7084.06877583193
358.129193321112,114.190865097008,7084.07402833193
3.91853172274176,40.4597327863243,7084.0743076913
9.92028721954671,850.117309880716,7084.07459730068
21.8739320301219,872.455885314594,7084.07517411318
33.9354044713604,254.232385143993,7084.0757561288
45.6617370823566,88.9390922020894,7084.07632197255
48.9516122257956,68.6391846138612,7084.07648072255
56.7394850147784,1898.07125572372,7084.07685651943
169.958790071723,43.9114959671638,7084.0823198163
174.861545971086,47.2603449430675,7084.08255639443
179.868891410353,314.730852490896,7084.08279801943
189.178979054836,180.187018083977,7084.08324726943
197.142678814984,1514.71457598973,7084.08363155067
211.763518703409,207.338354818454,7084.0843370663
216.528009182845,42.2487080042888,7084.08456697255
222.251614794417,1145.91647282225,7084.08484316005
247.311656018043,2837.58794239475,7084.08605241005
341.575969727159,82.5857229824756,7084.09060105068
351.992504615526,134.652775041211,7084.0911036913
354.956630316532,65.4514220599367,7084.09124672255
1.2698877695175,1281.64268087261,7084.09155136318
21.3183740735853,1188.16201322147,7084.09251878505
31.8757647790944,983.874204329993,7084.09302822255
45.7638302700397,358.492180385639,7084.0936983788
59.0638630403427,2976.57232195547,7084.09434016005
164.303278034128,29.5780656911493,7084.09941839443
176.878307711685,206.248046419333,7084.1000251913
183.080175709564,389.827253810537,7084.10032445693
189.157378193313,190.723548065819,7084.10061770693
202.076938126617,1764.10230867674,7084.1012411288
216.277800810047,225.733737257983,7084.1019263788
221.157242606728,1075.54642969632,7084.10216183192
245.318072887215,2646.3806701571,7084.1033276913
344.117621984037,29.8743495219522,7084.10809517568
347.798979322271,86.6925212172909,7084.1082728163
353.355824579107,796.817001269545,7084.10854095693
7.86041787628735,154.837795363072,7084.10924086318
10.5826600446904,953.460088659597,7084.10937222255
20.372952929937,1844.08666115132,7084.10984464443
36.7802338442239,73.1126964526041,7084.11063636318
52.8526987750402,1697.40332900403,7084.11141192568
73.7469679016815,994.208604332414,7084.11242016005
175.708249149391,198.448243948768,7084.1173302538
185.997528013324,516.093612290547,7084.1178267538
193.156892135655,982.039227714893,7084.11817222255
203.09548844679,1309.48751841942,7084.11865180068
221.904766841337,87.3940572687637,7084.11955942568
227.663343569235,1714.32135154248,7084.11983730068
256.603235549094,444.420722445216,7084.12123376943
352.276108070465,85.2170278786701,7084.1258503788
358.639231781877,58.6777709754571,7084.12615742568
4.13908705600866,277.957379335447,7084.1264228163
11.2945655448207,190.427770774271,7084.12676809755
18.0546761299266,990.573512105186,7084.12709430068
25.1434504391485,289.350488014151,7084.12743636318
35.4408244545873,1703.06124758213,7084.1279332538
61.935652724049,1539.12804723433,7084.12921173818
174.012244259871,30.3617270214218,7084.13461989442
183.034791669008,409.203393392232,7084.13505526943
190.120004153786,195.491151044891,7084.13539716005
192.711428435617,184.616391618597,7084.13552220693
202.595625198958,742.120365160304,7084.13599916005
212.676048792159,1676.01554856844,7084.13648558193
228.680514307082,645.961117928806,7084.13725786318
241.386361908907,1895.53550633548,7084.13787097255
350.861491156938,199.581171034247,7084.14315359755
356.734371659322,74.8272485640022,7084.14343698818
0.941914750139325,147.37729092662,7084.14364001943
5.14362931528616,1215.18051177105,7084.14384276943
19.6090420158489,254.380155828571,7084.14454078505
23.4390266267435,1117.22409101844,7084.14472559755
39.2621604539066,478.303952000658,7084.1454891288
45.1395742079609,81.9576836952329,7084.14577273818
59.3835031592229,3190.2849251253,7084.1464600663
171.085774305882,21.2766783358465,7084.15185016005
179.12200677129,90.5615304969132,7084.1522379413
182.858411237773,256.8791568347,7084.15241823818
186.324437161453,679.085232491161,7084.15258548817
195.659457953998,1674.5800301976,7084.1530359413
211.704075492766,1270.33383812147,7084.15381016005
222.363789074647,348.4996180525,7084.15432453505
234.074255154012,310.160591654451,7084.15488961318
245.364096447925,1638.28228760821,7084.15543439443
350.565937991825,164.258870394285,7084.16050916005
355.897413865841,77.9630388025865,7084.16076642568
4.90733275871244,1117.22409101844,7084.1612011913
15.9093099705066,174.68060331538,7084.16173208193
20.4257645825933,929.188559428695,7084.16195001943
31.6476064606125,168.883615425663,7084.16249151943
37.393554785334,1448.1543741951,7084.16276878505
59.7873723206418,74.3865247176956,7084.1638493788
74.8651033094526,1956.71767677652,7084.1645769413
171.602651967786,41.0074890710987,7084.16924492568
173.358331357612,300.061336888646,7084.16932964442
177.598902747997,131.689908977606,7084.16953426943
185.833952478176,103.215082314367,7084.16993164443
189.398739453785,1344.824362981,7084.17010366005
202.030435304971,1156.36256126095,7084.1707131913
219.725495150901,221.532903132982,7084.17156705068
224.594898941621,1717.12477570196,7084.17180201943
240.63012609258,116.390966309332,7084.17257578505
356.695691289298,73.4332178398134,7084.17817642568
358.753158513811,45.9245384776263,7084.17827570693
9.66576506148497,239.46603033842,7084.17880228505
14.3065614163223,131.261182478859,7084.17902622255
17.9607189806598,63.1503113690535,7084.17920255067
20.9507492569553,20.9008105961361,7084.17934683193
25.384633120124,1308.56903091114,7084.17956078505
47.9218970205735,1514.71457598973,7084.18064830067
68.9537840243821,888.841444890431,7084.18166317568
168.095920522496,43.074495359452,7084.1864471913
178.507598274724,121.21462167336,7084.18694959755
183.373116394229,185.226028959207,7084.1871843788
187.883094862494,389.827253810537,7084.1874020038
197.153678101283,510.82421625992,7084.18784934755
204.085729986339,1451.47205365959,7084.18818384755
219.858997592772,499.517482932532,7084.18894497255
230.236675655901,852.941661744211,7084.18944573817
244.321291823478,1736.62229041582,7084.1901253788
344.870368050771,70.3626115705624,7084.19497728505
359.923813547368,196.927557594151,7084.19570367568
6.1823477188763,241.341752138524,7084.19600567568
10.8869339716205,1302.12052251721,7084.1962326913
26.629011357877,557.534685086125,7084.19698684755
36.9866134090837,1443.99658896788,7084.19748664443
51.1677238896665,47.7792978792468,7084.1981709413
58.2189366476505,245.815728883159,7084.1985111913
70.339989468809,421.507578840519,7084.19909608193
178.851470257642,38.6791015882793,7084.20433220693
183.715369331768,251.707071852181,7084.20456691005
190.34757634968,195.10631998898,7084.2048869413
200.904319474733,444.082409734037,7084.20539634755
205.227137691872,723.246351697071,7084.2056049413
213.564510298423,356.811108437327,7084.2060072538
219.943824350543,683.937517731437,7084.20631508193
231.052657728077,546.094058861968,7084.2068511288
241.315708207645,2932.61726014293,7084.20734636318
352.079911585926,70.4959979280773,7084.2126911913
355.042418279249,118.232840184973,7084.21283414443
2.26168666596819,1296.56774205955,7084.2131825038
15.9557919905854,95.9020710067371,7084.21384330067
25.2632892378533,1460.55667560319,7084.21429242568
38.7883675442038,999.636595722109,7084.2149450663
58.3096966307647,71.0931521985536,7084.21588705068
64.3700611933501,348.283901718816,7084.21617948818
83.7732008719067,3423.02652889259,7084.21711576943
167.720388362737,169.105979219708,7084.2211665663
175.737192434374,533.282307202398,7084.22155341005
180.890574635999,264.092220314538,7084.22180208193
186.891682552348,53.7038989667504,7084.22209166005
188.629876440554,607.590255885526,7084.22217553505
196.035981231627,1950.562600328,7084.22253291005
226.046701683196,1979.93266226604,7084.22398105068
241.887968667826,430.330354683761,7084.22474545693
265.080940933432,460.695509518771,7084.22586461318
351.087538503231,90.4577315830046,7084.23001478505
357.529023407878,80.3953431605109,7084.23032561318
2.62055856605059,236.465680369946,7084.23057130068
10.7555520079965,377.286785147035,7084.23096384755
16.1184370608084,960.371560054796,7084.2312226288
24.9739002684374,997.830595927951,7084.2316499413
44.8876829770212,71.4884887398348,7084.23261086318
53.4264633209509,2504.43887850338,7084.23302289443
170.918664899021,31.926513516245,7084.23868889443
175.574680167338,192.683771715885,7084.2389135663
185.655751378691,132.401367647361,7084.23940001943
190.079597273594,457.092447225804,7084.23961348818
193.244806865207,1390.54368020197,7084.23976622255
213.051733408051,329.659632924972,7084.24072198818
217.254743247198,1415.39968634419,7084.24092480068
244.946036929727,3031.01632681546,7084.24226101943
345.514541588487,150.530768405766,7084.24711386318
350.154690287477,89.0446605339434,7084.24733776943
0.450121486156085,114.928913608203,7084.2478345663
3.16426846535725,938.203736922105,7084.24796553505
15.3118734799567,1919.49056649321,7084.24855170693
34.6589946407323,89.2554086195929,7084.24948528505
46.8363897887476,1909.4408276743,7084.25007289443
76.8571482462773,2749.77973724333,7084.25152151943
165.879680629965,87.124904513125,7084.25581722255
174.616306736045,262.808497186739,7084.25623880068
179.87848799556,437.260450070198,7084.25649272255
183.92088970163,277.957379335447,7084.25668778505
191.864189640779,45.6938271942153,7084.25707108193
193.509127231347,1381.86895259906,7084.25715045693
203.293267781847,1909.4408276743,7084.25762258193
230.473594662969,640.821340436304,7084.25893414443
238.849824019366,1676.01554856844,7084.25933833193
351.904635385107,128.43957841735,7084.2647936913
356.954075627283,43.9649462669056,7084.26503734755
4.7481007133157,121.833071409228,7084.2654134413
12.8309613463914,1301.19670593842,7084.26580347255
26.2520977309898,227.722618539872,7084.26645109755
35.5051954681603,56.2667204495604,7084.26689759755
42.1629831391975,1705.88332348842,7084.26721886318
59.2020108108952,1644.14371006671,7084.2680410663
174.293565695682,122.831397830758,7084.27359470692
178.757239843051,277.416062344216,7084.27381009755
187.543732207559,460.042504091263,7084.27423408193
197.082427363316,139.787487141163,7084.27469436318
198.762335994818,908.246422515191,7084.27477542567
206.165526541904,1174.93148543701,7084.27513266005
216.955734238979,75.5146153941233,7084.27565333193
221.032459443224,1099.32141167945,7084.27585005068
234.461367207948,1753.16205996978,7084.27649805068
351.516302777396,75.4523804546992,7084.28213728505
1.3571095015249,43.7238925621308,7084.28261214443
6.96382094139564,992.392723553337,7084.2828826913
15.4660111236191,767.99983039777,7084.28329295693
32.3839350302371,212.352441186781,7084.2841093163
41.3880254728302,2013.65657481745,7084.28454380068
66.9049577968418,88.6216378059856,7084.28577509755
83.9433378126916,1034.51458510762,7084.28659726943
171.274304438144,38.8306053977772,7084.29081134755
176.441286545564,319.000215132093,7084.29106067568
182.069045349193,88.4624803965117,7084.29133223817
187.819526963282,639.412467418055,7084.29160972255
197.519154023497,850.117309880716,7084.29207776943
205.888583464692,771.124997189787,7084.2924816288
216.370527220953,1627.97375580226,7084.29298742568
234.391660318392,390.982302089782,7084.29385701943
243.729919163999,525.330889900033,7084.2943076288
345.202491826645,22.9494808573483,7084.29920409755
351.128152831442,67.8822345556718,7084.29949003505
0.905817200424224,98.1771261510112,7084.29996184755
3.65331632596465,130.831054323544,7084.30009442568
10.4594074982822,835.852553837668,7084.30042284755
21.1427589542256,134.023375730763,7084.30093836318
32.3380487141961,347.203293893372,7084.30147858193
36.4756495723601,1358.17046498232,7084.30167823818
50.589408292897,470.381844586143,7084.30235928505
77.4925567160135,1525.78838452655,7084.30365747255
165.541402521453,75.5767878835023,7084.3079061913
176.887909951299,290.90477249305,7084.30845370692
181.45552602042,207.519515460497,7084.30867411318
189.310750607145,787.710230376604,7084.30905316005
196.163469871738,160.205335109076,7084.30938383193
201.812923808061,945.226785731279,7084.3096564413
212.563627099443,934.993971135611,7084.31017520693
218.918008003501,1620.57045560715,7084.31048183193
237.426146256906,204.785285951026,7084.31137492568
257.304634040087,1943.150529371,7084.31233414443
341.851511415989,81.2091921487124,7084.3164138788
348.036541455009,101.007022190736,7084.31671233193
351.046323896455,48.4868152572648,7084.3168575663
1.66005696651679,1160.51468435074,7084.31736972255
11.7922896349039,258.773918959676,7084.31785864443
17.9954528690869,1211.21590535012,7084.31815797255
30.4114935343385,45.4102519475974,7084.31875709755
42.748201541431,2070.19135167741,7084.31935239442
70.1982494531004,962.872559462369,7084.3206469413
161.94496682195,33.1180742552117,7084.32507409755
172.500090901624,151.897563971382,7084.32558342568
178.964566024485,162.418384297425,7084.32589536317
189.651803227036,466.531424603289,7084.3264110663
197.441295061398,719.913406665995,7084.3267869413
202.012472954962,59.5123811342191,7084.32700751943
206.772430145031,319.235693435616,7084.32723720693
210.349197981058,486.406082078616,7084.32740980068
222.016273945818,1828.36978890322,7084.32797278505
251.499513446195,419.720758149111,7084.32939547255
258.823371335122,521.309773127143,7084.3297488788
350.913971303872,76.3804852699224,7084.3341926288
354.4554441768,94.0723679510036,7084.33436351943
358.987117702367,209.860379074556,7084.3345821913
6.73678132195946,724.492243975305,7084.33495614443
13.6426048980424,319.706233709027,7084.3352893788
22.2930985061541,1153.23861571426,7084.33570680068
34.8703948472424,28.1124810930233,7084.33631370693
36.9942424045738,77.9027675701371,7084.3364161913
40.3310695247563,1446.49270339414,7084.33657720693
55.9139388269998,339.542616245581,7084.33732914443
77.1932140423101,2272.8656734472,7084.33835595693
163.950395320284,80.4537408916062,7084.34254234755
175.94483973516,231.811334017173,7084.3431211288
184.694418166582,372.273462057038,7084.34354333192
189.642507035005,681.295131421678,7084.34378209755
196.175952963291,69.5569019049103,7084.34409736318
197.996393753644,1207.23808727519,7084.34418520693
206.737229340015,30.1287675363859,7084.34460698817
209.831201538063,310.886677512556,7084.34475628505
215.961832104681,1570.83401841618,7084.34505211318
236.678331368006,2772.42628854424,7084.34605176942
346.78002646593,116.310225339866,7084.3513646288
357.482482544264,44.2312401982559,7084.3518810663
359.4703313452,248.249615308893,7084.35197698818
4.09461351255752,1257.01171693748,7084.3522001288
20.8347677066432,236.941938291935,7084.35300791005
26.7869807917933,113.778771126949,7084.3532951288
33.4233972523003,1531.2953127733,7084.35361536318
53.1542292654414,2637.27706339978,7084.35456745693
173.618707246698,80.4537408916062,7084.36038036318
179.559263318203,159.617846717808,7084.36066701943
186.178463176325,319.235693435616,7084.36096792568
197.069050895317,1396.58395958975,7084.3614934413
209.358483191983,180.707643293587,7084.36208645693
211.989411917202,1414.55003266344,7084.36221341005
234.51890439983,787.710230376604,7084.36330055067
244.949363003069,3011.91338536455,7084.36380386318
343.244097595534,123.060631129768,7084.36854698818
348.625439652585,71.2910980249504,7084.36880666005
354.99957275949,166.078970020855,7084.36911423818
1.93291988084944,1428.92842003306,7084.36944880067
14.1592098977598,47.1608481433794,7084.37003876943
17.777101147163,947.767753167739,7084.37021334755
34.9948700340127,2304.39090032064,7084.37104417568
59.493754351033,177.66679794029,7084.37222634755
68.4871591318168,1920.74312010959,7084.3726603163
166.93893999522,29.0371424821467,7084.37741101943
172.873019885207,129.096192069689,7084.37769736317
180.193639758766,395.758703586324,7084.37805061318
183.753893482705,145.581491306501,7084.37822241005
190.605317510995,500.118946256123,7084.37855301943
199.846110540976,1406.87828054098,7084.37899892567
213.315817947698,618.865625412468,7084.37964889443
219.530638233222,1172.88290191198,7084.37994878505
233.933232425409,1671.70510767534,7084.38064376943
355.443929577085,131.97494486139,7084.38650716005
2.06739382534005,118.073814614483,7084.38682676943
4.49723858456135,60.5685501753328,7084.38694401942
10.3571668369964,1117.22409101844,7084.38722678505
25.4164408592641,203.865715975304,7084.38795345693
30.4260529243666,1346.61148898374,7084.3881951913
46.0639693925555,378.281517221524,7084.38894978505
53.3321325350814,1820.46033803118,7084.3893005038
174.717840363551,59.905719274056,7084.39515786318
179.108657958887,260.077570590767,7084.39536973817
185.964939123316,104.12128798043,7084.39570058192
190.820743083631,341.748906951267,7084.39593489443
194.052656854834,328.51774078857,7084.39609084755
200.112373761572,351.505852203005,7084.3963832538
207.77299052612,758.943408118995,7084.39675291005
213.488501023882,1749.04180028079,7084.39702870693
234.203057508143,184.208856501833,7084.39802826943
238.702674161371,1635.34352726202,7084.39824539443
267.959896623081,23.2544712652771,7084.39965717568
351.43277711212,106.969579027894,7084.4036625663
355.09276327752,56.4750399223435,7084.40383917568
358.79743468074,135.695260583546,7084.4040179413
7.64545031731924,1093.83835322774,7084.40444489443
16.4831041011649,217.941623081863,7084.40487134755
23.3410043486686,1194.21905697692,7084.40520226943
35.1230316306738,41.8858142614553,7084.40577080067
42.4481847936005,1671.70510767534,7084.40612426943
69.7871769156482,895.580332116452,7084.40744348818
175.432321590481,36.3953728266253,7084.41254130068
180.376848521373,304.783087656801,7084.41277989443
186.867228219523,471.976902005622,7084.41309308193
193.602405694264,78.9806484102762,7084.41341808193
199.136908275646,1339.44855207346,7084.41368514443
217.095222902405,1092.18811772394,7084.41455170693
233.458142350252,1447.32370532807,7084.41534128505
346.19368034199,29.4786452192941,7084.42078123818
354.325759577644,84.9962600302234,7084.42117364443
4.92168326161915,183.493484295916,7084.4216849413
8.33881442949211,287.003310006639,7084.42184983193
14.065010551367,1238.70236290458,7084.42212614443
27.3349292283938,68.9464457748201,7084.42276647255
33.324380055706,1150.10623247258,7084.42305548817
57.4544487001569,2122.95803159179,7084.42421986318
166.801674343298,47.7547133781453,7084.4294963163
177.734033131515,226.730356711613,7084.43002384755
183.460229177998,227.887583803543,7084.43030016005
189.121016356586,331.251664986709,7084.4305733163
192.198474442546,417.926276918834,7084.4307218163
202.476096217442,665.220378781584,7084.4312177538
211.878468732337,1892.99620423355,7084.43167145692
229.867868804208,983.874204329993,7084.43253951943
252.967260963099,673.30574449187,7084.43365416005
272.287182349977,556.99522771846,7084.43458642568
346.350820695618,45.0467545209943,7084.43816030068
354.623108167959,100.634292565793,7084.43855947255
359.81858528558,137.961017609989,7084.43881017568
4.91659651218308,274.69357344323,7084.43905617568
14.7917267344869,71.5541584317414,7084.4395326913
17.7736617838845,1006.82828740872,7084.43967658193
28.0778357145254,1307.64965522445,7084.44017380067
45.5216216777387,843.728031885149,7084.44101553505
64.7528200563453,280.11210018164,7084.44194351943
74.333933861784,52.6438510839444,7084.44240584755
169.196402718918,29.9332537923025,7084.44696547255
180.956734981317,119.261309161622,7084.44753295692
189.984139488896,233.426750151366,7084.4479685663
195.131369393469,305.521941079689,7084.4482169413
198.170618234648,30.3423813852177,7084.44836359755
199.780260862117,388.862109179655,7084.44844126943
213.699735644946,478.303952000658,7084.4491129413
218.725861822136,1376.63791477394,7084.44935547255
237.77249045992,768.782315585526,7084.45027455068
250.151293383009,1237.73125082494,7084.4508718788
351.120994395754,79.3366830564857,7084.45574408193
353.992511417273,47.8775109835627,7084.45588264443
358.442909467921,129.314323138452,7084.45609739443
5.74215805555877,357.652629734417,7084.45644961318
10.1349185430465,317.109838388063,7084.45666158193
18.4305201180694,721.165016592806,7084.4570618788
25.0488033834132,1379.25593168831,7084.45738123818
38.091086051785,285.427820267969,7084.45801058193
49.5337640609532,1733.85039659024,7084.45856273818
75.1274384951241,161.257410202786,7084.45979773817
172.787836008355,37.0033413632509,7084.4645102538
181.607680443809,140.190137276619,7084.46493584755
184.960374095623,145.839396115122,7084.4650976288
193.623172297836,317.583459530368,7084.46551564442
199.534585816381,49.2318893985377,7084.46580089443
201.319731643635,558.612045509221,7084.46588703505
206.240944509541,1456.43441751275,7084.4661245038
227.45092511035,430.330354683761,7084.46714797255
231.349232870822,1054.66002597865,7084.46733608193
251.148064262161,1691.72631458991,7084.46829145693
346.250713335888,36.8761791935679,7084.47288055068
348.561397297574,146.225392905208,7084.47299205068
0.161121502287767,1093.28857078594,7084.47355178505
8.20998240856856,180.082726508601,7084.47394017568
16.5735833617892,224.565421813594,7084.4743437538
23.7734233170414,1341.24289452586,7084.47469117568
36.5051754187642,1690.30411889537,7084.47530553505
48.8671403829942,80.6869432379287,7084.47590205068
79.4940648317215,1627.97375580226,7084.47737992568
165.518471749912,176.499675985653,7084.48153095693
172.984804576753,38.5574697170377,7084.48189123818
177.640819807374,324.605314849791,7084.48211591005
185.451035271811,1159.47806911265,7084.48249278505
203.429749681873,561.296398249311,7084.48336033193
207.405123436972,42.8832351573316,7084.48355216005
211.435544320321,1333.14947969865,7084.48374664443
230.296576880213,2103.61150720928,7084.48465228505
352.729799040015,58.9572904385882,7084.4905601913
358.90284829401,36.8443227316551,7084.4908580663
2.68685231769251,249.156167919651,7084.49104066005
15.2592915980342,1286.32549056817,7084.49164733193
26.9807670728916,977.12893332158,7084.4922129413
34.8589819155262,223.39100014257,7084.49259309755
42.553274597794,41.5480184978723,7084.4929643788
55.8976687591448,2331.3679875514,7084.49360830067
170.784901737959,48.1953123243617,7084.49915208193
177.016559982342,236.941938291935,7084.49945278505
188.103374493498,221.70244806663,7084.49998776943
191.573609935164,426.823132393395,7084.50015522255
196.387318979483,513.172893068514,7084.5003875038
205.240839332657,1073.30799803407,7084.50081472255
214.408775885998,68.1239994970717,7084.50125711318
216.451024159335,762.894192263275,7084.50135566005
223.054088586591,1050.66177980007,7084.50167428505
239.202324238035,964.12056116435,7084.5024535038
262.108727657826,466.853500302733,7084.50355883193
354.767932028839,87.3940572687637,7084.50803001943
358.360890205573,50.1769216454395,7084.50820339443
2.28445488548681,253.195603372447,7084.50839272255
10.4392005302793,403.283323402448,7084.50878622255
16.3431664777745,873.833116976641,7084.50907111318
21.7371369756982,182.980783303144,7084.50933139443
31.1479284888704,58.6777709754571,7084.5097855038
35.3927093595459,1292.85260275225,7084.50999033193
63.5085135364376,1746.28955740275,7084.51134703505
172.725568948854,158.554919194032,7084.51661720693
183.237950494379,239.46603033842,7084.51712447255
190.766130402367,847.283576632663,7084.51748773818
199.392014671493,320.645149320953,7084.51790397255
203.763727719831,802.081512318864,7084.51811492568
214.364508539944,834.412650085881,7084.51862645693
218.219426223508,1543.02937094286,7084.51881247255
232.83897087563,320.8794618903,7084.51951792568
248.968101942379,617.893347598653,7084.52029622255
274.588976188143,23.2292084872965,7084.52153253505
346.91309715054,31.3699378973187,7084.52501784755
353.041137244551,83.9956160181288,7084.52531355068
355.915568510057,57.1365559032255,7084.5254522538
5.74277536608578,267.766253614354,7084.52592645693
10.989090018577,240.718139865592,7084.52617961317
16.9859884546353,913.526920776064,7084.52646898818
23.8895454048828,85.2170278786701,7084.52680211318
33.262775329121,1214.1906369223,7084.52725441005
48.2148693765735,747.368000819648,7084.52797591005
71.7886382505574,1884.08200152423,7084.5291134413
176.648875681344,436.572389350687,7084.5341733788
183.218264190881,118.86680528761,7084.5344903788
188.324370644382,732.333749198233,7084.53473676943
197.551239997187,1380.12756778494,7084.5351820038
213.087804940839,419.362489179065,7084.53593170693
216.683353552484,425.412149951399,7084.53610520693
224.570311164777,61.3008740990573,7084.53648578505
230.249231500832,40.7777527022812,7084.5367598163
234.866066134836,2894.64741065615,7084.53698259755
347.702307995263,98.4637787970755,7084.54242741005
357.851702431585,263.807475864297,7084.54291716005
2.90923786296304,113.861309269936,7084.54316120693
6.17741794909991,165.057648104927,7084.54331891005
13.3374297649748,1365.23514715492,7084.54366441005
22.9327910566656,62.5148682820154,7084.54412742568
33.9393015578264,1424.7145685431,7084.54465853505
45.9023367185151,395.758703586324,7084.54523580068
55.2053006387203,922.043330575661,7084.54568470693
80.1403524637476,213.235415436053,7084.54688792568
173.023307209897,72.8552496109813,7084.55136991005
182.698648777899,174.034023303626,7084.55183678505
187.98900112545,261.805688239747,7084.5520920663
196.007100395695,434.847491348478,7084.55247897255
200.241843260409,38.3130437098256,7084.5526833163
204.256073840746,619.836348914049,7084.55287701943
215.214984709316,1093.83835322774,7084.55340583192
225.27144661938,1267.49089002232,7084.55389109755
268.229898205377,900.267527192966,7084.55596401943
332.525586378921,27.9868853786391,7084.55906655068
349.904934712988,185.226028959207,7084.55990517567
354.31809505917,72.01221563502,7084.5601181288
357.34471542178,240.092890013699,7084.56026417568
4.46166089442995,96.4393356839288,7084.56060759755
11.5093117902749,1089.98399195315,7084.56094767568
20.072377588722,247.187714741415,7084.5613608788
29.8652609088798,403.655886493937,7084.56183342568
35.6037616625513,1188.16201322147,7084.56211033193
51.0464227281085,2402.49353744559,7084.5628555038
175.36842170215,48.8727877612227,7084.56884997255
177.475431300622,162.186847285639,7084.56895164443
181.097532068012,277.416062344216,7084.56912642568
190.725274003422,350.220630274123,7084.5695910038
194.983654704502,1363.47244605872,7084.56979648817
207.389657401488,720.748072335908,7084.5703951288
216.582850836574,486.09694047741,7084.57083873817
223.824461898747,43.7775787842654,7084.57118817568
227.127289292135,1451.47205365959,7084.57134755067
254.852258892383,2617.13806182229,7084.57268539443
338.327336407044,84.3304800990374,7084.57671341005
344.71345033667,81.6130774072832,7084.5770215663
349.30891379784,56.1413554533985,7084.5772433163
353.069279947461,405.883993082057,7084.57742476943
3.89186828825505,289.610141424035,7084.5779470038
7.2876282079018,1103.14313239712,7084.57811086318
19.3918431078968,1975.06810906134,7084.5786949413
35.4759650146621,62.7398757946374,7084.5794710663
47.4283146266297,223.222718087612,7084.5800478163
60.8912221181489,1684.60323468622,7084.58069745693
170.762366850342,72.9196980575608,7084.5859991913
177.247889412353,75.5146153941233,7084.58631214443
183.855163282204,307.972036761583,7084.58663097255
191.910824141383,498.915297963975,7084.5870196913
198.044045180609,42.1373803904945,7084.58731564443
200.57265099176,278.227607619641,7084.58743766005
208.012755471932,1449.81415761691,7084.58779667568
232.795618199856,773.460573366691,7084.58899255068
240.627852455279,1042.04267437069,7084.58937048817
342.188824354817,29.0573554800888,7084.59427122255
356.3087354101,93.6720562227933,7084.5949525663
1.33000456423963,232.620450679732,7084.59519486318
5.61461361198827,223.895083029113,7084.59540161318
11.9948990536399,58.6777709754571,7084.59570948818
16.1807471248511,580.775205705208,7084.59591147255
17.6731717715435,358.911206310708,7084.59598348818
28.7156248162588,934.350707915144,7084.59651633193
39.4462520580216,1448.98448795061,7084.5970341288
54.801485313914,393.473281734558,7084.59777508193
71.3165938588639,41.4064581233387,7084.5985720038
75.1112835066598,1647.06659422365,7084.59875511317
164.177529738636,30.7078494576896,7084.60305292568
169.980144236986,81.3825326573259,7084.60333292568
174.426980387799,363.695545901876,7084.6035475038
185.29231118735,146.866435679627,7084.60407180068
189.607358099755,1314.07096315428,7084.60428001943
198.433678641335,396.138344349595,7084.60470592567
208.520902187434,422.576029723842,7084.60519267568
217.638324939589,1677.44995671626,7084.6056326288
240.784345266147,482.683504277048,7084.60674951943
248.2543653078,591.03705263297,7084.60710192568
353.614236335425,100.913971623484,7084.61218597255
357.399211861728,75.3901038819116,7084.61236861318
0.0116835827084305,110.000480946226,7084.61249467568
10.6684828829069,404.399930209465,7084.61300891005
17.1154725041487,333.061772606058,7084.6133200038
20.4911564495688,909.569419782486,7084.61348289443
31.4649624225424,122.907864441579,7084.61401242567
39.9059531794663,1587.58595159014,7084.61441973818
79.939135814303,865.53697542513,7084.6163515038
169.706099571419,64.4752862211107,7084.6206831288
174.591693665151,107.232729640305,7084.6209188788
186.440425164442,432.07329381012,7084.6214906288
193.234535438647,270.974798155521,7084.62181847255
199.0439498522,554.832124688431,7084.62209880068
202.792011370024,1118.2998971293,7084.62227966005
217.832828425749,386.924547957079,7084.6230054413
224.856517638456,58.5174478318073,7084.62334436318
228.076126740166,709.820702216035,7084.62349972255
240.281045471154,1837.55433091903,7084.62408866005
345.999370469399,73.8796315791213,7084.6291900038
357.895377716814,220.171700315852,7084.62976403505
3.23171065157677,140.190137276619,7084.63002153505
6.25865482326224,202.385733172328,7084.63016759755
15.2099647634414,1427.24443374931,7084.63059953505
26.9994396164966,65.2717532800828,7084.63116842567
30.7468535538653,1118.2998971293,7084.6313492538
44.005762797703,349.576229075055,7084.63198905067
60.203217051726,2847.74048786574,7084.63277064442
166.351557223232,34.3195923069306,7084.63789273818
176.770034928358,107.669879956251,7084.63839547255
182.139719934068,263.949889722781,7084.63865458193
188.497662737962,332.157940041711,7084.6389613788
194.632502747175,635.640096113832,7084.63925741005
201.68015364302,1589.10018477343,7084.63959748818
218.580268276639,764.861896040969,7084.64041298818
223.662736780686,501.619468185055,7084.64065823818
230.979470945335,46.8109509488279,7084.64101130068
251.301250036194,1906.92017731919,7084.64199191005
345.899084567868,105.910447079083,7084.64655664443
353.098600751741,37.4763449439985,7084.64690405068
359.453305464875,122.448398642838,7084.6472106913
3.06083489924101,1096.03481845966,7084.64738476943
16.5415076547288,192.683771715885,7084.64802651943
22.3833027496967,653.364917724275,7084.64830841005
30.3813260080191,170.43405575734,7084.64869434755
34.1047781868581,173.276643034015,7084.64887401943
39.4738155744164,1359.05564579986,7084.64913309755
61.5428551322153,2232.29457141372,7084.65019801943
174.104185160472,40.517741939361,7084.6556295663
179.089187961981,242.584202725382,7084.65587011318
185.094829167697,593.574800422658,7084.65615991005
194.010196564322,137.89289154964,7084.65659011318
198.286710460565,608.084860242997,7084.65679647255
201.71031777226,877.266648213748,7084.65696167568
213.797047095244,298.55476424423,7084.65754491005
216.806829574386,31.6865318705783,7084.65769014443
220.885821442162,2512.10940938051,7084.65788697255
250.401441548563,719.495740764131,7084.65931122255
348.602919843388,27.2857743344179,7084.66404984755
354.208012313271,100.820830850612,7084.6643203163
358.240699822456,101.563528420723,7084.66451491005
7.39795075168364,372.273462057038,7084.66495678505
11.0942031943219,154.837795363072,7084.66513514443
17.5748686955867,278.767342543063,7084.66544786318
24.1183527052266,1257.96795202859,7084.66576361318
34.4445455022457,367.805230716556,7084.66626189443
47.0458035264716,88.5155698737705,7084.66686995693
58.7533553618488,2540.66767624295,7084.66743489443
171.919556144999,68.1584649830924,7084.6728956288
183.95739067448,314.013676172564,7084.6734765038
188.961174251608,1406.87828054098,7084.67371795693
204.853926464653,269.445049605466,7084.67448484755
210.192526062947,531.305610618205,7084.67474245693
219.060617711449,1508.35022250106,7084.6751703788
243.707157836206,476.414629968502,7084.67635967568
251.582458434853,429.28119392549,7084.6767396913
348.017895487119,32.8510621483424,7084.68139309755
352.114049122831,75.9487819856908,7084.6815907538
356.156127019824,82.8696139487661,7084.68178580068
7.89314525493367,216.73129957378,7084.68235216005
13.0054040054848,824.992185677331,7084.68259884755
19.7175912243155,806.566646804896,7084.68292273818
31.0906507722102,70.0950686383095,7084.68347153505
39.8033152328494,1384.47708852851,7084.68389195693
63.4690452058647,982.039227714893,7084.68503392568
171.018633242368,86.6383215170075,7084.69021141005
176.108873164237,117.675313937582,7084.69045703505
188.880453480729,423.286822259783,7084.6910733163
191.900921546288,211.110087744437,7084.6912190663
196.737297075137,44.9684837977582,7084.6914524413
198.739393400021,677.312150809684,7084.69154905068
208.317916695157,394.998395103485,7084.6920112538
214.288910631318,834.412650085881,7084.6922993788
226.033700133465,2095.59325448083,7084.69286611318
250.904638289206,1608.65443188385,7084.69406623818
343.664546491212,28.6503702706664,7084.69854228505
346.249494666916,114.273111806451,7084.69866701943
355.25196606413,72.9196980575608,7084.69910142568
0.991114398256805,183.493484295916,7084.69937836318
7.42320891509453,761.711083097083,7084.69968873818
11.8104646859878,65.8806134645751,7084.6999004413
15.1955389815214,1355.51170288295,7084.70006378505
33.467622227993,279.574974282326,7084.70094548818
40.0447820799598,767.99983039777,7084.70126286318
54.8832200087747,2333.43033784195,7084.7019788788
62.1879733130068,53.8349399781257,7084.70233136318
172.637436644349,35.7442443699174,7084.7076610038
183.959334772905,418.645007549401,7084.70820733193
189.491246919376,209.3225037747,7084.70847426943
195.725171789595,48.3898442149577,7084.70877508193
197.906980719163,1263.69037456442,7084.70888036318
212.97564512924,1444.82914521404,7084.70960748818
235.543346856649,441.025577169185,7084.71069647255
247.183546856588,22.7696837079572,7084.71125816005
250.425822480524,2133.12922880959,7084.71141461318
344.390615093876,103.124023209666,7084.71594880068
349.424188879813,54.5715486688358,7084.7161916913
354.31755435367,141.125194863534,7084.7164278163
1.62068861252274,1111.82951734179,7084.71678022255
10.7173877346031,222.548340866879,7084.71721917568
19.1865496549555,1269.38692890377,7084.71762784755
32.7585798626573,76.0723775639072,7084.7182827538
36.4771749807496,305.521941079689,7084.7184621913
50.4516968541318,261.518445787701,7084.71913651942
55.4036713560739,977.743996877223,7084.71937547255
75.1769220188954,2496.74458885352,7084.72032961318
164.852572295132,103.669177409227,7084.72465683193
177.579791107488,496.499230617786,7084.72527097255
182.617250564639,358.282459256287,7084.72551405068
188.265733073735,451.134407608578,7084.72578661318
194.149946780687,53.7912943354701,7084.72607055068
199.077959561796,1601.16175873526,7084.72630834755
212.938177736085,507.577146979798,7084.72697716005
224.803099538388,499.216445959405,7084.7275496913
229.014204491344,1719.92364794704,7084.72775289443
255.996037916771,1477.74525949274,7084.7290548788
342.281402167891,64.5117015363184,7084.73321066005
348.557098031942,71.5541584317414,7084.73351348817
351.247607212474,95.0163489554789,7084.7336433163
357.503227102299,236.147629228967,7084.73394517568
3.39812643336438,379.273584760753,7084.7342296288
7.3722049898563,55.9737707572783,7084.73442139443
13.3516178112072,1489.09384822815,7084.73470992567
31.0220683558478,1427.24443374931,7084.73556259755
40.1242721945226,903.600638757496,7084.7360018163
63.4354338304368,245.662795661516,7084.73712667567
177.685415372941,52.5098402259783,7084.74263970692
186.185986547481,220.512788584593,7084.74304989443
192.386883118133,203.865715975304,7084.74334911318
199.739559826336,811.026967806328,7084.74370391005
209.265302656753,402.163607970962,7084.7441635663
218.980796210904,1307.64965522445,7084.7446323788
239.431450296184,1251.25876326848,7084.74561920693
347.216956640436,44.1781125570806,7084.75082030067
356.393959810206,62.0624038272233,7084.7512631288
358.66772980111,81.3247941211515,7084.75137284755
2.85649211630787,242.11904703364,7084.75157497255
10.6252603205958,278.767342543063,7084.75194984755
14.7567088817096,93.772302423023,7084.75214920693
20.7283503983266,1545.36561325358,7084.75243736318
46.6966690684332,1587.58595159014,7084.7536904413
62.5874785024144,1058.0750720024,7084.75445723818
166.161879893709,53.2206639869415,7084.7594551288
176.985439661731,154.107990257835,7084.75997741005
182.016422937364,259.643723188319,7084.76022017567
190.823638969642,360.165453017203,7084.76064516005
196.923831671605,514.927323003178,7084.76093951942
200.230544811599,35.3810106212826,7084.76109908193
206.141958254752,1433.12983702515,7084.76138433193
222.448859147122,875.208128192639,7084.76217120692
232.786708995482,677.312150809684,7084.76267005068
279.349451962782,2251.603570258,7084.76491689443
335.720944744176,56.5166108357218,7084.76763705068
346.468086135723,203.127056841446,7084.76815564443
349.593467512566,72.9840840540952,7084.76830645692
352.211120178761,72.6615712043355,7084.76843276943
358.337865074165,703.866409601517,7084.76872841005
6.74032277723057,249.758741466266,7084.76913386318
11.5948314635467,144.675244007075,7084.76936811318
16.2181422790688,1436.48226647031,7084.76959120693
31.9214676528481,2122.95803159179,7084.77034895693
48.901947836373,816.199829944964,7084.77115908193
62.3159604966933,1547.69819182832,7084.77180636318
170.076209959199,54.8291655133593,7084.77700623818
174.671997154053,149.151455075547,7084.7772280038
182.030502387927,373.482800242186,7084.77758308193
190.080334721435,374.286851512196,7084.77797151943
196.498181752021,1406.02340881202,7084.77828120693
213.668674853051,464.270621947094,7084.7791097538
223.458320120146,441.366249104291,7084.77958214443
229.134002365442,2321.02936870149,7084.77985601943
264.253743514498,235.510250190529,7084.7815506913
347.658554949734,40.6045960743562,7084.7855753163
354.803347814433,159.264323951191,7084.78592008193
357.852634699269,80.7451397411008,7084.78606722255
5.65993584432602,209.681244589532,7084.78644395693
11.0467826179717,37.256357721116,7084.78670389443
16.9828053624142,1505.95669268228,7084.78699033192
30.9230037753176,914.84231301564,7084.7876630038
52.4885240273672,922.69519802457,7084.7887036288
70.4167245985468,389.055343497091,7084.78956873818
172.735080159158,42.8284317732786,7084.79450601943
179.514295366655,81.7855644319465,7084.79483314443
186.954076037751,221.70244806663,7084.79519214443
192.825985112907,274.556738455445,7084.79547548818
201.266975832134,471.658323508706,7084.79588280068
204.804563033847,555.914758670895,7084.7960535038
209.63251963981,38.1902426349612,7084.79628647255
214.350058104807,809.542932689311,7084.79651411318
226.494748800027,402.163607970962,7084.79710014442
232.720902327816,665.672128530304,7084.79740058193
244.594566937473,1636.81357356893,7084.79797353505
347.158367930523,118.708626262176,7084.80292266005
357.132259091668,334.637623167211,7084.8034039413
2.55504844656391,185.530091290076,7084.80366561318
3.2428136463637,137.483524564885,7084.80369880068
10.6424423313105,840.157443615652,7084.80405586318
18.6560083121888,1316.81354709201,7084.80444255068
27.9466676005971,89.7801416543942,7084.80489086318
38.1057761584129,1411.99740788522,7084.80538108193
56.5857432106927,431.376961929075,7084.8062728163
67.8561560731388,97.841644508545,7084.80681666005
73.6059901067714,350.220630274123,7084.80709411318
172.569385352037,37.7261902273496,7084.8118695038
177.307323675728,61.9866658002621,7084.8120981288
186.889864365384,268.886607424079,7084.81255353505
193.742583667673,402.910427244052,7084.81288420693
197.800204324919,236.30669643282,7084.8130800038
203.543238367957,44.4695461010447,7084.8133571288
207.431184351088,679.970080241787,7084.81354473818
212.092056680152,374.487607590623,7084.81376964443
223.897398027143,1579.99358041394,7084.81433930067
240.844788446581,314.013676172564,7084.81515708193
248.172532044419,776.176511951832,7084.81551067568
337.768525891117,26.8300746203431,7084.81983405068
350.612315066098,114.190865097008,7084.8204538163
356.580394720576,196.354252302022,7084.82074180068
359.57431063039,105.466003985644,7084.82088626943
7.9673779833431,148.140236189143,7084.82129126943
11.4395562417693,299.559987926301,7084.8214588163
15.9751154385509,1282.58059728381,7084.82167767568
36.5332733077222,963.496726846813,7084.8226696913
45.6458389237382,1541.47017372708,7084.82310941005
179.133818797748,64.8747444653708,7084.8295507538
187.28791689978,246.883513632667,7084.82994422255
194.80962062625,265.086397277514,7084.83030717568
202.178487675161,435.5382721144,7084.8306627538
205.981596283539,1317.72626144055,7084.83084626943
226.363603372469,1249.33519085602,7084.83182978505
247.201530172254,1632.39965988993,7084.83283530068
343.879174566199,33.4883197561364,7084.83750039443
351.146690165966,223.559143419649,7084.83785108193
0.42342570180562,478.93206067684,7084.83829872255
3.59996853568301,181.847772950938,7084.8384520038
7.44096254207051,171.970521156695,7084.83863734755
12.1769580113064,52.1958101740161,7084.8388658788
13.9556277701302,56.9718959508858,7084.83895170693
18.4481206613833,1639.74966937985,7084.83916848818
38.5782062117492,1496.34404866816,7084.84013984755
47.8034565191752,912.868558522462,7084.8405850038
73.6305956007596,243.666142818455,7084.84183126943
170.349039636702,33.9584124708914,7084.84649833193
174.758314198582,31.5937449812953,7084.84671109755
183.858575220497,267.063621217645,7084.84715022255
190.449334940564,329.659632924972,7084.8474682538
198.396196779548,473.249051058389,7084.84785172255
202.501416993993,478.618089605476,7084.8480498163
209.9165883638,142.845499317978,7084.8484076288
214.554794283726,736.835426007332,7084.8486314413
222.226096672388,1513.12606888609,7084.84900161318
242.3338395473,633.270935690433,7084.84997189443
255.080486753427,426.823132393395,7084.85058697255
345.105324683481,29.5383370541025,7084.8549168788
352.443753905432,114.928913608203,7084.85527098818
0.819335643677661,117.515538966551,7084.85567514442
4.50198825591166,214.29016894281,7084.85585284755
10.3243548817166,263.379817955212,7084.85613380067
16.05573191111,64.2563571795485,7084.85641036318
17.893334394006,515.219145125201,7084.85649903505
28.7440939359246,1098.77429377292,7084.8570226288
40.6067491123923,1480.99654762035,7084.85759505068
56.7621085258105,696.999236105,7084.85837461318
85.427736291651,1249.33519085602,7084.85975784755
166.091200973789,50.7817642103614,7084.8636501913
173.923111420135,216.384243856282,7084.86402811317
180.557585101579,328.746446731643,7084.8643482538
185.02223063848,219.316662053437,7084.8645636913
193.958321665179,68.9464457748201,7084.86499489443
195.794628949467,1308.56903091114,7084.8650835038
212.997178960533,754.57357029407,7084.86591359755
218.653108965287,1402.59814873644,7084.86618651942
240.00394545863,471.020500381059,7084.86721678505
246.010881862953,1589.10018477343,7084.86750664442
348.026802083814,120.437090855852,7084.87242933193
353.21774579898,60.7234540428436,7084.8726798163
357.846561331096,26.4776117697707,7084.87290317568
2.9685343162288,553.475876241549,7084.87315033193
7.43738929572418,925.947540864058,7084.87336597255
23.7643662377124,789.235343745531,7084.8741538163
31.4343733900707,1691.72631458991,7084.87452392568
55.8043827126695,2316.88113139228,7084.8756998788
173.294696986958,179.76943544884,7084.88136926943
182.190959836584,96.8282121149855,7084.88179855068
187.867289700032,597.612737074371,7084.88207245693
195.450840469954,237.417252524352,7084.88243839442
198.32494796408,583.872672432761,7084.88257708193
207.708539741052,1836.24504490609,7084.8830298788
225.774358114006,1342.13906655134,7084.8839016288
243.218791619979,515.802289768885,7084.88474339442
255.505957253114,355.967560983217,7084.88533630067
344.735402015381,31.3699378973187,7084.88964198817
347.487758201668,45.9501048322153,7084.88977480067
351.503607789689,106.881718753282,7084.88996858193
3.19594067389037,199.957397861716,7084.89053278505
7.10072461588089,285.427820267969,7084.89072120693
13.3618492223005,806.566646804896,7084.89102333193
19.8169340327441,33.4356778375344,7084.8913348163
22.4993479863779,1230.91170589618,7084.8914642538
41.6677278566092,941.402511500655,7084.89238920693
54.0594830296473,1437.31915258627,7084.89298716005
172.576416885079,53.5286814873359,7084.8986875038
179.064853728774,202.571306950894,7084.89900059755
184.274254523571,119.73301516921,7084.89925197255
192.087060385223,429.28119392549,7084.89962897255
197.448974010807,813.986877901129,7084.89988770692
203.450405773929,340.426853373543,7084.90017730068
209.859510034857,250.059473128061,7084.9004865663
216.701219866261,1550.02732871168,7084.90081670693
236.248453490415,588.488313635338,7084.9017599413
244.477674694923,521.597987024336,7084.90215703505
353.059745334561,86.8549190902179,7084.9073965663
1.81482844488099,140.991995856155,7084.90781903505
5.18144577387154,193.46227397854,7084.90798148818
10.2966188061059,369.232783237194,7084.9082283163
18.154110018666,233.426750151366,7084.90860747255
20.9343135970016,132.046110157269,7084.9087416288
29.0570024071507,1263.69037456442,7084.90913358193
40.8228393861442,1418.79397119737,7084.90970133193
66.2202870658478,1180.03773419417,7084.91092686318
171.793870462647,127.116192571997,7084.91602122255
179.548067333911,158.673366112971,7084.91639539442
184.628593096591,109.22913962208,7084.91664055068
188.104333254852,525.90287680232,7084.91680826943
198.531877501016,1091.63744710372,7084.9173114413
208.132419737922,405.513483903164,7084.91777470693
213.872863270656,996.021265464719,7084.91805170693
228.981355895503,198.82660795556,7084.9187807538
232.098642158536,29.9332537923025,7084.91893117568
238.130835519997,2668.10218363389,7084.9192222538
347.705373362717,111.020602433509,7084.92450967567
355.589092921946,105.37689471013,7084.92489009755
359.77429333731,487.023754658367,7084.92509205067
2.40910773374436,132.543198638757,7084.9252191913
6.68303119507602,21.9289881392415,7084.92542542568
13.4622463648768,1398.30491630022,7084.92575255067
23.9788374660849,1365.23514715492,7084.92626001943
41.3319575288745,238.522618323245,7084.9270973788
50.6200263446755,137.824751611504,7084.9275455663
66.0542684119549,681.295131421678,7084.92829033193
175.231171800526,54.052630427126,7084.9335585663
183.264166212871,98.5591469548908,7084.9339461913
188.264387852468,90.8205038951948,7084.93418747255
197.474743093186,255.999943465923,7084.93463191005
203.835600141066,984.485049038142,7084.93493884755
212.534380254815,115.010626022816,7084.9353366913
220.373090691756,723.661852664037,7084.9357149413
233.3859069227,344.595962875616,7084.93634286318
239.124731485447,1458.08476403886,7084.93661978505
354.328323481188,53.6163648201526,7084.94217883193
1.29761314610199,944.590516915866,7084.9425151288
12.1347727822242,178.405554218664,7084.9430380663
15.6257318539655,210.396880473418,7084.94320651943
21.7615433281026,36.2012676780044,7084.94350259755
27.5068439969763,429.28119392549,7084.94377983192
34.039642382503,1703.06124758213,7084.9440950663
58.9546182333039,2479.3453956562,7084.9452973163
166.609954309134,37.8815069590477,7084.9504921288
178.047775219859,331.478455795065,7084.95104405068
186.499127754125,451.467474515965,7084.95145186318
190.726423047789,85.9852605783473,7084.95165584755
196.399191049098,1093.28857078594,7084.95192958193
213.025689049154,1894.26629937373,7084.9527318788
232.96278586042,750.979445296451,7084.95369392568
240.641535782435,39.9044616794519,7084.95406445692
244.975039699079,1544.58734691332,7084.9542735663
346.10146313599,67.9514014501059,7084.95915333193
350.13868393454,58.3566875378416,7084.95934814443
356.193867514215,54.2694465754945,7084.95964033192
0.0954134031425014,345.90205699736,7084.95982859755
4.81133286045578,76.257389292067,7084.96005616005
9.47932895149387,131.189586971558,7084.96028141005
13.0722871282279,1175.95455595421,7084.96045478505
28.3893111770345,307.972036761583,7084.96119389443
33.2927146945497,1535.99966079554,7084.9614305038
45.9101630594831,181.847772950938,7084.96203934755
52.3221815643982,1823.10067042835,7084.9623487538
168.432108265253,28.0706777266992,7084.96795153505
180.619541494621,142.845499317978,7084.9685396288
185.291099447799,259.933047308536,7084.96876505068
193.827936899577,424.350832251008,7084.96917698818
196.907013955524,1001.4393758695,7084.9693255663
209.653013581195,1683.17504378734,7084.96994061318
226.523985586462,296.280472378285,7084.97075470693
237.528877004547,437.60406409632,7084.97128573817
247.301684312783,1792.50281284737,7084.9717573163
348.70308047429,132.684876974487,7084.97662542568
352.730587075955,61.4539322207897,7084.97681976942
359.586544469004,189.438520425966,7084.97715059755
8.88983216058872,1292.85260275225,7084.97759951942
17.0733966623535,314.491988007148,7084.97799441005
25.033858331742,60.8007602598271,7084.97837853505
32.8152550145984,1686.03031536207,7084.97875401943
56.4058618097459,309.675590726144,7084.97989236318
67.7630548260088,544.991995976574,7084.98044039443
79.0894862439321,97.7455755224454,7084.9809869413
79.7587945148849,71.5541584317414,7084.98101923818
171.074849092322,32.9403067322875,7084.98542561318
176.825006859638,87.4477851242617,7084.98570308193
182.827410012291,170.654393394365,7084.98599272255
192.498218215534,269.305550082422,7084.9864593788
195.418306259176,340.868111514681,7084.98660028505
200.29677662863,37.0984250264161,7084.9868356913
204.595633200327,774.625696919884,7084.9870431288
216.943026831532,630.416219227214,7084.9876389413
220.964704907528,550.753442851715,7084.9878330038
234.513097354256,1964.07845542979,7084.98848676943
264.161478201685,80.3368829793705,7084.98991742568
340.26606958436,22.168655799959,7084.99358978505
354.498017750597,98.1771261510112,7084.99427653505
357.88309204613,145.193801426302,7084.9944398788
2.95811305451954,25.8265145380854,7084.99468476943
5.28304450245708,113.448014871231,7084.99479695693
10.201666895756,533.845800898547,7084.99503430067
16.6735896273631,254.084531192689,7084.99534659755
20.6159351205916,166.418032132576,7084.99553683193
24.430700818006,1107.49476256444,7084.99572091005
40.9435426617286,2190.97251452638,7084.99651772255
61.5538334528581,597.10952848846,7084.9975122538
166.624545199756,24.9946747327146,7085.00258234755
175.668139972651,72.0774134821411,7085.00301873817
181.49730658905,245.509806928723,7085.00330001943
191.259752119944,1127.93596684924,7085.00377109755
207.638861870802,75.3901038819116,7085.00456145693
211.740196376336,1622.05393561266,7085.00475936318
233.93940616486,477.360206918576,7085.0058305663
242.891363723191,980.200698386113,7085.00626253505
263.909650783507,340.647565710839,7085.0072767538
346.24007192259,32.3467398699595,7085.01124953505
348.501861090773,71.4227496589892,7085.01135867568
357.667854827355,185.124568452544,7085.01180097255
3.39437468291319,198.448243948768,7085.01207730067
7.44260499004541,576.619307857129,7085.01227264443
12.0429254742656,129.966523654268,7085.0124946288
22.6362587233291,98.1771261510112,7085.01300580068
25.5307660384541,1258.92340996359,7085.01314547255
42.3479861140792,1707.29252957358,7085.01395697255
62.6963173229866,372.273462057038,7085.01493886318
88.972252315755,20.7881368369245,7085.01620678505
167.454194766747,28.8749215510142,7085.01995367568
176.31710550773,61.4921377706246,7085.02038134755
183.622506430114,94.3216962867588,7085.02073386318
186.900724597604,309.675590726144,7085.02089205068
192.300199774427,309.189812641719,7085.02115259755
198.933054372795,608.084860242997,7085.02147266005
207.832879046864,1215.18051177105,7085.02190211317
220.111301948036,348.930662141811,7085.02249459755
224.114846866564,452.46520419262,7085.02268778505
235.279698799575,91.1302977524286,7085.02322653505
238.825381190489,992.392723553337,7085.0233976288
259.758183295596,2598.6941487588,7085.02440772255
337.975936649185,24.806030493596,7085.02818205068
347.128978098122,242.739051081742,7085.02862372255
356.236038997543,252.601245476214,7085.02906317567
0.630094721334746,289.090640315237,7085.02927520693
3.93616020548149,241.341752138524,7085.02943473818
12.5040831400674,103.215082314367,7085.02984817568
16.2939156894206,2196.45390764356,7085.03003105068
38.8544936548557,309.675590726144,7085.0311196913
45.7114224374358,1677.44995671626,7085.0314505663
57.5484968853863,360.999147241969,7085.0320217538
67.8617373947607,35.4473325692162,7085.03251941005
172.339235438106,39.5200504266224,7085.0375608788
180.874130073125,70.2289684739732,7085.03797272255
184.594020465217,150.655543595946,7085.03815222255
187.883247990504,280.915873895893,7085.0383109413
197.55729424681,234.390673536922,7085.0387777538
203.32169957577,607.590255885526,7085.03905591005
211.51562581718,267.344896220933,7085.03945130068
214.220706217648,66.5897892382361,7085.03958183192
217.079594798294,1528.9375321359,7085.03971978505
247.239913874359,1757.27254969615,7085.04117514442
342.768692450132,43.8311921480139,7085.04578480068
352.703403090052,135.418051772085,7085.0462641913
356.819956509065,187.644760840655,7085.04646283193
359.898385946861,138.097130952808,7085.0466113788
10.1138368692299,225.066881798242,7085.0471043163
16.6825777983111,1651.44131702988,7085.04742128505
32.794223288049,101.932857987652,7085.04819873818
33.1610961815548,187.243803795312,7085.0482164413
36.6692169835355,1410.29299349782,7085.04838572255
65.6405182175821,2684.27813310268,7085.04978370693
163.746149779857,24.1827842473175,7085.05451770693
169.734953026714,220.171700315852,7085.0548066913
178.396132258939,198.82660795556,7085.0552246288
186.302194493622,1091.63744710372,7085.0556061288
198.372733513594,1248.37229442676,7085.05618858193
213.522673360893,1255.09691528691,7085.0569196288
230.893278962998,2325.17027853874,7085.05775783193
349.368686427619,60.60731083668,7085.06345683193
356.738848712833,82.8696139487661,7085.06381247255
2.60233882740719,227.557542253898,7085.06409541005
5.9213565615025,220.000961892453,7085.0642555663
11.9597022200137,285.164392099801,7085.0645469413
17.6347368848541,175.966602400379,7085.06482078505
24.3469241036849,1703.06124758213,7085.06514467568
41.4717605019715,702.583935474621,7085.06597101943
48.4196789563552,1444.82914521404,7085.06630628505
81.3550207032364,269.445049605466,7085.06789555068
174.916350261376,49.9423419286771,7085.07241026943
181.598099690943,270.002326052676,7085.0727326913
186.081202156691,305.029557168268,7085.07294901942
197.715897477732,391.36657803418,7085.0735104413
205.127507023095,1419.64140443207,7085.07386808193
218.082038072726,1385.34539395607,7085.0744931913
239.363579913872,405.142613901788,7085.07552011318
357.919541752352,89.4131574336043,7085.08124092568
0.382738657912061,78.9806484102762,7085.08135978505
6.63835851004102,229.202962165331,7085.08166164442
14.8264563011726,211.288014861921,7085.0820567538
18.0959316236131,254.232385143993,7085.08221451943
22.5981387494476,818.406786784465,7085.08243176943
37.0010567884072,1476.11689538252,7085.08312676943
53.363004809026,1406.87828054098,7085.08391630068
84.1385564550215,137.415176459932,7085.08540134755
172.668902737529,42.6360682870275,7085.08967330068
174.818978641529,123.36562327242,7085.08977705068
183.454900954313,121.21462167336,7085.09019376943
185.80897495521,213.059112019742,7085.09030736317
192.04095700867,1075.54642969632,7085.09060808193
205.114001275381,357.44243676028,7085.09123891005
212.634086031864,32.5457959193809,7085.09160178505
213.255147089769,516.966636165961,7085.0916317538
220.15611356741,1496.34404866816,7085.0919647538
235.184625953642,1611.64170897621,7085.0926899413
349.76294737349,62.5899609918434,7085.0982188163
356.188241975126,30.841405818105,7085.09852886318
0.183367895375923,216.384243856282,7085.09872164442
5.32833117411442,375.889819270725,7085.09896991005
15.1998370541838,1282.58059728381,7085.09944709755
28.0792450390353,143.239559102781,7085.10006858193
32.0154381975173,1579.99358041394,7085.10025851943
50.8969254128576,313.774228821728,7085.1011696288
57.7130545534405,152.021215060749,7085.10149853505
70.5746531145087,140.05605009082,7085.10211916005
78.3813066791104,323.677862290594,7085.10249586318
172.375241920815,37.8194593697589,7085.10703145693
183.646949981868,113.530802814399,7085.10757536317
187.314383680623,222.548340866879,7085.10775233193
197.864326852778,381.840947749623,7085.10826141005
203.743035880832,298.050861768928,7085.10854508193
207.538373184475,592.053461812014,7085.10872822255
212.738707287451,31.7605663990861,7085.10897916005
216.016925454941,281.71734389737,7085.10913734755
218.869985472221,794.550092386714,7085.10927501943
228.945551966979,472.61339286564,7085.10976120693
237.558807832929,41.0647175985712,7085.11017683193
242.973501923231,2312.7251225219,7085.11043811318
343.360027238384,89.4656709826691,7085.11528217568
346.505808436225,42.6635983485912,7085.11543397255
357.823497159883,113.365178355807,7085.11598009755
1.21407613431521,489.486562393893,7085.11614370693
8.34818337490096,29.5979109277145,7085.11648795693
11.4233747596336,1314.98578692657,7085.11663634755
21.5076840240495,1535.99966079554,7085.11712295693
47.5051453225083,1352.84783375766,7085.1183774413
67.8032865016093,703.011704406009,7085.11935691005
168.783673176163,80.9194655726486,7085.1242296288
177.423804931541,232.297139857174,7085.12464655068
186.095022169728,319.706233709027,7085.12506497255
190.533439397655,163.111010809125,7085.12527914443
197.751412510374,391.75046540052,7085.1256274413
203.202372991003,1117.22409101844,7085.12589047255
218.26520887541,538.331934585301,7085.1266173163
224.97286284257,612.027095669987,7085.12694098818
230.06569319935,24.0244473620477,7085.12718673818
238.279047834531,2122.95803159179,7085.1275830663
348.672816494864,37.5389615225874,7085.13291001943
351.710122481587,181.537535004495,7085.13305658193
2.58290085218722,713.622216874654,7085.13358123818
10.8066173401012,258.48331808298,7085.1339780663
16.7701636675165,1303.04367296219,7085.13426583193
31.4220889633573,1774.9751668461,7085.13497284755
47.7348183813974,985.095671701686,7085.1357600038
74.9232403763293,20.8586290600943,7085.13707195692
173.828467688305,20.6748489856023,7085.14183542568
183.020042115708,82.7561699723312,7085.14227895693
187.613562684726,287.526558118145,7085.14250061318
197.067096694351,415.401046893749,7085.14295678505
200.930433338496,318.764514783965,7085.14314320693
208.061626335095,839.441516298223,7085.1434873163
212.735127142727,48.1221590353798,7085.14371283193
217.129830446974,404.028088762942,7085.14392489443
224.055082379132,1489.09384822815,7085.1442590663
241.39201213891,1163.6190899722,7085.14509564443
347.704198421164,62.7772972494611,7085.15022564443
350.880417483662,107.407797933501,7085.15037891005
354.282329738055,33.2948946191181,7085.1505430663
1.91542295732676,442.046871329538,7085.15091139443
8.72054270241666,912.868558522462,7085.15123976943
17.0154966215916,71.5541584317414,7085.15164003505
20.121125795588,1410.29299349782,7085.15178989443
32.882344297043,108.36564978689,7085.15240567568
40.7773970608411,1998.06993173013,7085.15278664442
69.3102641610451,224.398027937056,7085.15416347255
176.187816830196,54.8291655133593,7085.1593207538
180.687433445727,168.103045372625,7085.1595378788
190.503954677642,159.853116854514,7085.1600115663
194.518509029359,363.282015580779,7085.16020528505
198.29409409246,663.410271162235,7085.16038747255
205.847207073118,171.970521156695,7085.1607519413
210.420327821138,334.637623167211,7085.16097261318
214.315721337623,1691.72631458991,7085.16116058193
236.922603623953,396.517596534807,7085.16225145692
252.720804340751,1554.67505535967,7085.16301378505
341.59729988669,101.655996120886,7085.1673024413
344.802661577539,35.9408197647682,7085.16745711318
347.867814918615,56.3501398320732,7085.16760501943
355.668963804318,347.203293893372,7085.16798145693
3.71879610013051,126.597801686223,7085.16836989443
6.83511097363214,256.586446534257,7085.16852026943
14.6832117606866,1552.35302390366,7085.16889897255
29.8292659367711,74.3233530275944,7085.16962983193
33.5148327929924,398.408500634773,7085.16980767568
43.2869924830757,172.406991461038,7085.17027922255
46.9110360672253,943.316647017411,7085.17045409755
62.9614820939677,2362.11272763853,7085.17122859755
164.518892131367,37.8815069590477,7085.17612916005
176.594612058857,226.23260209631,7085.17671186318
181.852583800385,155.564172654721,7085.17696558193
184.925184750207,477.675010657208,7085.17711384755
189.856759355758,52.8664473309348,7085.1773518163
194.17601578615,352.573248374455,7085.17756023818
201.71876695177,1605.66149265406,7085.17792420693
216.179646400662,503.414143704362,7085.1786220038
225.002081271028,452.46520419262,7085.17904772255
233.107284541862,1350.17863556186,7085.17943883193
254.484673115558,2475.46250164987,7085.1804703788
336.831810242385,77.8424477654305,7085.1844252538
343.913460865024,100.913971623484,7085.18476697255
350.180090188038,57.9122895472128,7085.18506936318
355.68804057598,312.333797714004,7085.18533514442
358.61330952714,1213.19987389512,7085.18547630068
16.1283328839185,236.465680369946,7085.18632147255
21.7586821978509,1454.78218360751,7085.18659316005
32.9303340837596,368.621633217714,7085.18713223818
45.6582005142676,2640.92236967883,7085.18774641005
173.670286759587,46.2811421131359,7085.19392351942
183.692749018248,207.881364899798,7085.19440714443
192.833161988616,499.818297861054,7085.19484820693
195.959191021307,60.7234540428436,7085.19499905068
198.712842443898,394.236587819563,7085.19513192568
207.946187940525,1340.34605636657,7085.19557747255
216.715518574793,495.590124494072,7085.1960006288
225.886693143502,230.184565852554,7085.19644317568
229.081693019314,1426.40155242901,7085.19659734755
348.681931136062,53.396891075419,7085.20236855068
357.917219487145,111.442889638713,7085.2028141913
2.11148648124217,75.5146153941233,7085.20301658193
6.2882679737198,894.908702697705,7085.2032181288
16.3385775113407,256.439924850582,7085.20370309755
22.4766556113132,213.411566196697,7085.20399928505
30.8953036927832,266.218047606515,7085.20440551943
37.4213020877156,1579.99358041394,7085.20472042567
50.8369338311115,192.586210867596,7085.20536778505
73.7358896421561,2080.62056472613,7085.2064727538
165.988069133515,51.1044852269382,7085.21092430068
170.509380844044,288.309653928565,7085.21114247255
184.243314383431,414.676709636908,7085.2118051913
188.755235706151,1404.31188899726,7085.21202291005
202.865432526852,204.049957486241,7085.21270378505
207.303202136628,46.2811421131359,7085.21291792568
209.401145194062,1404.31188899726,7085.21301916005
219.660957620567,43.9649462669056,7085.21351423818
224.540399417249,2372.27237853688,7085.2137496913
264.722533133822,375.28952168131,7085.21568864443
350.18060231328,70.8946651384323,7085.21981234755
351.983233679849,86.5840871222545,7085.21989933193
359.250425432843,210.039360903913,7085.2202500038
6.59727361537561,257.463661501589,7085.22060451943
10.7989882182187,877.951711331093,7085.22080726943
17.1702070434407,1318.63853169989,7085.22111470692
31.5057733223542,93.2196611569402,7085.22180645693
40.7889850397126,307.727926474044,7085.22225441005
52.7930863357378,1882.80502300131,7085.22280883193
81.3910385324564,1816.49284503038,7085.22418880068
170.627283209926,97.5531599944901,7085.2284948163
174.686522912552,275.78578309928,7085.2286906913
183.283588400098,351.505852203005,7085.22910553505
189.120526358927,369.842934055953,7085.2293871913
195.378089103207,1497.14740604878,7085.22968914443
209.049204171915,420.436407910785,7085.23034883192
215.635754449387,527.330012989324,7085.23066666005
223.930708368562,1601.16175873526,7085.23106692567
239.334836455653,1541.47017372708,7085.23181023818
347.643614308501,99.2241219743839,7085.23703658193
351.186382455428,66.6250457581619,7085.23720753505
359.12709192197,72.01221563502,7085.23759070693
1.59093640798614,205.883324277956,7085.23770959755
8.96595579164349,1263.69037456442,7085.23806547255
21.1491795030253,718.659576293135,7085.23865336318
30.1309272324683,290.128671087686,7085.23908676942
36.9868846255166,322.281701325977,7085.23941759755
44.9994791791671,401.789657100693,7085.23980423818
51.1679951437955,1921.99478554755,7085.24010189443
78.2152374748133,2684.27813310268,7085.24140703505
163.838124192247,142.582196049901,7085.2455386913
169.322112934747,232.45884384071,7085.2458033163
178.396145572297,1221.10344058513,7085.24624117568
193.292868682424,1338.55049266884,7085.2469600038
207.485312405272,446.108622265129,7085.24764484755
213.396402077045,2565.16119456762,7085.24793008193
236.308957831582,93.9724548176812,7085.24903570693
247.462152750948,470.701255750328,7085.24957389443
254.772734543154,1895.53550633548,7085.24992666005
340.886512125465,26.9610601205672,7085.2540820038
347.70166983882,97.6975098043731,7085.25441086318
357.900282840025,1008.0219992048,7085.25490298818
5.668403426161,243.666142818455,7085.25527783193
13.2211925977426,62.5148682820154,7085.25564228505
15.6254567038389,1096.03481845966,7085.25575830068
27.7711188262868,380.065395821916,7085.2563443788
38.4823177119748,2127.48463290779,7085.25686123818
63.9289839942572,724.492243975305,7085.25808914443
79.447091971366,312.333797714004,7085.25883795693
165.384718735739,37.3507960671482,7085.26298480068
171.555501288507,64.7297701550364,7085.2632825663
180.383264018902,158.910024028458,7085.26370042568
184.671111119713,223.895083029113,7085.26390733193
191.364193753849,319.000215132093,7085.26423030068
195.890038753746,284.900714131453,7085.2644486913
204.793425289954,375.689812592839,7085.2648783163
209.741514120681,53.7912943354701,7085.26511708193
211.814524030054,1370.50981674491,7085.26521711318
227.200842731058,1379.25593168831,7085.2659595663
256.316885491158,388.281851115835,7085.26736453505
354.213338011321,93.6720562227933,7085.2720884413
358.442576121744,84.107380782239,7085.27229251942
1.66671855051721,257.463661501589,7085.27244809755
11.0742720106262,300.811792142142,7085.27290205068
14.4593463438559,317.820048056916,7085.27306539443
22.6775580774794,1319.55024684771,7085.27346195693
32.7032583515069,569.273517214697,7085.27394573818
43.5161324954156,1210.22269983229,7085.2744675038
56.2498274515941,715.305259468835,7085.27508195693
82.0844140288366,288.570223272444,7085.27632858193
168.111735191014,30.3810587798381,7085.2804797538
174.152671359829,104.301581260735,7085.2807712538
182.363759369174,163.915367390466,7085.28116747255
187.85972897209,331.251664986709,7085.28143267568
193.218728391383,417.926276918834,7085.28169126943
196.770239270272,340.206030013945,7085.28186264443
203.231476377766,43.9649462669056,7085.28217442568
207.596389473206,488.256712838364,7085.28238505068
214.337719320389,1391.40821087125,7085.28271034755
226.5151145061,430.330354683761,7085.28329795693
237.88979313707,1364.35418518488,7085.28384683193
352.026766141393,66.5897892382361,7085.28935441005
356.214556991668,123.441756816334,7085.28955648817
0.202235453955897,144.415271408072,7085.28974891005
7.4221514211307,199.581171034247,7085.29009730068
10.7800259427676,316.160403412979,7085.29025933192
17.8804573033304,1366.11566503575,7085.29060195693
30.2226701024096,59.1958218554289,7085.29119751943
34.7119249405996,1215.18051177105,7085.29141414443
53.9981704097595,1620.57045560715,7085.29234478505
177.823437232032,34.8796026783393,7085.29831986318
183.018914311957,325.530130629303,7085.2985705663
191.843292074474,351.719570135245,7085.2989963788
196.595801655798,828.628166082979,7085.29922570693
206.164287020364,434.501656876307,7085.29968742568
210.422343950064,25.1352254981851,7085.29989289443
213.888693682819,1359.05564579986,7085.30006016005
236.114779436164,1717.12477570196,7085.30113266005
349.4507840911,86.5840871222545,7085.30659236318
358.444836452339,176.924960793023,7085.30702636317
0.860433763004593,37.4763449439985,7085.30714292567
3.67690369397048,148.140236189143,7085.30727883193
15.8455560723282,1217.15804102251,7085.30786601942
24.8331323651377,1093.83835322774,7085.30829970693
38.5511994105886,1241.6112582514,7085.30896166005
73.4497806571161,280.915873895893,7085.31064566005
179.963050829976,38.5269975644587,7085.31578536317
186.669733369908,193.850380192373,7085.31610898818
195.443921064923,364.727276158661,7085.3165323788
202.673227457603,151.277837479036,7085.31688122255
204.80808448582,613.988693221046,7085.31698423818
215.462940969259,1113.99045543692,7085.3174983788
231.105066880042,1401.74050144992,7085.31825317568
254.074288770512,321.814963566425,7085.31936153505
343.126935134387,23.7787931706146,7085.3236586913
351.794266663663,127.632474034023,7085.32407692568
359.530654186535,107.757101852624,7085.32445023817
3.69772148212748,267.625838157315,7085.3246513163
6.89142604624434,210.932007971287,7085.32480542567
14.6695846383417,1220.11822867307,7085.3251807538
25.5193727153364,80.102667554538,7085.32570430067
27.8099807404912,996.624671678603,7085.32581483193
45.9697030292368,793.792975795071,7085.32669111318
55.9733844368862,102.941662138978,7085.32717383193
71.4568451444404,1821.78094831897,7085.32792097255
166.331534325045,36.4276248054907,7085.3324990663
172.518831065292,112.282710906797,7085.3327976288
180.205352367434,443.743791711526,7085.33316853505
187.292183859896,138.843422869961,7085.3335105038
189.989816689314,317.346732225943,7085.33364067568
194.081760844734,742.930106323314,7085.3338381288
201.817176940379,327.830734780932,7085.33421139443
204.93413935664,302.058461576493,7085.33436180067
214.223827217821,137.620123630278,7085.3348100663
216.502778153939,1755.90342266219,7085.33492003505
245.090044726544,608.579020511257,7085.33629948818
257.001594696515,1581.51491902458,7085.33687426943
342.50078728935,66.2361485104235,7085.34099995692
346.264715338806,41.6327215757573,7085.34118158193
348.339344293558,140.991995856155,7085.3412816913
359.152866055619,491.631457766317,7085.34180348818
4.94932818152696,250.509890609152,7085.3420831913
11.1388915476096,1269.38692890377,7085.34238186318
24.0225089373598,58.8775625476323,7085.34300355068
26.6987705562473,463.946769890811,7085.3431326913
34.1780556707326,144.675244007075,7085.34349359755
43.7203126886296,1915.72824270736,7085.34395405068
61.2039267912202,2149.97442071763,7085.34479770693
169.724292898435,78.2637149532306,7085.35002117568
175.664848932245,156.40734540856,7085.35030783192
179.370491800389,265.228089491032,7085.35048664443
187.547256311559,1009.21415668864,7085.35088120692
196.554584807215,724.077187097549,7085.35131584755
202.536264292098,378.08275954454,7085.35160448817
212.605030871654,419.003887142111,7085.35209034755
215.823344812452,1854.49067213739,7085.35224564443
246.594363169081,2172.2315057815,7085.35373047255
347.698120083765,92.0534204418288,7085.35860914442
354.493201822894,105.555043872219,7085.35893703505
3.98332595652868,1190.18439548313,7085.35939497255
19.6040806567821,283.048084970261,7085.36014873818
23.6969962017342,1549.25139383977,7085.36034623818
44.2862395160172,79.2181806263947,7085.3613397538
48.7006950231112,1956.71767677652,7085.36155276943
175.700238053426,35.5795948259185,7085.36768101943
183.722223032582,53.2647780049356,7085.36806811318
189.438057264027,381.644049696206,7085.36834392567
198.76465909599,345.249634436939,7085.36879397255
205.062050017344,152.514778584134,7085.36909784755
206.150364066065,1370.50981674491,7085.36915036318
217.900982169274,347.203293893372,7085.3697173788
225.364400714432,36.7485798735689,7085.37007751943
228.831721912111,1467.94787436733,7085.37024483193
351.603969611066,85.8759383048913,7085.37616909755
355.485763259451,36.7166089199067,7085.37635641005
357.777990254593,64.7297701550364,7085.37646701943
7.18845795868914,375.28952168131,7085.37692111318
15.5300400455316,424.704882373561,7085.3773236288
19.695812067124,207.881364899798,7085.37752464443
23.4260641988613,850.824299902797,7085.37770464442
33.6858767007582,1614.62354597575,7085.37819972255
48.0806995505158,63.85302703249,7085.37889433193
70.2310145078408,1622.05393561266,7085.37996317568
169.855946681629,180.603643151755,7085.38477048818
180.71350613875,239.151976000329,7085.38529441005
185.438816021569,80.8032876720155,7085.38552242568
191.113850648713,1478.55860888058,7085.38579626943
206.711291283981,66.5897892382361,7085.38654891005
212.063335305167,459.715654432813,7085.38680653505
220.22229043025,463.298316377703,7085.38720023818
228.744880395776,2420.44539966457,7085.38761148818
271.248059889072,92.9673699134881,7085.3896624413
342.606294025169,31.50068747515,7085.39310576943
349.748820264032,86.6925212172909,7085.39345042568
355.989221240378,54.5715486688358,7085.39375155068
1.34822065967057,172.733619074883,7085.39401014443
6.14962499680087,1051.23398874696,7085.39424183192
19.5370855390723,72.6615712043355,7085.39488783193
26.7330398231095,1276.00086052837,7085.3952350663
42.8621708898587,2011.26648669003,7085.39601336318
67.5841580015593,282.250389727068,7085.39720630068
172.78924949717,47.9020330346192,7085.4022828788
180.79407270839,199.957397861716,7085.40266914443
187.189253254446,163.111010809125,7085.40297773818
192.664175418212,390.21263997796,7085.40324192568
197.486627232189,389.441479065056,7085.4034746288
203.059662829732,398.408500634773,7085.40374355068
210.006286047812,624.186147213379,7085.4040787538
218.756512059689,1761.37360252682,7085.40450098818
238.190413374282,820.607803930784,7085.4054387538
257.067691147027,1641.21560786157,7085.40634966005
335.073027367744,28.6708573549177,7085.41011373817
337.638223378298,48.073330038978,7085.41023751943
343.431447413446,78.1435818830722,7085.4105170663
350.452222306775,227.722618539872,7085.41085584755
354.818754485289,206.248046419333,7085.41106655068
1.3013628033136,354.274498626239,7085.41137936318
6.57002020665095,55.2983457635658,7085.41163359755
10.7772394506964,1435.64482524283,7085.41183661318
21.3090494653844,1171.85716685952,7085.4123448163
38.2609731364934,678.199330028662,7085.4131628163
48.2801972666986,1953.02685135346,7085.41364628505
76.2791072341936,2527.38074912884,7085.41499734755
162.523055047229,54.226154816428,7085.41915897255
168.125233197733,296.280472378285,7085.41942930067
174.829649074134,871.766492327453,7085.4197528163
185.428487077488,328.05991256879,7085.4202642538
193.731536185865,1731.07395085026,7085.42066491005
212.203731858019,1501.15808672524,7085.42155626943
222.780874766374,834.412650085881,7085.42206666005
241.723561482406,2726.94489211744,7085.42298072255
343.500045826239,100.727606811013,7085.42789053505
350.566801269083,64.5480960348443,7085.42823153505
352.556592886778,91.2333264491139,7085.42832755068
358.71928028804,1193.21164060437,7085.42862492568
13.1555503979463,203.681307930914,7085.42932153505
16.5111582937478,134.722524802733,7085.42948345693
19.6957963168271,1206.24166211059,7085.4296371288
35.0620390059086,2216.07510120236,7085.43037861318
57.6715117648468,28.2790752620388,7085.43146961318
60.034328573098,192.586210867596,7085.4315836288
78.0486617176386,1627.97375580226,7085.43245289443
164.477826927344,43.074495359452,7085.43662345693
168.745274244854,169.438962860369,7085.4368293788
179.735270596231,288.309653928565,7085.4373596913
184.706025873792,1229.9343765676,7085.43759955068
195.399091564317,313.534642693014,7085.43811553505
202.811996270592,327.142257727786,7085.43847323817
207.679781053629,147.632045477408,7085.4387081288
216.105876668452,2060.8765805008,7085.43911472255
241.482600718082,896.251406423687,7085.4403392538
273.100373399904,1807.20127751499,7085.4418649413
337.529469857236,77.7820863273604,7085.44497391005
342.257370174966,85.7664703146632,7085.44520205068
353.154757846856,230.510832643915,7085.44572789443
358.009914151324,257.317667173851,7085.44596217568
2.00536391834644,1206.24166211059,7085.44615497255
12.6411158170906,548.291634316911,7085.4466681913
20.4234839271749,437.60406409632,7085.44704372255
23.93710944575,88.8333989701451,7085.44721326943
32.9454093309379,365.344948738411,7085.44764795693
38.7457571280608,2013.65657481745,7085.44792784755
59.435056730577,2255.87193369847,7085.4489261913
167.926137698412,36.4276248054907,7085.45416133193
173.844674903539,236.624525529194,7085.45444692568
181.7293658523,370.249136905088,7085.45482739443
186.744482633997,192.976065682693,7085.45506939443
193.751657696921,1441.49614467182,7085.45540751943
211.78639066246,1392.27218642901,7085.45627776943
222.654635743694,398.408500634773,7085.45680220693
230.43473715255,337.767230851327,7085.4571776288
240.957804397581,55.2558589161922,7085.45768541005
249.044226855099,1468.76677487029,7085.45807561318
346.60003479073,84.107380782239,7085.46278308193
351.624865769313,57.3007405413328,7085.46302555068
354.107491030948,32.1098946043374,7085.46314534755
0.948877128667913,133.672448110467,7085.46347547255
6.03749796746133,371.262687259843,7085.46372101943
11.7614274635008,189.933790917252,7085.46399722255
19.0444857104307,1356.39866005732,7085.46434866005
31.5680301972693,412.86032925747,7085.46495297255
39.1153146522565,371.465053161657,7085.46531716005
49.7539808326839,69.0485654764039,7085.46583051943
54.6392511550357,1792.50281284737,7085.4660662538
84.5748484664323,1635.34352726202,7085.46751076943
162.718129069769,36.9398157895606,7085.4712696288
170.047491712986,38.0361887819536,7085.47162330068
172.878209092509,264.802735294722,7085.47175989443
175.6454603832,251.258791550413,7085.47189342568
181.801347869259,113.778771126949,7085.47219047255
186.438906095641,471.339522967185,7085.4724142538
192.604507778587,1578.47068749106,7085.47271176943
207.707819495915,231.161992325646,7085.4734405663
215.943516844245,1560.85055991184,7085.47383797255
227.144958901266,338.656075404842,7085.47437848818
239.33465875647,2536.87870710451,7085.4749666913
345.622883355587,101.470998270514,7085.48009553505
351.622696035632,89.0973891887192,7085.48038505068
356.40467209208,286.741325128403,7085.48061580068
1.05129693489141,64.0733438528329,7085.48084001943
4.17894497526599,392.133936433225,7085.4809909413
9.19082366620398,333.061772606058,7085.48123278505
14.777782940924,1751.78971328904,7085.4815023788
30.9855990099842,142.97697747967,7085.48228447255
37.9393459523422,446.78200028514,7085.48262001943
43.7565317083247,246.273917925421,7085.48290072255
48.748658234112,107.145084471405,7085.48314161318
56.3513135887282,1783.08623421941,7085.48350847255
172.911979130614,34.439142510001,7085.4891330038
184.569988516641,145.323142408671,7085.48969555068
189.820512724815,87.9833012001896,7085.48994891005
193.684173178036,1188.16201322147,7085.49013534755
210.474841173308,612.518091802627,7085.4909455663
216.948382912599,288.309653928565,7085.4912579413
222.310620384955,417.20632504294,7085.4915166913
233.304502407547,472.61339286564,7085.4920471913
240.678226554901,272.495997988287,7085.4924030038
248.780191734976,2519.75662557413,7085.49279395693
336.662924803832,21.4005011628382,7085.49703466005
342.074704687843,88.8333989701451,7085.49729580068
353.572106016185,109.486857080565,7085.49785059755
357.291348714733,196.927557594151,7085.4980300663
3.75226201315082,1402.59814873644,7085.49834183193
16.5264328022504,53.5725422357025,7085.49895823818
20.8949077598286,372.071540244434,7085.49916903505
30.091986903826,401.040756159432,7085.49961283193
33.7170019152034,232.781932618664,7085.4997877538
40.3721991513294,1885.35809186874,7085.50010889442
69.8146390097099,3089.17469382664,7085.50152961318
166.853327809187,238.680103459288,7085.5062121288
176.520897959366,298.806368537186,7085.5066786288
182.437168538658,805.074340526346,7085.50696411318
190.170641779847,188.842497195196,7085.50733728505
197.720840554214,1377.5111051828,7085.50770161318
207.566180530014,2062.04320285508,7085.5081766913
231.498727070605,393.855115188302,7085.50933153505
238.669100663822,1710.10750005252,7085.50967753505
344.192775030481,25.5522426134691,7085.5147643788
348.264643173979,81.3825326573259,7085.51496086318
354.774775074976,76.0723775639072,7085.5152750038
1.62555152280952,346.55328606803,7085.51560558193
7.53696500365871,159.146307243674,7085.51589083193
13.8294988642658,275.922035219978,7085.51619447255
18.8177396811421,1305.80923851653,7085.51643517568
28.4156914077442,140.457936947946,7085.5168983163
34.8785475606178,1587.58595159014,7085.51721017568
62.9788090149536,245.662795661516,7085.5185661288
72.059965376782,945.226785731279,7085.51900433193
165.751789050115,41.9698373277377,7085.52352534755
175.805336640799,114.84714568244,7085.52401047255
181.953128975353,325.991567073913,7085.5243071288
186.802132982771,46.1286529807037,7085.52454111318
191.972029334178,967.233737547701,7085.52479058193
203.943807339917,393.855115188302,7085.52536826943
211.8064794223,486.406082078616,7085.52574767568
217.431324019637,287.787849106991,7085.52601909755
223.5328119956,520.155141181533,7085.52631351943
232.240943166872,1448.1543741951,7085.52673372255
353.299606316605,92.1554083044285,7085.53257530068
0.193449032271591,45.4619432377346,7085.53290795693
3.21521233413447,106.529556009871,7085.53305376943
11.1908929546989,957.86412135368,7085.5334386288
21.1485938128326,196.736640867279,7085.5339191288
25.1544053571959,845.863157294957,7085.53411242567
35.2345052167131,48.073330038978,7085.53459883193
44.8473520100231,1781.73698017758,7085.5350626913
56.5124851580236,301.311087191891,7085.53562558193
74.1505550212489,401.789657100693,7085.5364766913
178.543215727537,75.8869148076435,7085.5415140663
184.34906827895,229.038940591231,7085.54179422255
189.187386586863,270.697297910516,7085.5420276913
197.198685941905,313.774228821728,7085.54241426942
202.048985185627,1222.08776431876,7085.5426483163
216.18249610901,1412.84872690051,7085.5433303163
232.044486723715,335.086514091643,7085.54409572255
250.914964543562,482.060280582175,7085.54500630068
268.470139924186,1850.596009767,7085.54585341005
339.036990672415,64.7660466923661,7085.54925855067
343.278209680951,87.6087813406201,7085.54946320693
353.817467191297,198.069172174797,7085.54997176942
359.257742085509,946.498102116777,7085.55023428505
3.09776470236454,211.110087744437,7085.55041958193
12.2485394877703,94.0723679510036,7085.55086114443
18.3421544750105,1528.9375321359,7085.5511245663
37.2952029683836,290.646284817342,7085.5520391288
42.8850764870908,894.236573678597,7085.55230886318
56.4072405117581,2115.01327562758,7085.55296136318
170.085055752164,27.7128060083287,7085.55844678505
181.796817067832,320.410670218152,7085.55901192568
186.279595799896,176.924960793023,7085.55922823818
191.72181347317,308.703312912328,7085.55949084755
195.884023632624,98.2727649256887,7085.5596916913
199.318964148888,1351.95865613724,7085.5598574413
219.883598199578,1457.25975730926,7085.56084976943
242.783849284622,386.341403313395,7085.56195480068
254.309097967316,1891.72544295957,7085.5625109413
344.380439880943,90.1456270741008,7085.5668572538
350.083969555983,57.3826576533154,7085.56713247255
354.054162403564,315.208109613607,7085.56732405068
358.802138695521,207.157041520745,7085.56755316005
6.63761104170299,211.110087744437,7085.5679312538
12.0432386286636,1444.82914521404,7085.56819209755
18.3195821485631,41.3780849861656,7085.56849495693
31.4104358013618,1445.6611463487,7085.56912664443
43.7144393556593,68.9464457748201,7085.56972036318
49.0067345953622,306.749459166866,7085.56997573818
54.1973545768444,688.318957386969,7085.57022620693
78.9682364443518,2329.30386090402,7085.5714215038
161.681073161801,39.6090903131974,7085.57541273818
167.387517043133,22.8083316122785,7085.57568809755
173.689441329245,355.33359588058,7085.5759921913
179.440246714713,276.466266546649,7085.5762696913
188.848123983898,1320.46118483942,7085.57672366005
206.56876452065,1309.48751841942,7085.5775787538
223.422898604753,347.419676360872,7085.57839203505
230.938449996476,1935.71025874917,7085.5787546913
249.528835152027,263.807475864297,7085.5796517538
351.307405091954,23.1278815543412,7085.58456298818
354.953467504786,100.072609920954,7085.58473892568
358.001782924698,127.70605406498,7085.58488601943
8.31826152483153,227.887583803543,7085.58538383193
12.1213701709052,132.046110157269,7085.58556734755
16.7553665728444,1221.10344058513,7085.58579095693
24.2884035415794,70.0280250454099,7085.58615445693
33.1445143673601,1361.70741349417,7085.58658180068
56.9044719898501,311.128345309442,7085.5877283163
69.6381669460286,925.947540864058,7085.58834276943
167.030935894358,68.8441803564643,7085.59303605068
175.081415808322,108.36564978689,7085.59342451943
182.173428208303,297.798591342158,7085.59376673818
186.789615224155,164.943780855964,7085.59398948818
189.821092722904,325.530130629303,7085.59413576943
201.82298470883,523.036891575401,7085.59471491005
206.443057433593,486.715001635218,7085.59493784755
214.239025374082,1455.60841158243,7085.59531403505
232.279910674367,123.060631129768,7085.59618458193
239.788014570433,832.248214788223,7085.5965468788
353.453848950421,59.8272612006845,7085.60203172255
359.123378936363,40.4887477711835,7085.60230530068
1.02153326410309,103.396957662483,7085.60239689443
7.19587771670593,76.8708985354749,7085.60269483193
14.2079098403763,920.738263410215,7085.6030331913
26.7926537525147,1116.14728570686,7085.60364045693
36.5810037833057,199.769367714708,7085.60411278505
45.5213042525998,63.6319538727115,7085.6045441913
49.5536680281002,335.982464072515,7085.60473876943
71.1943113826257,2196.45390764356,7085.60578301943
162.374043394591,39.9338825896045,7085.6101828163
173.259450168369,251.856341337842,7085.61070808193
181.140255483611,51.8798788651242,7085.61108836318
186.279066352211,1245.47916424689,7085.61133633193
197.632049888183,291.420998443925,7085.61188416005
202.662709430132,866.231419927033,7085.61212691005
214.500431496234,1316.81354709201,7085.6126981288
228.527733834334,310.160591654451,7085.6133750038
243.485332598381,2622.64587824745,7085.61409676943
346.606404713733,121.755938664592,7085.61907278505
353.355505903346,82.5288240524635,7085.61939845693
355.616647491073,68.4335713097006,7085.6195075663
1.90400040646542,526.188648208858,7085.61981095692
8.89854699082042,244.282233330395,7085.62014847255
12.0967849196962,80.5704253314943,7085.62030280068
15.216013999489,1015.1542939596,7085.6204533163
30.4410769492642,2219.32849875373,7085.62118798817
52.8510848629757,320.8794618903,7085.62226936318
60.9679451474543,232.781932618664,7085.62266103505
69.0760626999714,53.7912943354701,7085.62305228505
171.611692491897,26.4332236654674,7085.62800005068
180.128453931752,67.0817498771292,7085.62841101942
190.742834657662,248.552151083103,7085.62892320693
194.776493556378,190.822024848103,7085.62911784755
199.129425866792,311.128345309442,7085.62932789443
206.859013436767,54.70050801204,7085.6297008788
211.137470149769,733.973937183663,7085.62990733192
216.866580553327,1033.93327233192,7085.63018378505
238.343053988029,2198.64282335891,7085.63122011318
347.705677689587,33.2419473891843,7085.6364921913
353.052696248464,198.069172174797,7085.63675020693
0.0640807539822408,43.857976278483,7085.63708853505
3.45757404779365,182.672474369205,7085.63725228505
7.33030111744472,1321.37156771961,7085.63743916005
24.1222643490205,211.998224530774,7085.6382494413
28.273465075285,207.338354818454,7085.6384497538
34.5245516757432,1427.24443374931,7085.63875139443
63.7419459226839,330.115296209854,7085.6401612538
69.4645801824197,3054.72758199699,7085.64043739443
168.728144141601,142.186304397107,7085.64522726943
172.647175532147,149.151455075547,7085.6454163788
176.753690982896,202.385733172328,7085.64561453505
186.746686766432,1414.55003266344,7085.64609673818
200.664218694806,313.054859812922,7085.6467683163
205.323795787566,1222.08776431876,7085.64699316005
223.456642149187,591.545423755946,7085.64786814442
237.236880122557,3134.00372320416,7085.64853309755
354.342188308177,224.565421813594,7085.65418391005
359.326543491534,131.40424859337,7085.65442442568
2.74917933830583,155.201407281425,7085.65458958193
7.63250688159442,1504.35874868293,7085.65482522255
23.4284408971649,308.459757736301,7085.6555874413
27.2250733994162,127.263907745423,7085.65577064443
34.8937853531669,723.246351697071,7085.6561406913
44.0241603552702,1668.82530017176,7085.65658126943
72.0263083758283,369.029223845629,7085.65793248817
175.862669349345,52.3754858927639,7085.66294301943
178.886051658892,116.310225339866,7085.66308891005
186.510725955278,143.50165500332,7085.66345683193
191.612622853096,228.217139630615,7085.66370301943
198.519417856407,1105.32116792683,7085.66403630068
208.061027256152,343.722467155416,7085.66449672255
223.166281827935,558.612045509221,7085.66522561318
228.716650903253,1665.94060768688,7085.6654934413
255.363020689362,371.262687259843,7085.66677923818
348.22428037821,69.3540155860539,7085.67126017568
357.754880344766,139.653011377305,7085.6717200663
2.87458666636681,72.7261931232626,7085.67196711318
6.45588779175995,25.0181524802384,7085.67213992568
9.68391589174761,332.384147982978,7085.6722956913
15.5752533606742,1375.76416925356,7085.67257997255
33.4351307445801,291.162982613002,7085.67344178505
39.0165853027055,444.420722445216,7085.67371111318
46.3287054153076,99.5077631404939,7085.6740748163
50.6116954553728,147.886355938986,7085.67428148818
59.686051901999,3308.70264519945,7085.67471936318
170.806442511977,84.6640188512104,7085.6800813788
175.740283856452,286.479118205563,7085.68031945693
181.749163115231,54.3127071095384,7085.68060941005
187.719833242317,307.972036761583,7085.68089751943
191.377876515565,758.150764390564,7085.68107403505
199.689020775448,1468.76677487029,7085.68147508193
213.558305490774,1858.37711885739,7085.68214433193
225.996365022404,401.040756159432,7085.68274451943
238.642955977994,46.9362153310282,7085.68335476943
244.375628243691,377.883946356405,7085.68363139443
356.599551778174,112.199013968528,7085.68904666005
358.954597243995,58.5174478318073,7085.68916030068
10.0193929641643,127.263907745423,7085.68969422255
14.1084228002054,222.885779277426,7085.68989153505
20.8730667123741,1069.9416908011,7085.69021795693
36.8121233217063,66.0586238487859,7085.69098708193
41.2677022421772,993.603754828598,7085.69120208193
67.060517825587,2167.79838524417,7085.6924466913
164.9346276326,28.1333602247802,7085.69716951943
170.45488272773,236.465680369946,7085.69743589443
179.255298769414,194.527671748546,7085.69786055068
182.776371896735,336.652872245935,7085.69803045693
187.801526609001,681.736223029361,7085.6982729413
198.175966656764,329.431565360139,7085.69877355068
201.092168991495,1139.60285652581,7085.69891426943
215.638209511128,2195.35856160746,7085.69961617568
245.20920059255,875.894856644521,7085.70104309755
338.948300014006,21.7407532948632,7085.70556639443
357.120326972245,65.5231424673275,7085.70644326943
358.77238828709,224.398027937056,7085.70652298818
4.45487052298082,192.976065682693,7085.7067971913
12.2984380206687,96.9251900961865,7085.70717567568
15.9428814258169,166.305094695396,7085.70735153505
22.4105946394369,1311.32293912373,7085.7076636288
40.3213097089973,1180.03773419417,7085.70852789443
57.9075704970364,913.526920776064,7085.7093765038
173.340741393584,33.8718497694401,7085.7149466288
185.887791680827,162.070967757444,7085.71555376943
189.350903398216,253.343984679688,7085.7157208788
195.438791468382,431.725266647476,7085.71601464443
199.744124183901,37.0033413632509,7085.71622239443
203.063789536148,623.222140561097,7085.71638258193
209.051621355777,707.699843172094,7085.71667151943
217.04770179734,467.818450644586,7085.71705736318
223.468786880988,232.135310973547,7085.71736720693
229.318677127462,1054.0898154332,7085.71764948818
244.250695162992,395.758703586324,7085.71837001943
254.428908305503,2593.1354841191,7085.71886116005
348.806554399572,77.6007036407123,7085.72341526943
353.458360149902,1056.93798158057,7085.72363973818
3.49539366619496,158.673366112971,7085.7241240663
11.0472114105489,423.996449061548,7085.72448847255
14.3733529066182,321.581372642044,7085.72464897255
20.9971409262527,49.3747993879357,7085.72496859755
23.8916482036816,1593.63400253909,7085.72510826943
37.0579488057282,2249.46639093559,7085.72574359755
69.9719193043832,780.425279955921,7085.72733183193
168.268920560379,109.915042345587,7085.7320750663
179.082766131516,196.736640867279,7085.7325968788
183.585620837806,31.5751556845267,7085.73281416005
187.555166104931,253.047138798479,7085.73300570693
194.097031031495,318.056414538859,7085.7333213788
201.64690595909,550.207324145902,7085.7336856913
208.328979160037,54.1394637454395,7085.7340081288
212.880081041678,1236.75925056688,7085.73422773817
224.396586992411,1722.71807930002,7085.73478345693
273.452316998687,496.499230617786,7085.73715059755
345.451364433233,59.7879940000823,7085.74062484755
349.917952824589,48.6560583490281,7085.7408403788
352.562157608833,71.4884887398348,7085.74096797255
2.66783808377898,626.109719625845,7085.74145561318
9.75564100346922,219.830084691175,7085.7417976288
16.9917473490477,266.076854993358,7085.74214680068
24.2421011054863,1112.91043047856,7085.74249666005
32.1471918752457,1633.87237073209,7085.74287811317
48.4958638368401,101.007022190736,7085.7436670038
61.3995572762091,913.526920776064,7085.74428966005
169.473251511655,65.7021242966849,7085.74950466005
179.363600609743,196.927557594151,7085.74998191005
185.387375010622,33.5058439326907,7085.75027258193
189.894115388127,326.452309629133,7085.75049005068
193.740290302034,212.706074975699,7085.75067564443
201.794979733985,480.498696386888,7085.7510643163
211.11931486472,658.863130720277,7085.7515142538
214.574655239679,464.270621947094,7085.75168098818
219.85885529018,1451.47205365959,7085.75193597255
236.059547634962,239.779668342877,7085.75271772255
245.263750540934,457.749643745231,7085.75316186318
351.844604770209,45.7965089462053,7085.75829670693
357.407926133171,81.3825326573259,7085.75856516005
0.904389883810923,186.942530899792,7085.7587338788
10.6963017767411,282.782464111619,7085.7592063788
13.5092098078719,264.944594041694,7085.75934211318
17.8550183563123,319.706233709027,7085.7595518163
29.1795069574761,433.809238531424,7085.76009826943
32.6329044402834,520.732734710094,7085.76026491005
39.8078112851702,1901.86888460175,7085.7606111288
58.4801194960946,48.5594203736284,7085.76151214443
77.0093051509532,301.809521818797,7085.7624062538
175.107812951254,29.4188284843955,7085.76713991005
185.038961691339,228.71057825391,7085.7676191288
191.269972279875,331.024679889325,7085.76791980068
198.655029631797,537.493605179407,7085.76827616005
205.365274033869,684.816037210823,7085.76859995693
209.882700035487,479.559336685753,7085.7688179413
220.544032700444,123.517834849096,7085.76933239443
226.062344978815,1804.53763043431,7085.76959867568
249.665903986215,1607.15862840277,7085.77073764443
347.686050593281,111.020602433509,7085.77546751942
353.334856949148,36.7166089199067,7085.77574009755
355.588227119053,211.820894158166,7085.77584883193
359.324631585536,404.028088762942,7085.7760291288
2.57435474282639,77.2974531604298,7085.7761859413
12.4251994729168,489.17941919413,7085.77666128505
20.0835496116302,1490.70811250596,7085.77703083193
37.0613777826362,1903.13298453759,7085.77785008193
50.783006690226,38.6183342249158,7085.77851220693
57.550888693154,1080.00930421071,7085.77883878505
171.119257295213,28.9561447736064,7085.78431892568
180.37721209313,78.5632323085927,7085.78476566005
184.848657545233,336.876027073885,7085.78498142568
188.032000332008,350.863810227864,7085.78513503505
195.292068360724,152.883927739822,7085.78548536318
202.518136662645,503.115493710737,7085.78583405068
210.287876294161,1421.33438352232,7085.78620897255
224.196665452877,1419.64140443207,7085.7868801288
249.352877142737,338.211958439416,7085.78809401942
349.030266009864,39.9632792136284,7085.79290386318
352.450959039876,73.7523583871358,7085.79306892568
359.084461294091,73.0484145394783,7085.79338901943
5.40225203644377,263.807475864297,7085.7936938788
8.94242971076384,199.015526280988,7085.79386470693
15.5182943264271,295.518526316485,7085.79418201942
18.3250500605076,65.9162516236655,7085.79431745693
26.1504844384243,1620.57045560715,7085.7946950663
42.7135163119533,466.531424603289,7085.79549430068
55.5715530485786,464.594279714348,7085.7961147538
63.4002254418623,1567.00186160208,7085.79649251943
87.9517304499979,894.236573678597,7085.79765878505
166.083351267921,34.199622300779,7085.80142895693
176.813654700608,71.8162682100676,7085.80194673817
178.215089750889,401.789657100693,7085.80201436318
184.601203718211,261.805688239747,7085.80232251943
192.205801927283,158.317733922608,7085.80268947255
196.604390940441,1359.05564579986,7085.80290172255
208.204438954231,465.886607070587,7085.80346147255
220.360786738488,518.418363792961,7085.8040480663
229.066003628077,1613.13329360979,7085.8044681288
261.034458825001,2025.56482697958,7085.80601073818
340.71484665417,87.4477851242617,7085.80985564443
344.889037636344,149.905379775994,7085.8100570663
348.674984552179,41.0361154778993,7085.8102397538
356.016651827193,318.056414538859,7085.81059401943
1.91284639456217,1185.12188951314,7085.81087853505
12.7661963713921,405.142613901788,7085.8114022538
20.8827328467948,1638.28228760821,7085.81179391005
35.6706569367272,85.9306167888541,7085.81250748818
45.9188123495871,808.056177525884,7085.8130020038
58.1635592953445,2274.98087035372,7085.81359286317
170.258284064026,71.0931521985536,7085.81900189443
179.885378381284,322.980558964403,7085.8194664413
188.116542440248,351.291967737311,7085.8198636288
192.254467107488,30.8223620237857,7085.82006330068
194.795377588132,612.518091802627,7085.82018591005
200.263499799,887.487583423052,7085.82044976943
206.587766722871,404.399930209465,7085.8207549413
212.581750877246,322.514820405573,7085.82104417568
216.428249562532,1550.80304153898,7085.82122978505
232.779188225354,1545.36561325358,7085.82201878505
355.140849144818,173.926026358906,7085.82792323818
0.175394282589885,74.764444635278,7085.82816617568
6.05539850925146,296.787400211329,7085.82844991005
9.4777105846431,215.688480964538,7085.82861505068
17.4909527941416,1454.78218360751,7085.82900172255
32.6697114230213,211.998224530774,7085.82973416005
36.7778459191494,1385.34539395607,7085.82993239443
57.9198271040644,312.574327532289,7085.83095258193
69.7947869500248,1478.55860888058,7085.83152559755
167.718762977769,106.17622059339,7085.83625083193
179.846291942749,473.883876583869,7085.83683603505
185.956198916989,370.857594633733,7085.83713086318
192.385379152144,381.644049696206,7085.83744109755
198.054909062694,52.7330019928218,7085.83771467568
201.43674534286,798.324684136986,7085.83787786318
205.198082919709,902.934949031931,7085.83805936318
218.231183974305,316.635467845217,7085.83868086317
218.375925538054,438.975855665547,7085.83868784755
227.819097732642,1849.29593860517,7085.83914351943
259.520412477522,408.468092683023,7085.84067323818
350.236453436203,41.5480184978723,7085.84505066005
356.56752023758,127.411456385396,7085.84535616005
2.65055120930342,119.418752664302,7085.8456496913
8.23071056882134,233.265712301645,7085.84591895693
13.6683949527293,1150.10623247258,7085.84618134755
25.471145864809,68.878285020002,7085.8467508788
32.5725486525996,1243.54671005023,7085.84709355068
46.7112404835018,1389.67870544349,7085.84777580068
66.3041308480956,705.14649674891,7085.84872123818
167.520248720506,69.320139906015,7085.85360533193
172.462185216487,108.36564978689,7085.85384380068
181.14570708647,255.999943465923,7085.8542628163
186.817503660551,193.656424229971,7085.8545365038
191.987076202883,361.830926332019,7085.85478595693
200.074793934401,392.708504604045,7085.85517622255
205.40562215257,656.11982513758,7085.85543345693
208.442928139293,28.6913288266577,7085.85558001943
210.803478321709,635.640096113832,7085.85569392568
215.315723415808,591.03705263297,7085.85591166005
223.283956503019,277.416062344216,7085.85629616005
237.783045083604,1844.08666115132,7085.85699580068
350.875094153811,71.3569550669924,7085.86245295692
354.618622419965,187.744861324113,7085.86263359755
3.02917534992876,56.7240074356157,7085.8630394413
6.22611800480467,415.762729799596,7085.86319370693
17.8847750089829,341.528916258937,7085.86375628505
18.470541141486,398.408500634773,7085.86378455068
26.8726750731723,1876.40747384421,7085.86418998818
37.4831700901713,878.636274848077,7085.86470198818
53.4510454056917,88.6216378059856,7085.8654725038
71.679414766179,189.04137977227,7085.86635209755
178.999611011767,45.6166632245569,7085.87153073818
188.341107910438,159.617846717808,7085.8719815038
191.240472324005,270.974798155521,7085.87212141005
199.920756103229,130.111005303135,7085.87254026943
204.983796288897,693.540169738327,7085.87278458193
211.881524713474,636.585228974695,7085.87311742568
221.475914540241,317.109838388063,7085.87358039443
225.092834362417,1535.99966079554,7085.87375492567
353.439801366326,56.5166108357218,7085.87994141005
355.992368860615,80.1612873302382,7085.88006458193
6.61290184587909,144.154826964282,7085.8805770663
13.3212033934948,42.6085139393351,7085.88090076943
15.0846542011427,291.678792230243,7085.88098586318
21.5876623401654,1332.24709042423,7085.88129966005
41.0082876334294,214.29016894281,7085.88223678505
47.97466301666,1465.48828627857,7085.8825729413
65.2335553922789,889.517626223579,7085.8834057538
171.248810975984,24.6873996939678,7085.88852142568
176.36463162637,209.142897444892,7085.88876828505
181.322758463059,349.576229075055,7085.88900753505
190.863072588804,115.743442608007,7085.88946789443
194.138700283687,635.640096113832,7085.88962595693
200.568204290222,502.517583100826,7085.88993620692
208.38845776062,340.868111514681,7085.8903135663
214.462746000381,1590.61286364448,7085.89060667568
237.630785117926,440.684627678323,7085.8917246288
246.243717137104,613.988693221046,7085.89214023817
271.674193078678,386.535886631734,7085.89336736317
347.456596956451,61.5303155648839,7085.89702417568
356.054633871225,129.821861594159,7085.8974390663
359.803343044897,107.145084471405,7085.89761995693
2.3533200288821,190.329085825169,7085.8977430038
8.61055900178275,35.5135261476125,7085.8980449413
12.6623510956618,502.517583100826,7085.89824045693
18.5507743206011,942.679045934369,7085.89852459755
28.0337746922621,881.369255356645,7085.8989821913
39.0179425556649,209.501943571055,7085.89951222255
48.8208638817841,1365.23514715492,7085.8999852538
77.2714840798421,2370.24377902628,7085.90135811318
164.957990318839,22.1818969442511,7085.90558934755
169.507796964177,305.275860146281,7085.90580889442
174.683845688027,43.074495359452,7085.90605866005
181.416108881084,499.216445959405,7085.90638351942
188.371798715594,1496.34404866816,7085.90671916005
203.646080305644,368.009511753087,7085.90745620693
207.184315125509,361.207286303511,7085.9076269413
214.532782353421,60.9935990603105,7085.90798153505
216.655010903069,1439.82681333199,7085.9080839413
229.889634654693,2291.8329456445,7085.9087225663
352.964641540171,72.5321677719215,7085.9146614413
357.239860237806,167.206484769089,7085.91486773818
5.8427542510225,179.141229628144,7085.91528286318
12.5125228201725,1238.70236290458,7085.91560470693
19.9999030861638,42.3597407150922,7085.9159660038
22.5595943047304,1105.8650661866,7085.91608951943
42.6051663648109,100.260189039858,7085.91705680068
45.5812728885381,919.431308865626,7085.91720041005
67.2821442788315,3400.46923952286,7085.9182475663
168.040977222475,35.2146679871712,7085.92310158192
172.983561374303,352.146700688394,7085.92334008193
179.590187626002,223.054311132564,7085.9236588788
186.092548184569,374.487607590623,7085.92397264443
190.999513526527,44.8639007888385,7085.92420942568
192.99157184545,1398.30491630022,7085.92430555068
202.710627224044,1283.5178475612,7085.92477453505
214.847222767758,415.762729799596,7085.92536017568
224.434812679323,568.2164183618,7085.9258228163
230.240017612584,359.329788146567,7085.9261029413
236.716797442634,2040.94163791524,7085.92641547255
353.946123599625,108.105260854252,7085.93207226943
357.291045871313,70.4293359743424,7085.93223367568
3.66517901591452,213.411566196697,7085.9325412538
9.27933798913927,960.997392773777,7085.93281216005
20.9415568931527,312.333797714004,7085.93337491005
24.8155791614113,324.141935514888,7085.93356184755
31.5695374117708,247.035669698192,7085.9338877538
37.8368143906328,364.314939327315,7085.93419017568
42.2295748404245,86.1489907189039,7085.93440214442
47.4098330068694,2178.86442221982,7085.93465211318
177.125142061765,29.677156565544,7085.94091141005
179.110400427789,161.606575344031,7085.94100720693
188.367707569859,221.70244806663,7085.94145391005
194.356187045335,512.293429899557,7085.9417428788
203.704807668284,1476.93113294878,7085.94219398818
216.081991545994,255.999943465923,7085.94279123818
220.727321190198,414.676709636908,7085.94301539443
237.760520298529,2479.3453956562,7085.9438373163
346.10718351169,78.3237016910299,7085.94906548818
350.00192944772,41.8858142614553,7085.94925342568
358.850916436134,281.183298866949,7085.94968042567
6.46004800996476,147.37729092662,7085.95004759755
9.07349119586899,172.297981437808,7085.95017370693
16.4591961282474,1613.13329360979,7085.95053009755
33.8340112483391,147.504716774272,7085.9513685038
39.4193514776796,1082.78919164206,7085.95163801943
65.1114631547043,2540.66767624295,7085.95287776943
167.819034246579,65.8449544888029,7085.95783383193
179.393825340928,332.610189390792,7085.95839236318
181.536129864802,183.186035784821,7085.95849573818
189.075319168284,516.966636165961,7085.95885953505
196.01449485301,606.104111344763,7085.9591943788
201.538311810279,1641.21560786157,7085.95946092568
218.51063526469,291.420998443925,7085.96027991005
226.236661010221,703.866409601517,7085.96065272255
233.103951570143,35.7442443699174,7085.96098409755
237.142143833617,1762.73851071329,7085.96117895693
350.485427181296,93.6720562227933,7085.96664253505
353.29250664906,41.6609212405827,7085.96677798817
2.17128392167464,151.773829615287,7085.96720642568
8.59074995994375,1103.14313239712,7085.9675161913
16.0551399700252,183.391066221894,7085.9678763788
22.576281266515,392.325560927276,7085.96819105068
29.2003931329213,82.8129162466773,7085.9685106913
35.5835928185602,1607.15862840277,7085.96881870693
58.0884759998983,515.802289768885,7085.96990466005
67.4490775209599,1570.83401841618,7085.97035634755
81.3973710476731,40.1684414896852,7085.97102941005
167.370940355601,70.0280250454099,7085.97517798818
172.929728429196,48.5352313894793,7085.97544622255
179.075901718371,266.641153601199,7085.97574280068
185.471406073502,267.063621217645,7085.97605141005
188.846442363075,436.916558488321,7085.97621426943
194.909721169647,61.3774517321808,7085.97650684755
196.224699799795,1037.41648604938,7085.97657030068
205.448654908613,404.771466344656,7085.97701539443
209.249820700231,34.7446724169309,7085.9771988163
217.637707107969,880.00384756981,7085.9776035663
225.138363470681,2306.47723142852,7085.9779655038
253.414775705258,1740.77197101496,7085.97932995693
336.847758303922,54.7863143740557,7085.9833559413
342.20125300662,52.6438510839444,7085.98361426943
344.902771582645,92.1554083044285,7085.9837446288
357.360259470349,237.258906965465,7085.9843457538
3.05148443820148,1009.21415668864,7085.9846203788
13.185983732424,1428.92842003306,7085.98510941005
22.7567357228253,59.905719274056,7085.98557123818
34.7550658466126,179.246090192819,7085.98615020693
42.0345622690995,2089.84740623919,7085.98650147255
76.4053387176644,2118.42188235778,7085.9881600038
163.892703920511,120.359069932796,7085.9923816288
173.834862093785,100.820830850612,7085.9928613788
177.79534074448,143.370662564202,7085.99305248818
180.680133825024,706.84980091329,7085.9931916913
189.839003761935,411.766648555911,7085.99363364442
197.29724143727,1757.27254969615,7085.99399353505
216.539449249066,441.706698994793,7085.99492205068
219.530127105817,555.373691479844,7085.99506636318
226.865318274705,42.4151512523618,7085.9954203163
233.881883687742,2115.01327562758,7085.99575889443
252.528287361074,1847.99497926491,7085.99665866005
348.731555077622,57.4235728412198,7086.00130086318
350.720699077166,216.03664690506,7086.00139684755
356.138955104999,348.930662141811,7086.00165830068
4.12726416643602,1192.20344707571,7086.00204376943
17.7283979626861,1518.67873832146,7086.00268953505
36.2796024462268,44.9162235183209,7086.00358470692
38.1531475103731,370.654895665012,7086.00367511318
42.8412196133338,1834.93487071473,7086.00390133193
175.906955694208,27.6066686871745,7086.01032230068
185.822885520813,254.084531192689,7086.01080078505
190.232483929464,244.896797285676,7086.0110135663
195.691863370675,113.861309269936,7086.0112770038
202.428983662175,1325.91382318026,7086.01160209755
218.396859053087,270.558464521287,7086.01237261318
223.150340099334,486.09694047741,7086.01260198818
232.254810563845,105.644007430961,7086.0130413163
235.282078582302,25.5981607438782,7086.01318739443
242.756182751573,1619.08586537862,7086.01354805068
344.098908992569,68.9123758057519,7086.0184382538
354.579557550223,237.891623067199,7086.01894398818
357.747357614443,67.7090258860424,7086.01909684755
0.568036988003424,87.9298925338112,7086.01923295693
4.08198631565455,88.3562251141612,7086.01940251943
11.7772504251501,1382.73892336116,7086.01977384755
26.5101273868331,1039.73218923414,7086.02048476943
37.2281261877234,814.725231723656,7086.02100195693
44.5202510510829,235.031077933101,7086.02135383193
55.5044188767896,128.43957841735,7086.02188386318
69.6877960209039,2774.16067895331,7086.02256826943
162.016393851042,27.8185426083599,7086.0270235038
168.800789966058,198.448243948768,7086.0273508788
175.866897828446,113.943791901772,7086.02769184755
182.560304233961,515.219145125201,7086.02801483193
187.801761863402,332.610189390792,7086.0282677538
192.870954346121,1478.55860888058,7086.02851236318
207.143702116659,146.096829078957,7086.02920108193
212.901307417329,758.150764390564,7086.02947891005
219.302316489055,1171.85716685952,7086.02978778505
234.94865188013,1733.85039659024,7086.03054278505
254.215792839987,2628.14192630856,7086.0314725038
343.3820953225,137.141423217635,7086.03577514443
349.024749343621,194.140925557917,7086.03604742568
353.218692490946,51.1044852269382,7086.03624980067
359.880042099514,1357.28484007558,7086.03657123818
11.843077335595,1244.51338123777,7086.0371485038
21.6806459689649,214.465459280611,7086.03762320693
31.2080078447619,112.199013968528,7086.0380829413
35.6946722103445,2333.43033784195,7086.0382994413
62.3060708801271,131.47571920058,7086.03958355068
78.0897003392929,2157.7908349002,7086.04034517568
164.45561905962,45.3326022553657,7086.04450176943
169.095120178154,221.70244806663,7086.04472564443
178.475797673442,232.781932618664,7086.04517830068
183.068670662004,109.82953435601,7086.04539992568
189.502384186525,1412.84872690051,7086.0457103788
203.600600184507,273.047029430984,7086.04639067568
207.87355221861,376.089687170733,7086.04659686318
214.722385811989,1521.0523951481,7086.04692734755
235.077516973794,1931.97946529722,7086.0479095663
264.646565200761,448.125703211844,7086.04933639443
345.017632511413,62.4772872326318,7086.0532146288
355.530661750482,169.992520060447,7086.05372192568
359.035544461703,218.630225035099,7086.05389105067
1.44660852069779,67.7090258860424,7086.05400739443
8.18826213926062,287.003310006639,7086.05433270693
13.090370382776,1229.9343765676,7086.0545692538
26.4632595920233,372.475300602915,7086.05521455068
31.6778412943391,1550.80304153898,7086.05546617568
51.7159657079776,109.743963916387,7086.05643309755
64.7372009371991,373.08015010673,7086.05706142568
80.2909276864824,2122.95803159179,7086.05781195693
169.614600173617,130.183183677524,7086.0621221913
174.107416873946,344.377776295701,7086.06233898818
178.371626100696,65.3796114469252,7086.0625447538
185.769311893492,372.677028126489,7086.06290172255
190.75787655714,1349.2876815846,7086.0631424413
202.616646062393,277.416062344216,7086.06371467568
209.480698569251,1489.90120241166,7086.06404589443
231.164408229305,451.467474515965,7086.06509222255
231.679584548699,21.6731303043227,7086.06511708193
240.836187897471,1939.43394677376,7086.06555892568
347.915795846759,48.1709429289712,7086.07072595693
351.183652161516,112.366352333915,7086.07088364443
0.248942029409065,128.219962425291,7086.07132108193
3.32801908535655,988.750858965659,7086.07146966005
11.8719802991089,187.544604846046,7086.0718819413
18.8500127713765,931.127730474657,7086.07221866005
29.4559744613125,101.007022190736,7086.0727304413
39.1627252081095,1904.39619629501,7086.07319883193
56.7852523487789,941.402511500655,7086.0740491913
169.68204605405,39.4308058426773,7086.07949692567
178.103932188583,102.117023170756,7086.0799033163
186.99533790207,249.457648981988,7086.08033236318
191.821999234033,247.946663201049,7086.08056526943
198.231751075417,479.559336685753,7086.0808745663
202.926623131276,38.9513837850686,7086.08110111318
206.332421056884,799.829591446866,7086.08126545693
215.784336021129,683.497813902534,7086.08172155068
224.513838440628,983.874204329993,7086.08214278505
233.801583447353,748.573703024391,7086.08259095693
242.310573544779,1570.83401841618,7086.08300155068
353.616357492201,165.057648104927,7086.0883653163
356.604121104965,66.0230550786345,7086.08850948818
3.96262630114252,161.140850662989,7086.0888645663
9.86076372296727,1127.93596684924,7086.08914917568
20.8650075605968,328.746446731643,7086.08968017568
28.2707885802899,55.8897858549123,7086.09003753505
31.9537649639037,1349.2876815846,7086.0902152538
50.6357873340174,275.240247260555,7086.09111673818
62.0684272995281,974.047509316733,7086.09166841005
165.848445946188,40.9501738074525,7086.09667622255
178.883928623966,222.041204867018,7086.09730523818
184.442069079409,154.229878868151,7086.0975734413
188.173940256526,49.1363824628444,7086.09775351943
198.818434962624,598.115557082224,7086.09826716005
203.9860646505,337.767230851327,7086.09851651943
211.384074252371,456.104848334249,7086.0988735038
216.327953602808,60.335438034631,7086.0991120663
220.906902876498,1303.96626829565,7086.09933301943
231.913737186734,871.076544228799,7086.09986414443
255.145242468502,689.191925751231,7086.10098516005
348.884989470414,60.4521085967313,7086.10550848818
355.074552836497,186.640758403911,7086.10580716005
357.879689487502,42.4151512523618,7086.10594251943
7.29987138848355,279.306022754611,7086.10639708193
11.8674874953006,394.998395103485,7086.10661748818
20.3670871672207,396.517596534807,7086.1070276288
22.8801502558157,239.622877096224,7086.10714889443
27.6773451880472,1185.12188951314,7086.1073803788
43.9573701532921,1508.35022250106,7086.10816595693
69.2013334618929,344.595962875616,7086.10938408192
173.267597107596,52.7330019928218,7086.11440570693
179.655977700754,134.652775041211,7086.11471397255
186.481497266842,124.049090444167,7086.11504333193
192.548014088782,383.216264276953,7086.1153360663
201.768407335461,296.53404731711,7086.11578098818
205.122720070351,630.892893482837,7086.11594284755
214.639072512959,1589.10018477343,7086.11640205068
236.479504521786,1285.39012766993,7086.1174559413
256.594371196369,386.535886631734,7086.1184265663
352.061302653298,97.841644508545,7086.12303323817
354.748573780767,83.6594057918028,7086.12316291005
359.534759204417,125.104843151647,7086.12339386317
8.75353348110892,415.401046893749,7086.12383870693
14.0613713679757,283.843559767405,7086.12409483192
17.07018241989,503.414143704362,7086.12424001943
25.1093291292855,72.5321677719215,7086.1246279413
27.9811699598804,347.852052717812,7086.12476651943
36.9765175951199,1443.99658896788,7086.12520058193
54.0733690307295,1956.71767677652,7086.12602420693
171.758291051802,30.2454727929558,7086.13170298818
177.510067902194,223.39100014257,7086.13198053505
188.105991623865,128.731830750795,7086.13249183193
190.469132203496,916.811848661325,7086.13260586317
198.389118115356,1370.50981674491,7086.13298803505
218.150387955456,440.001923784905,7086.13394159755
225.78607160964,46.3065072398017,7086.13431005068
227.886928873365,1199.24303820795,7086.13441142568
234.39803220159,277.009387650295,7086.13472561318
249.396430569938,1569.3022437091,7086.13544934755
344.81608631644,135.140260093536,7086.14005373818
351.403607983444,41.1789456700173,7086.14037161318
356.860073142971,65.199748378042,7086.14063491005
359.588791492893,230.836641468279,7086.14076658193
5.22723599602699,1142.76399454383,7086.14103866005
20.2991384591673,209.501943571055,7086.1417659413
27.7780997268807,202.941996541028,7086.14212683192
34.0942714992456,1517.88681623799,7086.14243161318
44.9628403895555,376.68870800367,7086.1429560663
55.9563986030718,61.3774517321808,7086.14348655068
62.7246043773795,97.40860201779,7086.14381314443
72.5799823214446,2310.64434252914,7086.14428870692
163.345889500857,39.0116342008362,7086.14866853505
167.069989297848,211.288014861921,7086.14884823818
175.607150596398,181.330409021463,7086.1492601913
180.226899512085,524.471854834729,7086.14948311318
185.447309664679,180.915463166009,7086.14973501943
190.633396356795,41.9418458297294,7086.14998526943
192.574293180987,1340.34605636657,7086.15007892568
207.382940863298,466.531424603289,7086.1507935038
208.984812186033,391.942256428024,7086.15087080068
218.204233967788,74.0066827265018,7086.15131567568
224.220236988542,2416.46769261195,7086.15160597255
245.316561433017,1547.69819182832,7086.15262395692
350.637251939416,143.632536420135,7086.15770611318
356.555465335467,88.3030454312816,7086.1579916913
357.849072755085,30.2454727929558,7086.15805411318
2.22693810047286,999.034965865064,7086.15826536318
19.0671484697037,1438.15548359072,7086.15907797255
29.6705197624246,292.193658157913,7086.1595896288
36.6420760531739,227.227042737255,7086.15992603505
41.0801694343295,63.4471433724748,7086.1601401913
49.8462620532304,2587.56482907074,7086.1605631913
90.8120077021534,258.192384139377,7086.16253995693
173.079687698462,127.999971732962,7086.16650355068
182.579525991286,77.3582031765585,7086.16696195693
185.197826275633,243.666142818455,7086.16708830068
189.714280812328,703.43914027049,7086.16730623817
197.102900064086,104.391620348032,7086.16766276943
202.809343983114,411.766648555911,7086.1679381288
210.087221360221,1955.48799375445,7086.1682893163
230.315096497593,291.678792230243,7086.16926539443
240.802544970449,1481.80823167365,7086.16977145693
350.547081334055,90.2497868104923,7086.17506708193
356.25967758783,159.853116854514,7086.17534273818
359.43168713234,64.7660466923661,7086.17549580068
5.1429880744192,220.000961892453,7086.17577139442
11.0498683035976,1175.95455595421,7086.17605642568
24.3644722938365,1069.37958488373,7086.17669891005
37.7098379578072,169.105979219708,7086.1773428788
48.4903314579967,1928.2411223287,7086.17786308193
64.6010054828107,706.84980091329,7086.17864048818
171.124313737024,44.0982979299509,7086.18378067568
180.084690218241,166.981581339876,7086.18421305068
184.07722570358,235.669761483592,7086.18440570692
192.922974714323,359.53887089768,7086.18483255068
195.736206516834,661.140586721842,7086.18496830067
203.85533350254,472.295258457933,7086.18536008193
208.154513845617,111.105180611304,7086.18556753505
211.456369849473,916.155762364923,7086.18572686318
220.133091804254,443.065806265963,7086.18614555068
232.027479968593,1721.32141873504,7086.1867195038
251.352906109762,685.254908372457,7086.18765203505
348.848162200549,35.3478080139524,7086.19235658193
351.759183627761,78.3836606732535,7086.19249705068
355.934022265784,82.1866116829106,7086.1926985038
6.56232663117377,151.277837479036,7086.19321136318
9.61549918722428,988.142678792769,7086.1933586913
15.22609629831,241.963782343646,7086.19362942568
22.6755912039873,68.6733933608075,7086.19398889443
28.4934245404255,897.592111748224,7086.1942696288
40.9379601781813,1739.38996539391,7086.1948701288
65.408673369469,1174.93148543701,7086.1960509413
172.188760185298,133.531810608822,7086.20120351943
182.80249325536,497.104302166207,7086.20171567568
187.26260554059,351.077972249314,7086.20193089443
195.373961108474,101.192866586164,7086.20232230068
198.631455608193,737.65094033007,7086.20247948818
205.941389819944,964.744062414979,7086.20283222255
212.422702939361,847.992898123096,7086.20314497255
223.86797138344,454.123211257595,7086.2036972538
229.597405558378,959.118673371506,7086.20397372255
236.299878580323,1334.95225984603,7086.20429714443
266.924860174595,398.408500634773,7086.20577492568
348.099661808967,64.1466116335643,7086.20968251943
1.3699042573734,267.485422700275,7086.21032286317
5.79860725071948,228.217139630615,7086.2105365663
8.90585550779155,226.23260209631,7086.2106865038
20.3203623158352,638.471386871231,7086.21123730067
25.8043510960309,1240.64236661781,7086.21150192568
37.9817462817422,459.388582729758,7086.21208953505
43.9770256724209,139.653011377305,7086.21237883193
48.2422063640949,96.4880328413464,7086.21258464443
54.4654455725045,1774.9751668461,7086.2128849413
169.44334437635,35.1479123583687,7086.21843309755
180.680405167849,191.706164831551,7086.21897533193
186.494676679845,142.450357065727,7086.21925589443
189.662476744064,475.150974121874,7086.2194087538
198.776013787308,462.323984651292,7086.21984851943
203.834196836838,33.1180742552117,7086.22009259755
207.790142198166,610.551720292563,7086.22028348818
212.154731522226,1652.89693043746,7086.22049409755
234.801765832402,393.091059702755,7086.22158691005
243.362888776393,723.661852664037,7086.22200001942
265.56080336631,64.983261827134,7086.22307116005
347.685607250028,51.4708310694889,7086.22703401942
348.470190684998,44.3902518909578,7086.2270718788
358.189246101288,104.930189537278,7086.22754086318
1.68085279118069,117.834880741796,7086.22770934755
5.66755978854523,161.257410202786,7086.22790172255
9.76209434118079,20.8304606202914,7086.22809930068
16.095751690557,428.930918561221,7086.22840492568
26.986015562777,954.090473292979,7086.22893042568
36.4868253205251,992.998461235572,7086.2293888788
45.4310114987302,42.9379691524456,7086.22982047255
52.8711160165981,453.460713423226,7086.23017948818
61.7693216829836,185.934739826976,7086.23060886318
70.7685549517418,2153.3277383412,7086.23104311318
166.172667975688,43.0199348366855,7086.2356467538
170.472495974613,245.050174596528,7086.23585423818
179.854144859433,235.190922293071,7086.2363069413
186.865853211724,1377.5111051828,7086.23664528505
198.579233535075,227.227042737255,7086.2372105038
212.446575395946,424.704882373561,7086.23787966005
215.530509588032,1461.37979495364,7086.23802847255
231.83838190763,509.055630981692,7086.23881539443
240.577274714938,425.765311895532,7086.23923708193
246.509735597241,33.7328880106735,7086.23952334755
261.211203304737,3016.70044500213,7086.2402327538
334.592257358097,100.166444583216,7086.2437736913
345.965316905991,61.2241993214191,7086.24432248818
348.498779853281,138.504693825148,7086.24444473818
355.787342816805,1272.22565815543,7086.2447964413
9.4202487161229,67.0116878653815,7086.24545428505
16.7658016623521,1106.40852035715,7086.24580873817
31.0663967872429,2298.12058272216,7086.24649880067
54.6045469267485,208.783240696064,7086.24763461318
62.0365562554144,1483.43037853493,7086.24799323818
171.744631699334,35.5465760992768,7086.25327786318
175.683091483651,127.70605406498,7086.25346791005
178.862548636908,235.350627875164,7086.25362133193
191.520472797067,436.227942657297,7086.2542321288
196.872024683006,438.290514992445,7086.25449036318
203.151606255968,954.720413837151,7086.2547933788
211.88240391177,95.1645429125847,7086.25521467568
214.116993306056,392.325560927276,7086.2553225038
222.513622521148,959.745283246605,7086.25572767568
238.830885228555,2238.74940807889,7086.25651505068
351.876629977866,123.213217406715,7086.26196997255
2.7461702954033,182.466652898228,7086.26249447255
6.32164285742985,107.58258867094,7086.2626670038
12.3029985709323,1261.78578696567,7086.2629556288
21.6791427768538,465.240901359465,7086.2634080663
28.1092944769321,1197.23597702404,7086.26371834755
44.0613032608207,59.1958218554289,7086.26448809755
51.4466844595152,503.115493710737,7086.26484447255
60.6696681411057,2611.61847703306,7086.26528951943
170.983456525128,30.0116112517124,7086.27061261318
175.714271086845,238.994796175618,7086.27084089443
186.684839044452,250.059473128061,7086.27137026943
189.615612674511,891.543117109705,7086.2715116913
197.839005353349,217.596496376871,7086.2719085038
205.204958120577,66.165198320256,7086.2722639413
209.27747384453,2304.39090032064,7086.27246045692
231.336151587292,490.100349193057,7086.2735248788
245.127722727535,708.548997252478,7086.2741903788
255.84215962859,20.7032290616693,7086.27470739442
278.663078130868,2018.42831337729,7086.27580859755
337.072933514384,25.5292557926889,7086.27862711318
342.599017135184,114.928913608203,7086.27889376943
351.049398242222,71.9469622767477,7086.27930153505
354.834049884056,496.801877414299,7086.27948416005
3.55610477020095,36.2012676780044,7086.27990503505
6.09895806760411,536.653999017034,7086.28002773818
11.5722612236866,1589.10018477343,7086.28029184755
33.8210133861692,338.656075404842,7086.2813654413
38.613351219958,769.954544566076,7086.2815966913
52.6833960545107,1605.66149265406,7086.2822756288
173.801639584164,25.9172943523067,7086.28812008192
183.20433594583,292.193658157913,7086.28857380068
188.178329276455,115.662250610438,7086.2888138163
195.662795260762,324.836768594849,7086.28917497255
198.715967816813,1035.0956758387,7086.28932230068
208.415574798337,262.379173943117,7086.28977872255
211.674364496665,305.767855479644,7086.28993597255
220.954014351884,48.7524985659515,7086.2903837538
225.306298968755,1575.42046075321,7086.29059376942
250.189541793988,1249.33519085602,7086.29179448818
351.759256425488,141.125194863534,7086.29669564443
356.35990075648,45.1248934052462,7086.29691764443
2.01518321847352,278.767342543063,7086.29719053505
7.66431330802489,513.172893068514,7086.2974631288
15.7831164846551,303.547659230574,7086.29785489443
19.7497474324009,141.921779883702,7086.29804630068
23.0525748634846,1384.47708852851,7086.29820567568
35.2387128565496,144.154826964282,7086.29879370693
45.6432668468037,269.445049605466,7086.29929576943
50.2701394867688,2629.97157385314,7086.29951903505
172.818960657359,34.0619997485359,7086.30543251943
183.013040369198,255.117704739405,7086.30592442568
185.331171864237,906.258290633843,7086.30603628505
197.395234778083,166.756386477118,7086.30661842568
200.672481442953,25.3908821051807,7086.3067765663
203.824738822313,1016.33812477075,7086.30692867568
214.741554850278,1641.21560786157,7086.30745545692
233.001981083105,232.135310973547,7086.30833659755
244.408392701946,1556.9938671689,7086.3088870038
347.825747897695,119.811438548112,7086.3138773163
352.315974200809,86.3668095374415,7086.31409398818
357.434709019791,63.6319538727115,7086.31434098817
2.51944426276109,565.033075883292,7086.31458634755
8.57365641520792,150.780207763823,7086.31487848817
15.6714973408595,318.292614487348,7086.31522098818
18.7635266844516,187.544604846046,7086.3153701913
22.2593428546355,1386.21314427212,7086.3155388788
37.5919096636941,1610.14868105269,7086.31627873818
55.0641905240197,113.365178355807,7086.31712184755
83.9373783242885,1985.99692247114,7086.31851509755
169.221239540265,40.4016438360078,7086.32263039442
176.1277107345,840.157443615652,7086.32296366005
186.349314029311,262.808497186739,7086.32345689443
193.673171955934,166.643684962331,7086.32381030068
197.822106018667,31.4447183569211,7086.3240105038
202.435378790532,1499.55503569998,7086.32423311318
209.077623814405,1315.89994456505,7086.3245536288
225.4114006339,1046.64843458835,7086.32534180068
255.033876981432,2038.58330216633,7086.32677120693
342.953196531086,66.6602884002998,7086.33100441005
345.506411643527,48.9448204188392,7086.33112761318
350.698650670388,199.769367714708,7086.33137816005
359.258478415772,120.670876069262,7086.33179120693
1.54455307616819,942.679045934369,7086.33190151943
14.4896937379901,53.8785509263118,7086.33252617568
18.0661377272444,1272.22565815543,7086.3326987538
35.8910440325196,915.499287490462,7086.3335588788
42.7437633348087,2404.49504751439,7086.33388955068
61.046284332848,73.2410729287203,7086.33477272255
175.147314831312,27.5640985730741,7086.3402785663
185.511716835417,447.790166058226,7086.3407786913
189.546023352285,69.4893448338618,7086.34097336317
192.983878187929,744.950601205829,7086.3411392538
208.171379624162,1314.07096315428,7086.34187211318
217.57666642074,1176.97662727068,7086.34232595693
238.827770434925,1581.51491902458,7086.34335141005
259.824038704255,2102.46797749392,7086.3443645663
339.127839367641,70.4293359743424,7086.34819130067
342.253220819876,81.0934236428196,7086.34834211318
345.097214258423,27.026315213563,7086.34847934755
352.240711886818,208.062053697056,7086.34882405068
0.880196061740612,1237.73125082494,7086.3492409413
12.762603441055,144.415271408072,7086.3498143163
15.8769753847091,1292.85260275225,7086.34996459755
27.7512876125176,319.941212412189,7086.35053758193
34.5628835014298,959.745283246605,7086.35086626943
47.8143451742176,234.871150306404,7086.35150570693
54.3785527762359,3235.19944167572,7086.35182245693
168.126310286991,37.7883939417512,7086.3573112538
173.645917726273,222.379406555895,7086.35757759755
181.706435683895,736.835426007332,7086.35796655067
191.716269463986,1358.17046498232,7086.3584495663
205.485821737851,226.23260209631,7086.3591140038
211.99627748562,1431.45073572271,7086.35942816005
233.53006463671,2258.00311781654,7086.3604672538
257.732665948726,1486.66934318697,7086.3616351288
342.385751872215,78.2637149532306,7086.36571998818
345.31879212811,45.9756538395695,7086.36586151943
351.92185651767,214.465459280611,7086.36618014443
1.73254922391498,288.04886254008,7086.36665355068
4.65717051922791,1090.53543972948,7086.36679467568
19.1821636374067,79.2774595970158,7086.3674955663
23.2384890583486,1808.5315467431,7086.36769130068
38.2475730508098,104.301581260735,7086.36841555068
46.7128492999472,805.820854488104,7086.36882403505
55.6557402418486,1944.38776190964,7086.3692555663
171.878616167258,40.5467118214098,7086.37486217567
186.050983878183,933.062849206578,7086.37554605067
194.886371073889,767.608310248136,7086.37597239443
207.836368834154,1389.67870544349,7086.37659728505
225.096232599304,107.145084471405,7086.37743014443
231.87318114327,1471.22092286622,7086.37775716005
246.613505676003,1693.14728903913,7086.3784684413
342.796049762477,75.4523804546992,7086.38310964443
349.437970901882,95.3125078861916,7086.38343014442
354.801827457314,72.9840840540952,7086.38368897255
1.43597725428978,962.247947988715,7086.38400909755
14.2065861812504,1247.40862084138,7086.38462533193
22.7774233598235,224.732704667829,7086.38503891005
33.2920716065761,1878.96920245123,7086.38554628505
52.8762192015123,270.697297910516,7086.38649130068
58.4518451962712,161.954991084734,7086.38676034755
73.2391216680518,2148.85553795341,7086.38747389443
167.753414136669,48.7524985659515,7086.39203459755
174.181946753671,900.935104297673,7086.39234480068
188.054145750681,782.73315606836,7086.3930141913
198.930162174345,1103.68814087991,7086.3935390038
213.067882615715,39.4903242051381,7086.39422120693
217.782183027649,1851.89508172812,7086.3944486913
244.31878232864,1346.61148898374,7086.3957291913
348.932279166076,103.669177409227,7086.40077722255
355.71019913727,119.497398087809,7086.40110428505
1.25344452600526,382.430948020485,7086.40137176943
9.72908251478783,107.407797933501,7086.4017807538
12.5348668216406,199.957397861716,7086.40191614443
18.0590075502894,1441.49614467182,7086.40218270692
36.8155054801192,1482.61958266005,7086.40308778505
45.6716163058999,161.954991084734,7086.4035151288
56.5362994496027,196.927557594151,7086.40403939443
91.3710907982234,222.885779277426,7086.4057203163
172.77704403703,26.007756712132,7086.40964848818
185.001067390409,156.287163766144,7086.41023834755
187.99368806392,688.755552591402,7086.4103827538
197.692343659211,136.661071348243,7086.4108507538
206.810414029517,50.0363049604768,7086.41129073818
209.358448196743,1264.64161365192,7086.4114136913
228.382734196769,1414.55003266344,7086.4123316913
244.855014424663,1738.00662750523,7086.4131131288
345.441328431815,106.264663735089,7086.41796683193
352.755472123856,104.391620348032,7086.41831976943
355.47415243012,51.7892603801862,7086.41845095693
359.660000501331,400.290439683815,7086.4186529413
7.50065375503192,923.997489632455,7086.41903128505
16.6005908924793,880.686801263408,7086.41947039442
25.9666971301355,84.4974160085776,7086.41992234755
31.1676788512628,184.718157436592,7086.4201733163
35.1339860653249,2253.73875117896,7086.42036470693
64.4320081690321,186.640758403911,7086.42177845693
75.4339853431301,1793.84407328342,7086.42230934755
170.266579720826,41.576273673849,7086.42688541005
174.270124639354,787.710230376604,7086.42707859755
186.183293617008,92.2573059614074,7086.42765345693
192.023793437976,1115.06937017225,7086.42793528505
207.746547205526,1490.70811250596,7086.42869397255
217.888170261723,852.236448078969,7086.42918334755
233.018034134795,1898.07125572372,7086.42991342568
354.066983087644,161.024221734252,7086.43575453505
357.048594327965,46.8360281113966,7086.43589841005
5.20236858322589,121.833071409228,7086.43629186318
12.260381294108,1307.64965522445,7086.4366324413
19.8620652591926,122.831397830758,7086.4369992538
27.2393512686853,894.236573678597,7086.43735523818
32.2207921703594,161.490279482202,7086.43759561318
41.4994705606549,116.55228171481,7086.43804334755
51.579246535704,2325.17027853874,7086.43852973818
172.883031271104,57.1776445634775,7086.44438314443
181.193527950531,525.616994373479,7086.44478416005
189.179570386132,639.412467418055,7086.44516951943
201.546392411109,888.841444890431,7086.44576626943
213.767501520501,1691.72631458991,7086.44635598818
227.399112183515,74.764444635278,7086.44701376943
240.611393297381,906.258290633843,7086.4476513163
253.080538236426,1673.14317955913,7086.4482530038
336.612929505172,29.458720185449,7086.45228378505
344.768322805812,107.669879956251,7086.4526773163
349.771458727092,106.17622059339,7086.45291873818
356.006031215463,443.743791711526,7086.45321958193
359.855120373356,265.652805309102,7086.4534053163
8.00177355636694,1133.25393513719,7086.4537929413
16.830360799175,79.3366830564857,7086.45421895693
20.1775497343948,519.287446376637,7086.45438047255
28.0301838108161,848.701664502016,7086.45475939442
42.4311589953201,2542.56038445533,7086.45545430067
83.9473759267357,142.845499317978,7086.4574576288
173.21341085071,44.2046885207326,7086.46176508193
175.819406465564,95.0163489554789,7086.46189083193
187.454425557985,737.65094033007,7086.46245226942
196.595486184201,577.140446544888,7086.46289336318
207.181048053139,32.4373722326854,7086.46340416005
209.024155328021,1292.85260275225,7086.46349309755
223.981430282992,966.611901631609,7086.46421484755
236.590135840572,192.781249297447,7086.46482326943
246.48048493866,1375.76416925356,7086.46530051942
346.088255382209,82.0149781421975,7086.4701070038
355.197906754238,62.627472652288,7086.47054658193
1.0853585519494,192.195578896381,7086.47083067568
6.71667929310964,970.956204326967,7086.47110241005
17.6435333647318,255.999943465923,7086.47162967568
26.2108086434698,1360.82412005578,7086.47204308193
40.1215406189451,63.7425875971154,7086.47271433193
42.9334772605442,1584.55337739838,7086.47285001943
76.2975389443827,958.491508384895,7086.47445997255
166.631488058383,83.6594057918028,7086.47881895693
175.401790082183,119.103657492126,7086.47924216005
185.509089602508,629.461704981793,7086.4797298788
192.425275031324,927.245336068694,7086.48006361318
208.225418564882,699.582280994093,7086.48082603505
214.757245485485,1374.88986862166,7086.48114122255
228.478874430771,1121.52109821295,7086.48180334755
259.035532800073,2030.30858791919,7086.48327783193
343.250184627416,59.0369073072416,7086.48734153505
351.132285103569,345.90205699736,7086.4877218788
359.083356422844,226.398649827431,7086.48810555068
4.59292589386081,1362.59026284336,7086.48837141005
15.9468808947567,328.288923823195,7086.48891928505
27.4384536974277,1204.24614724612,7086.48947380068
37.4512016838106,1006.82828740872,7086.48995695693
53.916443970334,1546.14354652693,7086.49075147255
173.577621844244,57.2187054681539,7086.49652234755
178.092781257724,222.548340866879,7086.49674022255
186.038024051328,593.068094634219,7086.49712361318
197.675633616356,1236.75925056688,7086.49768517568
213.932992059375,1009.80968031905,7086.49846966005
222.755750814209,933.062849206578,7086.49889539443
236.696920616644,571.907909918679,7086.49956811318
343.425522204058,26.9610601205672,7086.50471820693
350.898978792873,61.8728956958137,7086.50507883193
355.777449162327,72.7261931232626,7086.50531423818
358.300874065959,113.365178355807,7086.5054360038
5.20766906926973,28.7117864206099,7086.50576928505
10.2266715221818,339.542616245581,7086.50601147255
17.1360569604037,750.57904336262,7086.5063448788
23.6264366962499,839.441516298223,7086.5066580663
41.3224679317117,1309.48751841942,7086.50751197255
57.0034506300369,81.8429699012135,7086.50826864443
68.3583770581605,494.679408546972,7086.5088165663
175.334366894773,35.4473325692162,7086.51397859755
177.163226608011,97.841644508545,7086.51406684755
185.002260854028,270.83610354417,7086.51444511318
193.204929902792,869.003313752614,7086.51484092568
206.54997171999,996.624671678603,7086.5154848788
216.45618734971,80.8032876720155,7086.51596289443
222.749045019393,1374.88986862166,7086.51626655068
248.346605200171,802.830746327032,7086.51750173818
268.514576073155,1704.47289615794,7086.51847492568
331.48557138197,33.2772559508143,7086.52151353505
337.328337904165,58.9174403708981,7086.52179547255
344.582253560439,135.279232260643,7086.5221455038
348.25260150318,180.499573620985,7086.52232261318
357.635221815228,973.430003270437,7086.52277536318
3.56994939875877,144.02443127004,7086.52306173818
10.0464053820367,1083.89919262208,7086.5233742538
24.157897439042,867.618477062848,7086.5240551913
37.8983071599471,1984.78544710667,7086.52471822255
57.3662082013344,44.0716560468069,7086.5256576288
60.9669376828022,940.763689172286,7086.5258313788
171.171279466174,28.5682779516128,7086.5311491913
181.468977252993,664.768295965956,7086.53164609755
192.309374979874,895.580332116452,7086.5321691913
202.543282868786,460.695509518771,7086.53266301942
217.415396677624,1398.30491630022,7086.53338066005
227.46117300127,1201.2467687228,7086.53386541005
259.026488952058,867.618477062848,7086.5353885663
336.831626172569,39.8750268915116,7086.53914514442
350.394266067853,68.0895131943693,7086.53979959755
352.866205743071,251.408310836254,7086.5399188788
359.325176187034,275.649503223008,7086.54023055068
6.57844422515571,134.722524802733,7086.54058055067
9.03419359736217,313.534642693014,7086.54069905068
14.6473811810552,1115.06937017225,7086.54096991005
28.5658844989604,778.496933584449,7086.54164153505
34.0369209915115,1295.63992867787,7086.54190553505
57.7483076672705,405.883993082057,7086.54304970693
70.2433571439089,254.232385143993,7086.54365264443
79.9763362373748,3651.47423408985,7086.54412230068
163.351033654726,76.0106075303746,7086.54814547255
165.747526418393,142.318379303674,7086.54826111318
171.317647658861,719.495740764131,7086.54852989442
182.984723661317,1417.09799450496,7086.5490928788
194.11233781447,485.478102163484,7086.54962983192
204.384778757239,1391.40821087125,7086.55012551943
215.0312162424,1287.2598542657,7086.5506392538
229.535485805897,2268.62928442984,7086.55133914443
348.763993968392,32.2740480174222,7086.55709241005
354.147602651279,77.2366684498316,7086.5573521913
358.135281038175,122.907864441579,7086.55754461318
9.35032300099206,241.030140291087,7086.55808578505
12.0628509725098,940.763689172286,7086.55821667568
25.8064987464778,31.8528640963489,7086.55887986318
28.6330066457089,1336.75248648046,7086.5590162538
45.1403438482291,1181.05636381927,7086.55981280068
70.3613169009199,2418.45721227207,7086.5610298163
163.592687574032,47.1110234157024,7086.56552861318
176.884301270665,712.779113509754,7086.56616998817
182.973484614831,919.431308865626,7086.5664638163
196.260565022097,746.160300213461,7086.56710497255
203.988533622084,1381.86895259906,7086.5674778788
222.700670010081,1016.33812477075,7086.5683808163
235.776304711704,2561.40819665518,7086.56901176942
351.899507509279,159.146307243674,7086.5746151913
358.002938339697,105.019680451957,7086.57490970693
1.89412237589112,80.219865472575,7086.57509747255
7.53191922317759,1227.97738644209,7086.57536951943
18.7557039556523,247.339704273486,7086.57591111318
24.720869328447,267.625838157315,7086.57619895693
31.0869073215425,262.95143840116,7086.57650614443
38.3291659264753,1426.40155242901,7086.57685561318
53.1186947949407,90.1977242895313,7086.57756578505
64.9298647052982,2837.58794239475,7086.57813572255
167.365114399914,33.0648460000749,7086.58307864442
172.376345548092,140.324099562328,7086.58332045693
181.628795591719,841.587521893672,7086.58376692567
187.606913252158,1115.06937017225,7086.58405539443
200.463330905708,1098.22695382178,7086.58467576943
213.894505296267,59.4334026438048,7086.5853238788
221.912280795133,1518.67873832146,7086.58571076943
239.513112916196,2593.1354841191,7086.58656008193
345.154048110738,66.7307251123184,7086.5916576913
351.20858407226,93.1188251507287,7086.59194984755
359.13439850979,328.51774078857,7086.59233230068
2.90674548213196,65.5589818543412,7086.59251433193
6.42814238083311,873.144778701374,7086.5926842538
19.5390720455546,1460.55667560319,7086.59331691005
33.8500289854827,25.5292557926889,7086.59400747255
35.293882647748,165.398791884819,7086.59407714443
41.4316369763406,1684.60323468622,7086.5943733163
76.1035535283528,1493.12606723129,7086.5960463788
173.929740006787,45.0728135370504,7086.60076689443
179.028398926934,751.77963854145,7086.60101292568
185.923860650283,873.833116976641,7086.60134566005
201.905335909296,645.029640811146,7086.60211683193
210.118366735401,1447.32370532807,7086.60251314442
225.674036301444,1486.66934318697,7086.60326376942
253.405482083211,796.062105123951,7086.60460192568
335.618037547973,26.4110018577401,7086.60856901942
351.365076845433,188.742979578826,7086.6093288788
354.560400492625,121.137100350666,7086.6094830663
3.60529050182343,135.833649883565,7086.60991951943
6.47777895057043,176.81875408293,7086.6100581288
12.5465624737375,1220.11822867307,7086.61035097255
25.6056830255767,762.500063089533,7086.6109811288
31.7832655312426,1066.5646144048,7086.61127922255
50.0187586160079,128.658833586925,7086.61215916005
56.5081668869303,127.411456385396,7086.61247230068
59.7873564439522,2613.4596708971,7086.61263053505
167.297627184653,39.5794334806521,7086.61781834755
173.162151465988,179.141229628144,7086.61809811318
182.452163098549,799.829591446866,7086.61854639443
189.451566781346,690.934476299532,7086.61888414443
199.8561207716,1648.52620443412,7086.61938620692
217.796949859045,677.755851441475,7086.62025192568
227.001800345472,1448.98448795061,7086.62069609755
248.227647477912,2455.95477288418,7086.62172033193
346.220270539702,152.021215060749,7086.6264488788
349.92591337015,78.0232684016724,7086.6266276913
352.307187220336,156.767321346507,7086.62674259755
1.7108549338383,89.88471772442,7086.62719636318
5.64186718480167,1234.81325164931,7086.62738605068
14.559501244958,1157.4019520566,7086.62781636318
25.860675781136,1186.13618926844,7086.6283616913
48.7997836160258,2432.33944097199,7086.62946859755
75.5309907391922,1793.84407328342,7086.63075848818
167.406259293388,44.8639007888385,7086.63519184755
171.63258319752,176.180015021288,7086.63539578505
178.089934633799,699.15245815011,7086.6357073788
188.664163260472,1139.60285652581,7086.6362176288
198.825538519515,849.409764747122,7086.63670795693
209.613479553058,34.7446724169309,7086.63722851943
214.310942043829,2255.87193369847,7086.6374551913
235.824653182996,22.2347730505223,7086.6384933163
240.067167427836,1452.30028003596,7086.63869803505
261.904037612221,881.369255356645,7086.6397517538
341.371036843595,62.0245452220836,7086.64358636317
344.890167116461,68.7759155182377,7086.64375617568
347.603990324282,62.2890419799127,7086.6438871288
357.944106836173,259.933047308536,7086.64438608193
0.884594625422057,318.056414538859,7086.64452797255
11.2920628973594,177.878184404179,7086.64503017568
15.259989119105,1189.17364844151,7086.64522164443
21.1137650367935,1180.03773419417,7086.64550411318
36.9812602927008,57.8311253052188,7086.64626978505
42.7485798656486,991.180248988144,7086.64654808193
56.1965922150678,1849.29593860517,7086.6471970038
170.693638159998,29.8546881660755,7086.65272195693
176.529604729295,80.6287051013932,7086.6530035663
180.432121970058,669.724276036732,7086.6531918788
191.245319923043,721.998294483939,7086.65371366005
200.641540140887,1033.93327233192,7086.6541670663
214.742994229628,1369.63207442165,7086.65484751943
228.308548331203,1173.9076377637,7086.65550211318
244.737200569108,591.545423755946,7086.65629486318
339.662839443638,24.448405105959,7086.66087908193
348.651710972752,73.3692273602315,7086.66131283193
355.180947420747,77.1758282280821,7086.66162789443
357.935570270566,165.057648104927,7086.6617608163
4.55644400851678,240.405723106463,7086.66208030068
10.9027297987655,196.162780463638,7086.66238653505
14.0177493605714,302.555674958072,7086.66253684755
20.6162804607647,1248.37229442676,7086.6628552538
36.0453416582214,112.031425802961,7086.66359976943
43.4987221974176,1354.62430161937,7086.66395942568
57.2349224380317,884.773532217054,7086.6646222538
174.089928130467,42.2209038564159,7086.67026098818
180.37954770939,418.645007549401,7086.67056448817
187.121525137029,157.723223370709,7086.6708898163
197.40400408576,794.550092386714,7086.67138598818
206.166210958054,1222.08776431876,7086.67180880068
217.040932107718,817.671763631012,7086.67233355067
237.409986984396,1351.95865613724,7086.6733164413
351.057364397842,60.8007602598271,7086.67880039443
359.835437801767,94.3714897894132,7086.67922397255
3.08095144107044,200.520378079716,7086.67938058193
10.7182541783295,1110.74738295969,7086.67974911318
22.387272997545,93.8223804203275,7086.6803121913
30.2201548711197,343.28487275026,7086.68069016005
35.5820685343999,1141.71128107188,7086.68094889443
47.693407158673,920.085008182525,7086.6815333163
59.4249206771878,28.5682779516128,7086.68209941005
76.2729024642407,2606.08734592438,7086.68291239443
162.583230572398,31.8897130924256,7086.68707722255
168.626109557972,692.238544264256,7086.6873688163
177.516543844232,68.6733933608075,7086.6877978163
183.673402757519,847.283576632663,7086.68809491005
193.04566125453,1395.72264856724,7086.68854716005
204.636966498662,539.168931723566,7086.68910648818
217.193215438296,1569.3022437091,7086.6897123788
233.476478418908,759.735163669006,7086.69049811318
257.000381034465,2725.18052568671,7086.69163323818
342.353213055867,75.7009940843822,7086.69575186318
346.19614991671,77.4795436142561,7086.69593730068
351.910041369092,223.559143419649,7086.69621301943
359.43077370603,964.744062414979,7086.69657592568
6.59175691143698,847.283576632663,7086.69692147255
18.3161466302816,65.809274696349,7086.69748722255
22.6849454346319,69.5569019049103,7086.69769803505
26.6920522152989,2289.73306981572,7086.69789139443
51.2961736903749,983.874204329993,7086.69907864443
66.4716943038876,1661.60418757499,7086.69981092568
168.971127500833,63.0013749503,7086.70477017567
176.020721251133,80.0440061454744,7086.70511034755
178.971247046343,780.039977055225,7086.70525272255
189.963833870328,791.517407172648,7086.70578316005
203.236666829038,1429.76974704112,7086.7064236288
217.700784330993,882.05115433837,7086.70712158193
227.59307624584,1418.79397119737,7086.70759892568
259.704006380678,1323.19033507855,7086.70914841005
341.32950051433,82.6425733402303,7086.71308717568
348.872899298103,50.6891854878955,7086.71345117568
352.95415782941,293.476909440926,7086.71364811318
358.367556721104,80.3368829793705,7086.71390933193
4.06396263417101,918.122522453046,7086.71418420693
15.186072070729,315.922593641105,7086.71472089443
17.8160293310247,196.162780463638,7086.71484780067
26.7673392712039,1359.05564579986,7086.71527973818
37.6074131890094,120.437090855852,7086.7158028163
48.9859774911948,1229.9343765676,7086.7163518788
63.8953290421946,2176.65574453463,7086.7170713163
169.863308915473,54.226154816428,7086.72218470693
174.300107060325,36.5242072697392,7086.72239880068
177.556630132817,125.928170668921,7086.7225559413
179.916856543853,719.913406665995,7086.72266983193
190.269925267997,1010.40498190486,7086.72316941005
198.878324035504,108.452309632856,7086.72358480068
206.202505733506,42.7735555308395,7086.72393822255
210.520143118518,1576.94635127825,7086.7241465663
229.063576221933,2398.48607641591,7086.72504136318
348.955240358331,54.0960609640706,7086.7308266288
359.889541925611,84.2190067684712,7086.7313542538
6.83227947247635,882.732498208583,7086.73168926943
14.2212225333099,97.1671909599792,7086.7320458163
17.8831514777733,877.951711331093,7086.73222251943
34.5099733246013,1635.34352726202,7086.73302483193
51.8413983300887,220.342313839161,7086.73386114443
59.7662412649987,265.228089491032,7086.73424355067
74.0852934318247,96.7796884299155,7086.7349345038
174.215687690426,51.5620116048332,7086.73976620693
180.93661771661,131.618549392698,7086.74009051943
188.607920105272,113.613521368627,7086.7404606913
194.117813385365,218.45827924416,7086.7407265663
200.726684337102,937.562694147687,7086.7410556913
210.217456126585,197.308835936383,7086.74151366005
218.384182594098,892.217244530258,7086.74190773817
231.860689916022,1459.73322318582,7086.74255803505
346.967787561061,32.743644601263,7086.74811242568
350.282919661637,45.6423961125996,7086.74827239443
359.634454566269,96.2931054337979,7086.74872364443
2.69539842705342,100.820830850612,7086.74887134755
4.93646400285738,164.029956284395,7086.74897948818
15.2895327646972,898.930818671317,7086.7494790663
20.5870088742228,1177.99792143103,7086.7497346913
40.6915136960716,1395.72264856724,7086.7507048163
53.7289392283047,57.7498431020285,7086.75133392567
72.6861972396647,124.578083959825,7086.7522486913
175.274607534004,26.2549201129891,7086.7571990038
179.264552584431,107.145084471405,7086.75739153505
187.430955280565,75.5146153941233,7086.75778559755
191.770935265639,741.309791330025,7086.75799501942
200.901310267742,169.217057033322,7086.75843559755
207.5723740355,193.170701656697,7086.7587575038
213.365274336965,32.743644601263,7086.75903703505
215.652968005044,1207.23808727519,7086.75914742568
227.753297233824,1290.05928162229,7086.7597313163
262.762620317306,721.165016592806,7086.76142066005
343.812710133492,82.8129162466773,7086.76533166005
350.657334246579,98.5591469548908,7086.7656619413
357.532072415247,225.567203804289,7086.76599367568
5.88401627943014,184.106840883658,7086.7663966913
9.63823013200097,161.722801816921,7086.76657784755
14.2210650392099,1082.23385808515,7086.76679898817
27.8041047931889,1097.67928080373,7086.76745442568
36.4669029954014,933.062849206578,7086.7678724413
60.7627606050559,1524.21131272007,7086.7690448163
172.852628237599,51.9703412249495,7086.77445361318
179.544739444507,252.154547242256,7086.77477653505
186.125461196309,115.580996162823,7086.77509408193
191.134749452336,1127.93596684924,7086.77533580068
207.361993952863,993.603754828598,7086.77611883193
216.149133897826,871.076544228799,7086.77654284755
228.987094584832,54.8719819581933,7086.77716233193
231.647813481164,197.499197551743,7086.77729072255
249.307254630311,1940.67362180306,7086.77814286318
346.054888201798,76.9930091903959,7086.78281876943
349.722645634236,59.5123811342191,7086.7829957538
353.033244483141,40.8353073577672,7086.7831555038
358.795059264103,308.703312912328,7086.78343353505
7.23086911350785,217.077786301978,7086.78384059755
11.9406361983787,148.899295671079,7086.78406786317
17.7079557713265,27.3931571870278,7086.78434616005
18.5145580349785,1433.96872154256,7086.78438508193
35.6533181104414,999.034965865064,7086.78521209755
47.5357254897558,1014.56187895366,7086.78578547255
66.8161425086373,245.356679418052,7086.78671583193
80.5118668409381,320.410670218152,7086.78737670692
172.061062181321,29.677156565544,7086.79179433193
181.96306833075,137.688360712929,7086.79227214443
184.341751670633,118.232840184973,7086.79238692568
195.603745572497,729.866611592911,7086.79293036318
201.622015256782,869.694982696956,7086.79322076943
210.53123031866,775.013664355839,7086.79365067568
231.984389688376,1268.43935355225,7086.7946858788
252.134874984348,1423.87024393287,7086.79565822255
346.847337099584,162.534027903227,7086.80022848817
353.999577535333,110.766451566491,7086.80057361318
356.970826998314,85.9306167888541,7086.80071698818
2.10186652448362,1202.24752375719,7086.80096458193
15.1603394958671,266.922900449273,7086.80159470693
22.6830146495649,438.975855665547,7086.80195770692
34.801800882584,1676.01554856844,7086.80254248818
52.0542170389884,1929.48812482996,7086.80337498817
179.09617875668,64.3659153753973,7086.80950528505
185.705395480986,781.195330645801,7086.80982420693
197.221901356326,745.757289255522,7086.81037992568
210.237631868953,1453.95528949877,7086.81100798818
225.769339751859,848.701664502016,7086.81175745693
240.093572750811,1593.63400253909,7086.81244866005
345.51950037757,30.9554222532871,7086.81753589443
348.47132144678,43.2920435611273,7086.81767833193
1.0923316738525,214.465459280611,7086.81828734755
6.21398081221322,291.678792230243,7086.81853448817
12.8779208933889,899.599394976747,7086.81885605068
20.2464640955279,1327.72648431256,7086.81921161318
32.27911771749,1088.88009719976,7086.81979223818
53.2834811006299,126.523569399239,7086.82080578505
59.5860529671983,337.099043123956,7086.82110991005
66.2580881998799,2171.12416933674,7086.82143186318
167.469674876163,33.8891796569651,7086.82633073818
170.748540624109,112.282710906797,7086.82648895693
183.476083245541,942.041000762117,7086.82710311318
191.761646776907,145.323142408671,7086.82750292568
195.720182573147,788.473175639126,7086.8276939413
209.390973832778,1755.90342266219,7086.82835361317
232.466728117607,1380.12756778494,7086.82946711318
247.588172992402,1344.824362981,7086.83019678505
346.195381043667,84.3861647226163,7086.83495498818
353.268612630334,40.8640517257641,7086.83529630068
359.626231587455,921.391019037543,7086.83560308193
10.2263647894169,863.450533294952,7086.83611458193
19.6339182495259,251.258791550413,7086.83656853505
29.0531287232798,145.581491306501,7086.83702305068
36.7700878523816,1345.71809251582,7086.83739542567
47.3653639935966,1544.58734691332,7086.8379066913
70.1746254068372,787.710230376604,7086.83900733193
172.71122662599,53.3528915491743,7086.84395514443
178.885571040897,237.575487060937,7086.84425308192
184.04219133328,267.063621217645,7086.84450191005
193.250603719542,837.290015098802,7086.8449462538
201.041066943436,1335.852650719,7086.84532217568
218.482586205422,845.863157294957,7086.84616380068
237.034114535735,1611.64170897621,7086.84705898818
352.727625931429,62.9267679630452,7086.85264167568
355.104366454553,55.2558589161922,7086.85275636318
1.16214050683443,304.53639610073,7086.85304867568
12.5293715667548,301.809521818797,7086.8535971913
18.4663657761212,1132.19233988104,7086.85388367568
28.7041593739438,1164.65193045201,7086.8543776913
39.3337589756377,56.099506984264,7086.85489061318
44.9864510027202,1115.06937017225,7086.8551633788
59.3699406102128,140.725223141125,7086.8558574413
65.6861123448817,891.543117109705,7086.85616222255
167.876564300603,21.537247679726,7086.86109333193
178.002320787472,124.427176895203,7086.8615819413
182.146074018078,43.8847465311643,7086.86178189443
186.53721542249,231.973384945405,7086.86199378505
189.014983623379,23.2039179537402,7086.86211334755
194.435830086124,249.156167919651,7086.86237492568
202.990476923989,1088.32787226731,7086.86278772255
215.758819187418,1180.03773419417,7086.86340384755
239.519063426287,1204.24614724612,7086.8645518788
351.113506979978,79.2774595970158,7086.86993676943
356.953359182794,88.0366751720985,7086.8702185663
1.08545536205997,39.8160809877979,7086.87041795693
4.97761082548187,324.373694571278,7086.87060576943
15.3798981899006,1132.19233988104,7086.87110772255
23.06771469065,199.957397861716,7086.8714786913
27.5712170527882,1032.18722458109,7086.8716960038
47.9001197925328,165.171445964951,7086.87267695692
63.1627443689381,2333.43033784195,7086.8734134413
170.640634503616,32.6178806187016,7086.8785996913
175.99801487753,248.703307947906,7086.87885820693
188.241466586983,1006.23098742147,7086.8794490038
194.718246454729,1106.9517524831,7086.87976153505
205.052210594178,957.236179210952,7086.8802601913
221.496081707867,1785.7817447009,7086.88105367568
244.06378339758,1804.53763043431,7086.88214266005
349.696299593844,118.708626262176,7086.88723986318
354.685835647024,58.5575754552536,7086.8874806288
359.957731103425,161.373886475857,7086.88773501943
5.89504908417066,1041.46546942019,7086.88802151943
13.9261006420604,286.216633726966,7086.88840905068
23.9074393742557,120.748716581076,7086.8888906913
27.7451953275801,1622.05393561266,7086.8890758788
42.7471555957632,79.1588669613041,7086.88979978505
52.8881310338078,255.41210812996,7086.8902891288
63.6245868012411,2042.11958454437,7086.89080720693
173.193943774139,28.2167171572478,7086.8960943788
175.769501599729,149.779993963151,7086.89621866005
183.124121086996,605.607952675058,7086.89657355068
190.405560363938,35.2479989640386,7086.89692491005
192.414456528632,1069.9416908011,7086.89702184755
208.6112632022,1098.77429377292,7086.89780341005
220.784772716696,1500.35683876837,7086.89839083193
240.619546651589,389.055343497091,7086.8993479413
251.630590404421,1345.71809251582,7086.89987926943
339.540199438098,24.4963910267515,7086.90412126943
347.136378686588,90.6133848510571,7086.9044878163
352.810118115125,58.9572904385882,7086.90476159755
359.152518158767,186.338514063245,7086.90506764442
4.91908469101309,1091.63744710372,7086.90535055068
18.465210436514,95.6568574350669,7086.90600420693
21.2055857623842,1000.83874521317,7086.9061364413
38.1380810397224,1455.60841158243,7086.9069535038
57.4249741647302,33.2772559508143,7086.90788417568
59.6333352500429,464.270621947094,7086.90799073818
82.9972774260669,1817.81634189804,7086.90911814443
162.062432685304,22.9878269197847,7086.91293336318
169.322500676325,172.188888147851,7086.9132836913
174.37355996388,46.2303667569941,7086.91352742568
177.049497811388,153.986018380792,7086.91365655068
184.045987250198,1103.14313239712,7086.91399416005
193.557806403439,718.659576293135,7086.91445314443
204.270948105887,331.478455795065,7086.91497009755
209.663623405203,1437.31915258627,7086.9152303163
222.894361485612,1352.84783375766,7086.9158687538
246.996906547091,901.60223731317,7086.91703180068
340.23281050957,33.5408749385646,7086.9215308163
353.090847170803,67.0116878653815,7086.92215126943
356.5212543977,202.571306950894,7086.92231680068
2.25522186200491,166.869032480754,7086.92259348818
7.32052867350864,161.722801816921,7086.92283791005
11.1200754574433,401.789657100693,7086.9230212538
19.046537437733,1241.6112582514,7086.92340373818
34.100630552482,101.563528420723,7086.92413016005
39.515972336328,950.301948243748,7086.92439147255
56.9927864483243,1892.99620423355,7086.92523480067
174.224703115618,35.7770792158707,7086.93089172255
181.514237506371,220.342313839161,7086.93124347255
189.745077756259,266.359156952944,7086.93164064443
192.786269414196,927.245336068694,7086.93178739443
205.072139848723,100.260189039858,7086.93238023818
207.25556782367,1166.71516892097,7086.93248559755
218.646436757652,1871.27380257834,7086.9330352538
243.168311330582,818.406786784465,7086.93421853505
349.703600407516,90.6652045107315,7086.93935930068
352.91511435772,57.4235728412198,7086.93951426943
358.096991531849,123.36562327242,7086.9397643163
4.96525355669387,265.369753948974,7086.94009573818
8.34449932655705,130.038785295383,7086.94025880068
12.1644459314902,34.0792324915462,7086.9404431288
15.8143940155368,115.010626022816,7086.9406192538
19.2509535771807,1261.78578696567,7086.94078508193
43.0834439049314,975.281300163999,7086.94193509755
57.9966811648422,1596.64936827397,7086.94265472255
171.904978598779,44.2577849368853,7086.9481700663
179.339902171432,85.7664703146632,7086.94852883193
187.404305800269,956.607904001316,7086.94891797255
197.832497664585,895.580332116452,7086.94942117568
212.016198617775,355.33359588058,7086.95010559755
219.091696830276,1469.58523128404,7086.95044701942
243.441630178648,1404.31188899726,7086.9516220038
346.723957969838,54.7863143740557,7086.95660580067
350.012214105593,44.3108189029928,7086.95676447255
353.814998980287,65.199748378042,7086.95694797255
0.294045398476106,202.571306950894,7086.95726061318
7.06710827122656,174.24980902625,7086.9575874413
10.1497472270092,88.5686246565598,7086.9577361913
15.0356651675129,1274.11459160953,7086.95797195693
34.2173211344648,1325.91382318026,7086.95889755068
44.3090779699307,1017.52062331428,7086.95938451943
63.8550163577811,1486.66934318697,7086.9603276913
170.422038497979,52.2407846148543,7086.96546998818
177.917837686856,205.151950982696,7086.9658316913
184.662729396178,194.044127987958,7086.96615716005
188.604427271254,915.499287490462,7086.96634736318
197.218330679964,1014.56187895366,7086.96676301943
211.865075068286,584.901571620833,7086.96746978505
222.803910000325,1462.20247021489,7086.9679976288
243.701740989105,1441.49614467182,7086.96900603505
348.073030484863,67.9514014501059,7086.9740423788
352.684684249044,68.2273404439826,7086.97426491005
0.486804486583097,186.540075053365,7086.97464139442
3.84273622915643,262.09256986931,7086.97480333193
7.55323615804688,269.305550082422,7086.9749823788
17.248329853503,1270.33383812147,7086.97545020692
29.5406764318516,1313.15569529278,7086.97604336318
39.9743730127618,705.998703942612,7086.97654683193
59.8412037822983,791.517407172648,7086.97750548818
77.3801888222142,268.046751461526,7086.9783518163
172.824453870006,36.9715889847466,7086.98295739443
181.862543964002,148.140236189143,7086.98339351943
187.195962654778,222.041204867018,7086.9836508788
192.713303468225,345.249634436939,7086.98391711318
203.280084599239,1027.5166273388,7086.9844270038
213.774009253613,854.350257206704,7086.9849333788
230.154414203079,949.669010097409,7086.98572380068
243.535398601529,1469.58523128404,7086.98636948818
351.492790808144,61.3008740990573,7086.9915863163
356.245948007619,119.340051729644,7086.99181567568
359.971666849989,130.75922289385,7086.99199545692
3.74174719649576,246.578896190286,7086.9921773788
13.8318850242781,314.252929234371,7086.99266426943
18.0507613196645,1339.44855207346,7086.99286784755
29.4565253580504,1089.98399195315,7086.99341822255
45.0967084520746,111.189703277947,7086.99417292568
56.4901678586639,1851.89508172812,7086.99472270693
171.801587485068,31.1822061227485,7087.00028695693
177.114930126226,235.988451002811,7087.00054334755
188.799491667997,1013.96901985851,7087.00110717568
198.032837126928,214.99045599338,7087.00155272255
201.764708341741,175.645983868655,7087.00173280068
211.327365180637,1247.40862084138,7087.00219423818
222.72697684658,1413.69960182658,7087.0027443163
250.906247112303,1479.37173622381,7087.00410408193
350.467065616805,169.881955724982,7087.00890830068
357.058472955024,179.455603155354,7087.00922636318
1.02607536769353,152.637930073141,7087.0094178163
6.09462023226039,75.5146153941233,7087.00966239443
13.0480433655425,1484.24073032061,7087.00999792568
31.6160858079428,1436.48226647031,7087.01089391005
41.4769685062985,728.62987865463,7087.01136973817
55.3818719937992,237.258906965465,7087.01204070693
67.7425417217255,203.496719475282,7087.01263716005
175.218165155176,32.2740480174222,7087.01782330068
185.573500580547,138.233133273324,7087.01832298818
188.001078713933,149.905379775994,7087.0184401288
194.732370555155,138.368969060387,7087.0187649413
201.546556841282,840.157443615652,7087.0190937538
213.580181890472,1030.4382902504,7087.01967442568
226.376047699178,552.932533093298,7087.0202918788
240.416626133998,1460.55667560319,7087.02096939443
345.24998763766,27.5214625394815,7087.02602803505
349.137933583095,54.8719819581933,7087.02621564442
356.626932894466,172.406991461038,7087.02657701943
2.65362150163627,199.581171034247,7087.02686783192
7.58033912183311,166.192073991489,7087.0271055663
10.5914167618868,1110.74738295969,7087.02725086318
23.7975455787028,288.570223272444,7087.02788811318
27.7852240032951,63.7794261848512,7087.02808053505
35.0903848217924,1781.73698017758,7087.02844672255
58.38891805453,455.445237079743,7087.02957097255
65.4906446137005,880.00384756981,7087.02991366005
175.200209823285,87.3403016576901,7087.03520759755
181.533219516813,313.054859812922,7087.0355131913
186.455727619023,191.411914096662,7087.03575072255
189.607013533459,295.518526316485,7087.03590278505
200.476877660073,935.636901289172,7087.03642730068
208.873506837468,1013.37593871875,7087.03683247255
221.387984745573,1010.99983940145,7087.03743634755
238.387184164806,1387.08033947665,7087.0382566288
346.256880227963,36.556348226302,7087.04346178505
356.062392064385,115.824579094426,7087.0439349413
2.01039563154846,173.817960025247,7087.04422195692
6.36008985120378,171.532940629326,7087.04443184755
11.5591287932677,155.684895530861,7087.04468272255
19.5513235259197,1482.61958266005,7087.0450683788
35.7497492071704,764.075414050325,7087.04585001943
42.0056929060713,1323.19033507855,7087.04615189442
63.4705093271279,82.7561699723312,7087.04718766005
82.8934012085312,1684.60323468622,7087.04812489443
167.17540479592,51.2421771681204,7087.05219184755
169.310909366896,201.827943246968,7087.05229489443
181.921881625703,1104.23259425119,7087.05290342568
192.155789514615,322.048443468503,7087.0533972538
194.853098572653,209.142897444892,7087.05352741005
202.759160807336,64.983261827134,7087.05390891005
209.031942465096,1398.30491630022,7087.05421159755
219.621066233869,1490.70811250596,7087.0547225663
241.632468190811,731.512239671162,7087.05578470693
255.19543181978,1342.13906655134,7087.05643917567
337.924782724708,31.5937449812953,7087.06043120693
341.378504016591,54.70050801204,7087.06059786318
354.286083127175,169.881955724982,7087.06122070693
358.214828752303,744.546924114076,7087.06141028505
3.89601571419421,26.6544269295066,7087.06168442568
10.5780888774448,864.842086834017,7087.06200686317
24.7838087347093,377.087555625266,7087.06269234755
30.8240972099799,1592.1242102479,7087.0629838163
40.7788838241264,49.0167420541532,7087.06346417568
54.7987386665685,2157.7908349002,7087.0641406913
176.042735066241,144.285111636222,7087.06998911318
182.627342451562,78.3237016910299,7087.07030684755
187.549850553772,1195.22547414874,7087.0705443788
200.371297090994,855.756632223148,7087.0711630663
209.299292966188,629.939156393533,7087.0715938788
223.562650311221,2312.7251225219,7087.07228214443
258.798314242446,1446.49270339414,7087.07398241005
344.394972650907,85.4921897164296,7087.07811280068
352.245663910569,157.484789098383,7087.0784916288
357.277618613429,842.301617343111,7087.0787344413
3.35741153208938,89.4656709826691,7087.0790278163
9.73899221004461,52.9552235395414,7087.0793357538
13.0858572984925,87.0170116518132,7087.0794972538
15.4383123670986,1346.61148898374,7087.07961076943
36.9316237606596,805.820854488104,7087.08064791005
44.9341803083488,1968.97009807628,7087.0810340663
66.5644618855331,174.24980902625,7087.0820778163
174.184179264581,49.9893494654291,7087.08727091005
179.843671206866,121.9101625205,7087.0875440038
183.69696984505,135.902802900212,7087.0877299413
193.071171234212,802.081512318864,7087.08818228505
202.15362287004,192.097796003488,7087.08862055068
205.708371764296,1253.17922705648,7087.08879208192
222.390564548449,954.720413837151,7087.0895970663
238.776474252206,1491.51457851104,7087.0903877538
352.061188290133,139.921838004931,7087.09585420693
0.236981411771477,100.727606811013,7087.09624872255
2.51269425713017,119.889834171438,7087.09635853505
9.36800403202653,121.21462167336,7087.09668933193
13.0801229686006,1095.48625726319,7087.09686845693
24.7886461935095,1236.75925056688,7087.0974334413
37.6010261519989,95.6077370051212,7087.0980516913
47.2038349770436,126.671992339844,7087.0985150663
52.0379438800573,1901.86888460175,7087.09874833193
70.6014530330906,961.622892425851,7087.09964409755
165.432752174483,51.1963214877564,7087.10422009755
172.437336764799,101.748359737641,7087.10455809755
175.703250225101,145.839396115122,7087.1047156913
185.943634257835,784.651121854552,7087.10520983193
195.384539788891,1082.78919164206,7087.10566539443
206.45548780611,873.144778701374,7087.10619961318
222.17986061904,814.725231723656,7087.1069583788
231.082599537096,1765.46499641717,7087.10738797255
267.246617039813,1804.53763043431,7087.10913303505
338.140837646217,21.4279202020995,7087.1125504413
339.814270246985,69.8937435705815,7087.1126311913
351.463213054278,195.971128214012,7087.11319330068
354.438024341701,176.286624187227,7087.11333684755
2.03161319297579,84.0515226863126,7087.11370326943
4.61688514005951,1156.36256126095,7087.11382801942
15.8348413845599,1670.26592556851,7087.11436933193
35.6514820865937,701.299074368222,7087.1153255663
41.820321860298,287.787849106991,7087.11562323818
52.0409537278814,2099.03339154494,7087.11611642568
176.552042895498,45.2288657915023,7087.12212459755
182.88602405395,813.986877901129,7087.12243023818
195.209132192943,797.571231281324,7087.1230248788
202.573789686171,669.275246334422,7087.1233802538
212.681089281888,245.356679418052,7087.12386797255
223.742646873603,1611.64170897621,7087.12440173818
239.480619554633,1459.73322318582,7087.12516116005
346.525580234366,56.8067606843137,7087.13032651943
353.071978450297,70.1620497811639,7087.13064241005
358.592233545427,41.1218732676577,7087.13090878505
2.39080890213422,646.891207267686,7087.13109208193
15.4622341234661,1044.92370311959,7087.13172283193
24.3902299986597,350.863810227864,7087.13215364443
33.6216326031358,1854.49067213739,7087.13259909755
57.5480268843733,260.077570590767,7087.13375364443
65.0418832941869,874.520900140396,7087.1341152538
163.403969646697,25.7125900432476,7087.1388616288
173.887532486034,136.523514715492,7087.1393675038
182.597930283142,41.4348069743831,7087.1397878163
186.658141337603,32.5457959193809,7087.13998373817
187.93199659207,808.056177525884,7087.14004520693
196.414110762371,221.193383054263,7087.1404545038
206.456972766638,775.013664355839,7087.14093911318
213.782449700944,936.921207284058,7087.14129259755
226.635305454659,1641.21560786157,7087.14191280067
261.288117459672,823.533297111823,7087.1435849413
336.731819645063,36.8124350447196,7087.14722541005
350.493924347878,62.4396853665665,7087.14788948817
353.917207850498,206.248046419333,7087.14805467568
357.160778673041,147.37729092662,7087.1482111913
6.54728469399986,209.3225037747,7087.1486641288
9.26175551997298,889.517626223579,7087.14879511318
20.1539622466485,1118.2998971293,7087.14932070693
32.2769579222624,37.256357721116,7087.1499056913
35.8359164098976,1251.25876326848,7087.15007742568
48.6606010378796,1805.86989806386,7087.15069626943
179.096709530379,140.725223141125,7087.15699245693
191.862137512125,1023.99977386369,7087.1576084413
200.249376339407,719.913406665995,7087.15801316005
210.213877150439,667.476129923017,7087.15849398818
230.528532479323,2546.34091589878,7087.1594742538
348.693659703464,27.0480304820353,7087.16517620693
355.786643530672,161.838931145297,7087.16551847255
1.34381259658435,187.744861324113,7087.1657866288
10.9563355808185,256.586446534257,7087.16625047255
17.8213595149043,1506.75483201468,7087.16658173817
31.0776783992229,52.0155134242639,7087.16722141005
35.1511655127081,1406.87828054098,7087.16741797255
56.2931466976231,55.8897858549123,7087.16843816005
61.552089904075,2372.27237853688,7087.16869192568
168.834400789349,53.747613998345,7087.17386873818
175.42483670034,87.3403016576901,7087.1741867538
178.767168537118,132.117247697572,7087.17434803505
182.323536514449,174.895570248523,7087.17451964442
191.985602023426,1357.28484007558,7087.1749858788
205.020113273976,618.865625412468,7087.17561484755
212.457303472465,1233.83903094521,7087.17597372255
230.864090276724,2264.38467976209,7087.17686192568
264.439921475282,87.4477851242617,7087.17848209755
351.76538338414,64.7660466923661,7087.18269591005
354.974306899432,86.8549190902179,7087.1828507538
358.418637803506,158.791729765184,7087.18301695693
9.25644505778028,274.145817158455,7087.18353992568
14.3010282392095,302.803976337529,7087.18378334755
18.489466745332,1375.76416925356,7087.18398545693
29.6585281586334,39.9338825896045,7087.18452441005
33.9690417439752,46.735632724948,7087.18473241005
41.2754141312828,213.059112019742,7087.18508497255
49.1082960048575,1533.64931865241,7087.1854629413
65.3420166115108,1327.72648431256,7087.18624628505
172.944896031699,38.5574697170377,7087.1914385663
179.900585828513,170.654393394365,7087.19177420693
182.706370135365,88.4093770414651,7087.19190959755
192.960354073896,1004.43675599138,7087.19240439443
203.206803263715,1008.0219992048,7087.19291051942
216.906413342623,40.517741939361,7087.19357158193
221.703608274855,1553.12740446334,7087.1938030663
245.607012262486,1432.29050841853,7087.1949565038
340.449644608447,24.4003255100989,7087.19953305068
345.891214701266,47.4587105725455,7087.1997956288
356.910029834224,178.826314867209,7087.20032733193
0.910984317840482,257.317667173851,7087.20052039443
4.60335108926384,90.0935090419885,7087.2006985663
12.01237016202,203.681307930914,7087.20105608193
16.4624444035924,1322.28117344368,7087.2012708163
33.5607286461342,1386.21314427212,7087.2020958788
43.491877348523,852.941661744211,7087.20257509755
56.4862366506197,38.7700739568064,7087.2032021288
75.8790145518351,1554.67505535967,7087.20413791005
167.031870561284,30.7269661103948,7087.20853641005
172.227671412589,628.505858468742,7087.2087871288
186.01082359225,850.824299902797,7087.20945222255
192.733696435194,280.380274553238,7087.2097766288
200.826271227459,1191.19436536863,7087.2101671288
217.078772609731,1281.64268087261,7087.2109513788
227.605725525977,871.766492327453,7087.21145934755
245.941922441735,1533.64931865241,7087.21234414443
344.294942290904,30.841405818105,7087.21709008193
351.829598267323,191.117191516987,7087.21745366005
358.036323401341,152.144755127814,7087.21775316005
2.51262595188615,950.934442300877,7087.21796916005
10.143452545323,411.035927516679,7087.2183373788
18.4073210570822,967.233737547701,7087.21873614443
34.1663411395665,1334.05109181695,7087.21949658193
48.7230673210089,147.504716774272,7087.2201990038
52.7165742335756,548.839640401866,7087.22039170693
64.2732321704571,45.3326022553657,7087.22094936318
77.8300435023752,1923.2457848517,7087.22160353505
163.56917684875,26.4554263912364,7087.22574080068
173.992511614623,751.77963854145,7087.22624376943
184.678777352249,318.056414538859,7087.22675942568
194.248881724499,1350.17863556186,7087.22722122255
208.148280495405,882.732498208583,7087.22789192568
219.05894422632,831.525459599192,7087.22841841005
232.013475238255,1459.73322318582,7087.22904351942
355.055745567207,104.750971785528,7087.23499920692
357.95705283523,21.3730474291074,7087.23513920693
2.31743264130222,76.9930091903959,7087.23534961318
5.84951512642043,90.7170033537241,7087.23552005068
11.5158070216033,919.431308865626,7087.23579347255
23.086712444737,236.783287421716,7087.2363518163
26.8279740096633,222.041204867018,7087.23653234755
35.9577013559187,998.43289191881,7087.23697289442
44.36339718744,1928.2411223287,7087.2373785038
69.2910014414174,87.1787989020767,7087.23858136318
78.8170681186067,57.1776445634775,7087.23904103505
174.141200866243,50.7817642103614,7087.2436408163
185.012036420084,101.932857987652,7087.2441653788
187.115484194113,264.234495395144,7087.2442668788
199.103128656091,947.767753167739,7087.24484533192
206.716793519288,1011.59436383114,7087.24521272255
212.554055249497,324.141935514888,7087.24549439442
237.549982766141,2606.08734592438,7087.24670055068
349.544651246589,131.332722475008,7087.2521047538
355.200257517659,68.2961603937216,7087.25237766005
6.5153556933168,1336.75248648046,7087.25292366005
19.0120241776386,27.7551506083773,7087.25352667567
25.2482157113888,1226.99783666746,7087.25382759755
44.2113022107234,2266.50787027438,7087.25474264443
80.80112540641,274.419820200933,7087.2565082538
175.508082767355,23.3426750151366,7087.2610782538
182.174613245746,373.684000409824,7087.2613999413
187.359728472938,551.844070439955,7087.26165014442
199.212345643444,67.6396161303217,7087.26222208192
205.033093299262,1061.4790157959,7087.26250295693
218.77674107323,1068.81714589946,7087.26316614443
227.471919956858,1654.35132259972,7087.26358572255
258.17720559882,50.4569858117421,7087.2650673788
278.842867289578,1593.63400253909,7087.26606458193
343.985633522,191.117191516987,7087.26920798818
351.544898799708,25.5752120870145,7087.2695727538
354.483120000817,923.346565873118,7087.26971453505
8.60594530008751,276.330291981708,7087.27039601942
11.9226964460435,934.993971135611,7087.2705560663
23.3284604844295,248.854353790406,7087.2711064413
30.9570204143349,1944.38776190964,7087.27147455068
49.5354247094683,44.7853074070359,7087.27237103505
54.1937065282289,1739.38996539391,7087.2725958163
173.16487466639,30.5160445523978,7087.2783522538
184.827093570403,758.547169521506,7087.2789150038
191.537661781551,549.11347691089,7087.2792388163
200.01589024294,112.199013968528,7087.27964792568
209.951896081468,1497.14740604878,7087.2801273788
225.542536726141,919.431308865626,7087.2808796913
231.269380466168,1419.64140443207,7087.28115603505
348.927426560116,28.1750699160366,7087.28683351943
352.404138107909,66.8010716187162,7087.28700128505
358.466445487254,120.904217193463,7087.2872938163
11.1046175199578,679.527822899928,7087.28790366005
17.3553803490361,917.467435357366,7087.28820528505
26.3788991100079,958.491508384895,7087.28864070693
36.0581262738322,53.5725422357025,7087.28910776942
41.9847587058573,272.220024299941,7087.2893937538
51.6656049150612,2035.04124662857,7087.28986089443
174.612060615193,24.9241009775414,7087.2957935663
183.297849111011,98.3683204336394,7087.2962126913
190.207234549233,307.727926474044,7087.29654609755
199.472960727276,1410.29299349782,7087.29699320693
214.100600530904,558.612045509221,7087.29769905068
225.70097235377,1080.00930421071,7087.2982588163
239.175536821238,57.3417147098354,7087.29890901943
251.892393818557,2567.0356951224,7087.29952266005
337.85268706746,24.9476463792808,7087.30367059755
342.158343554359,101.932857987652,7087.30387836318
351.570430303835,155.201407281425,7087.30433253505
355.815211136814,879.3203387647,7087.30453736318
5.43291506626302,136.040984033414,7087.30500145693
9.14503407822908,1006.82828740872,7087.30518058193
20.188782283856,1160.51468435074,7087.30571348817
34.4909964541265,2236.59979425861,7087.3064036288
66.4824419823525,1658.70683854763,7087.30794734755
163.146810279578,24.0488757380364,7087.31261180067
173.827571338306,58.0742849642935,7087.3131271913
176.818573004133,705.998703942612,7087.31327151943
189.90877903878,125.778873427684,7087.31390317568
193.872495780235,1040.31028236307,7087.3140944413
206.635980907525,1351.06892340531,7087.31471033193
217.683938631139,1285.39012766993,7087.3152434413
238.749428284848,619.351181452288,7087.3162698788
353.639899279029,67.674324477629,7087.3218138163
355.411445238183,45.4361027968364,7087.32189930068
358.855128561801,86.3668095374415,7087.32206547255
11.0428855248533,147.37729092662,7087.32265358192
13.9192596448151,700.011937304623,7087.3227923788
28.683222089306,47.9020330346192,7087.32350480068
33.1883434214317,1109.66424937686,7087.3237221913
44.2813102673334,1526.57619878482,7087.32425747255
176.820536824245,27.9868853786391,7087.33065303505
178.822309226965,104.930189537278,7087.3307496288
186.776942446075,712.357284271548,7087.33113347255
194.562548609222,754.57357029407,7087.33150916005
208.678250108823,1302.12052251721,7087.33219030067
221.695599704525,1330.44075756317,7087.3328184413
235.086622033543,691.36946168058,7087.33346461318
353.365405414017,93.5215030417602,7087.33917205068
1.39451411745135,145.323142408671,7087.33955948817
5.13124243070683,47.1110234157024,7087.33973980068
7.99207382811282,660.230592419708,7087.33987784755
24.2452228285369,675.979328068621,7087.3406621288
36.6887870390649,1438.99148152826,7087.34126258193
50.4525108249555,31.8344274552462,7087.34192673818
52.6051771638671,25.0650472599645,7087.34203061318
53.6135109362772,735.201677315445,7087.34207926943
174.426081073116,27.7128060083287,7087.34790897255
179.922374447413,68.261757357746,7087.3481741913
184.354315531518,50.4569858117421,7087.34838805068
187.904207402724,580.775205705208,7087.34855934755
198.74849080082,949.669010097409,7087.3490826288
209.233024991993,250.659853984203,7087.34958855067
218.009479388235,1037.41648604938,7087.35001205068
232.886450295515,1225.03618360525,7087.35072992568
260.706295201086,1458.90910463464,7087.35207234755
339.169170215733,82.0149781421975,7087.3558585038
347.004642524219,55.9737707572783,7087.35623659755
353.575650116831,315.922593641105,7087.35655367568
1.27094028760259,192.293320155912,7087.35693342568
4.88138396595583,252.303539172161,7087.35710764443
12.9189116676677,1238.70236290458,7087.35749548818
24.1167918625494,1375.76416925356,7087.35803583193
33.3938512451614,73.0484145394783,7087.35848348818
40.5295774934306,1166.71516892097,7087.3588278163
56.8588210612544,1172.88290191198,7087.35961576943
180.956085434014,78.3836606732535,7087.36560397255
188.740720169934,204.601696696116,7087.36597961318
191.862215875562,271.528938222687,7087.36613023818
197.268814814358,1011.59436383114,7087.3663911288
210.774464726938,855.756632223148,7087.36704283193
219.54379532351,1050.08945983087,7087.36746598817
231.843589435213,1393.13560687526,7087.3680595038
355.502095865054,107.057362974672,7087.37402653505
1.86813382045321,127.999971732962,7087.37433372255
4.79728840513291,72.5321677719215,7087.3744750663
11.8200061529165,922.043330575661,7087.3748139413
21.4814240437417,869.694982696956,7087.37528014443
29.6028176175871,196.354252302022,7087.37567203505
41.9026116538976,2089.84740623919,7087.37626555067
61.0379633376499,79.867765179209,7087.37718891005
66.8260065029761,1698.81952949424,7087.37746820693
171.588130537681,47.3844227744102,7087.38252341005
178.595629409681,29.6573633706831,7087.38286155068
180.517745420558,504.309094484512,7087.38295430068
188.550092177055,930.48180271893,7087.38334189443
201.634469723728,203.865715975304,7087.38397326943
205.178209260187,1491.51457851104,7087.38414426943
222.576338445265,415.401046893749,7087.38498380068
231.412697030503,2335.49068973105,7087.3854101913
257.87935409884,248.854353790406,7087.3866873163
351.879117828518,62.9640853344604,7087.3912231913
353.570359777678,94.4709865891014,7087.39130480068
359.168004638815,604.614303068018,7087.39157491005
8.66687157980339,293.476909440926,7087.39203326943
14.0640801307902,244.743281196946,7087.39229370693
21.0524743803989,1665.94060768688,7087.39263092567
34.1543374663868,37.5389615225874,7087.39326314443
37.2415096738402,85.8759383048913,7087.39341211318
44.5278060492253,556.99522771846,7087.39376370693
45.5024639416123,1262.7383583208,7087.39381073818
175.083460442115,26.5440551483476,7087.40006330067
190.08444928307,81.7281034515283,7087.40078716005
191.713520379702,215.165177341881,7087.40086576943
194.857034951708,846.573644519566,7087.40101745693
210.247563133003,1231.88814704633,7087.40176011318
219.158397202565,144.805070712017,7087.40219009755
230.557361325749,1472.85472706926,7087.40274014443
262.799756965312,1765.46499641717,7087.40429597255
338.85415831818,47.3596301064916,7087.40796591005
347.932400511413,133.953279024546,7087.40840397255
353.289457000859,138.843422869961,7087.40866247255
357.028775786721,742.120365160304,7087.40884291005
8.34743578682255,32.9403067322875,7087.40938908192
11.1852769660148,1516.30152878113,7087.40952601943
26.0266291388169,1312.23965027516,7087.41024217568
41.4200716017952,818.406786784465,7087.41098497255
54.1534427488976,721.165016592806,7087.41159941005
78.2854541724121,1988.41720866483,7087.4127638788
163.141243031887,33.6108259280099,7087.41685851943
170.346911550506,148.773049435391,7087.41720622255
175.585454898263,438.290514992445,7087.4174590038
188.055247417764,559.687352019722,7087.41806072255
193.508798371,1218.14558440292,7087.4183238788
200.717704942682,346.55328606803,7087.41867173818
209.725033400642,46.6350187633413,7087.4191063788
213.70720710864,898.261687254376,7087.41929853505
225.866145327808,1694.56715326533,7087.4198852538
259.797840024378,1313.15569529278,7087.42152259755
340.031937151407,32.383023346183,7087.42539422255
347.238253288177,101.099982552366,7087.42574195693
354.483749983869,90.9238864754691,7087.42609158193
358.112650628766,258.48331808298,7087.4262666913
5.23121518449164,508.169062385377,7087.4266101913
11.6824142483282,78.5632323085927,7087.42692148818
17.7275598597376,1184.10692362403,7087.4272131913
25.23274947412,1426.40155242901,7087.42757534755
44.3137016100789,1284.45443170477,7087.42849608193
65.3967499955296,86.8549190902179,7087.42951342568
73.2056702236628,271.528938222687,7087.42989023818
174.006668027216,34.5072685703496,7087.43475430068
179.719264243295,133.602143237432,7087.43502995693
186.573926362343,196.927557594151,7087.43536072255
191.55439583679,132.188329726723,7087.43560105068
197.544170510874,1027.5166273388,7087.43589008193
214.507103577476,677.755851441475,7087.43670861318
220.786361379059,1119.37470403944,7087.43701161318
250.518284327242,1714.32135154248,7087.43844630068
341.675492283662,64.7660466923661,7087.44284966005
352.583889388741,207.157041520745,7087.44337603505
355.614719269337,88.8333989701451,7087.44352228505
358.482350581945,105.466003985644,7087.44366066005
2.99265289698186,271.113437255721,7087.44387830068
12.4937864261097,913.526920776064,7087.44433676943
19.0214038664219,1560.85055991184,7087.4446517538
33.2527044145074,342.846723233592,7087.44533847255
40.1986800144355,46.1031837706294,7087.44567364443
48.4288726084758,345.249634436939,7087.44607078505
55.8068062361203,1717.12477570196,7087.44642680068
178.54634948228,30.4967995301553,7087.45234948818
180.833395569903,182.569584450398,7087.45245984755
191.728840387338,235.190922293071,7087.45298559755
201.308658956473,1385.34539395607,7087.45344786318
211.860221174008,323.445603633843,7087.45395701943
218.847643996389,1291.92223585761,7087.4542941913
234.898413869903,110.511717832384,7087.45506870693
247.765517147566,1828.36978890322,7087.45568959755
347.499248303853,83.3781932385591,7087.46050216005
349.238413656983,27.7974258194869,7087.46058608193
354.307606139702,119.103657492126,7087.4608306913
358.029763119933,176.81875408293,7087.46101030068
6.93833056365985,132.117247697572,7087.46144017568
10.0063981864184,1294.71144916238,7087.46158822255
20.1311833214514,487.640650082,7087.46207678505
29.7751155598731,254.232385143993,7087.46254214443
36.5452641886364,1559.30901524215,7087.46286883193
54.7503194087458,266.922900449273,7087.46374730068
68.7241937016722,122.141116665198,7087.46442159755
77.7483600807957,2182.17310887781,7087.46485705067
165.041117574554,31.5565525099704,7087.46906928505
173.953570689496,79.9853031030473,7087.46949934755
177.295902488577,888.164819468074,7087.4696606288
184.408314709557,187.143425756098,7087.47000383193
196.041714756598,311.611070280549,7087.4705651913
200.347371281193,1290.99109180686,7087.47077295693
212.325625430753,1411.14553375843,7087.47135095693
233.271703632581,509.940700776923,7087.4723616913
246.498879850851,2146.61599606814,7087.47299995693
343.032430299199,50.5499912761831,7087.47765809755
346.573579400747,46.5846285158111,7087.47782897255
354.555412356058,211.110087744437,7087.4782141288
358.330997456855,122.448398642838,7087.4783963163
4.73751120747965,242.11904703364,7087.47870545693
10.0608918545984,1282.58059728381,7087.47896233192
23.481380658741,477.045236646489,7087.47960992568
27.9001844252452,213.235415436053,7087.47983401943
37.5719640557155,385.952131365386,7087.48030072255
42.2998643734455,1366.11566503575,7087.48052886318
54.8493133601813,2209.55409524493,7087.48113442568
110.020778866369,1411.14553375843,7087.48379667568
173.354761359778,222.379406555895,7087.48685280068
176.863853588987,516.675757733509,7087.4870221288
186.970829337933,134.09347243698,7087.48750983193
193.82905331912,1302.12052251721,7087.48784076943
200.658134747348,1490.70811250596,7087.48817030068
217.48377382125,561.831747791786,7087.48898220693
230.440571534413,1725.5078477163,7087.48960742568
252.315003307732,707.275016331721,7087.49066295693
346.819905350843,24.3762492829758,7087.49522320693
349.191464966448,107.145084471405,7087.49533764443
355.00476501352,177.349246399672,7087.49561816005
2.62231554793217,325.760918240547,7087.49598573818
11.6043871241471,234.390673536922,7087.49641916005
17.4818008782013,1333.14947969865,7087.49670276943
30.7054152343326,469.422167803657,7087.49734086318
35.2364411417474,66.9766395122728,7087.4975595038
50.6655023015081,1729.68417366803,7087.49830401943
61.4644527682406,152.268198050365,7087.49882511318
85.469532014093,348.715195608307,7087.49998345693
168.096560004953,31.5751556845267,7087.50397055068
173.387236199276,148.267023658555,7087.50422584755
180.632409085892,178.405554218664,7087.50457545693
186.932714288929,49.1363824628444,7087.50487947255
190.915211843699,1051.80575360464,7087.50507164443
200.999521070419,246.426434813429,7087.5055582538
212.443818124966,1351.06892340531,7087.50611048818
226.646623662852,838.007774284222,7087.50679583193
241.019427646231,1041.46546942019,7087.5074893788
347.131825274182,27.7128060083287,7087.51260973818
351.319939971229,52.3306259436751,7087.51281183193
357.719330035272,134.303471122088,7087.5131206288
4.38003198799201,151.153575767005,7087.51344203505
8.74332603805172,373.482800242186,7087.51365258193
13.8669180685639,27.22114200715,7087.5138998163
15.240829498176,992.998461235572,7087.51396611318
26.5915464083127,786.946563469115,7087.51451383193
39.3683076700197,225.233776074418,7087.51513036318
43.1898732826363,259.933047308536,7087.51531476943
53.7142356885783,60.0623370483611,7087.51582261318
57.6384480243397,1905.65851987401,7087.51601197255
174.193457211723,46.2811421131359,7087.52164239443
182.277613005711,261.662108647087,7087.52203248818
185.661068255865,90.2497868104923,7087.5221957538
192.073734416628,204.049957486241,7087.5225051913
194.976984463714,1154.28089308978,7087.52264528505
209.440454309821,319.000215132093,7087.52334320693
219.064958229864,2120.69117822011,7087.5238076288
243.824506855107,336.429523128956,7087.5250023788
250.611169558262,1555.44843671862,7087.52532986317
348.774762530469,64.7660466923661,7087.53006666005
353.686585046262,59.9449170857191,7087.53030367568
357.133182538475,225.233776074418,7087.53046998817
6.13047302817018,387.50683217792,7087.53090414443
14.8055759375713,316.635467845217,7087.5313227538
22.0928437401842,1645.60576276784,7087.53167439443
33.0439832663239,42.4428270306976,7087.53220283193
42.4599556493186,194.334381919958,7087.5326571913
54.4560191472706,1995.6611918559,7087.53323605067
80.7034592052306,2360.07546838835,7087.53450259755
167.526697044643,114.108569815308,7087.53869217568
176.309951318391,353.212181725127,7087.5391160038
183.27341249533,984.485049038142,7087.53945201943
191.811221374336,790.757459512292,7087.5398640038
195.591015955424,377.485959157653,7087.54004639443
206.180139686501,331.478455795065,7087.54055736317
213.377065435462,410.670081274489,7087.54090464443
222.051196879939,2510.19383057383,7087.54132320692
246.378463781478,1906.92017731919,7087.54249709755
342.697330433423,33.082599160128,7087.5471448788
349.587287477874,103.759757730248,7087.54747734755
356.795870202784,76.7485866526307,7087.5478251913
0.948690012124214,283.048084970261,7087.54802558193
7.3749560032916,1125.801785129,7087.54833567568
20.9761288770418,87.3940572687637,7087.54899198818
25.9112653824282,1250.29731012916,7087.5492301288
38.2295164606739,940.763689172286,7087.54982453505
61.1190819593011,184.514611922815,7087.55092905068
70.6205392975049,2840.9761210213,7087.55138753505
163.102945307822,47.4091980950941,7087.5558501913
171.708753565026,122.371640598473,7087.55626545693
175.670527414329,271.390521167092,7087.5564566288
182.822120231926,759.339369160728,7087.55680172255
191.794801420331,388.281851115835,7087.5572346913
196.111143531344,290.128671087686,7087.55744297255
203.760103282247,276.194261905616,7087.5578120663
208.701715969152,1302.12052251721,7087.55805051943
220.972691261579,2260.13230353317,7087.55864264443
247.229197898272,923.346565873118,7087.5599096288
342.982383376906,39.3114985008935,7087.56453141005
356.897972450824,56.1831761669573,7087.56520289443
358.869307101976,251.557746855369,7087.56529801943
4.46339010097422,258.773918959676,7087.56556795693
11.885037614603,68.8441803564643,7087.56592608193
15.298283073565,301.311087191891,7087.56609078505
21.6604353577495,1318.63853169989,7087.56639778505
39.1579731375164,777.337527679833,7087.56724211317
48.1682159148559,1484.24073032061,7087.56767689443
83.6600108272406,95.4602369374058,7087.56938951943
174.628297095867,31.9449015850903,7087.57377911318
185.564217708527,85.4921897164296,7087.5743068163
188.622894943476,274.967049129771,7087.57445441005
196.847582858617,317.109838388063,7087.57485128505
203.316915117617,328.974986141262,7087.57516345692
208.823246573267,1365.23514715492,7087.57542916005
219.005021615613,181.330409021463,7087.57592047255
229.93414231307,1470.40335463089,7087.57644784755
250.31776844738,782.348963390689,7087.5774314413
340.732021609071,34.7446724169309,7087.58179430068
351.805560023506,157.126464617185,7087.58232864442
356.035769598853,173.276643034015,7087.58253276943
359.974229383171,86.1489907189039,7087.5827228163
5.66674962502256,79.5141036347147,7087.5829975038
10.7663799347012,1211.21590535012,7087.58324358193
26.8268639674047,930.48180271893,7087.5840185663
35.1972648735236,954.090473292979,7087.58442247255
59.1265733610522,2347.81527552741,7087.58557716005
171.754607568899,56.7240074356157,7087.59101192568
181.711013266121,871.076544228799,7087.59149236318
194.989027094654,241.652975407902,7087.59213308193
199.206932038204,392.325560927276,7087.59233661318
208.468124851489,1982.36049797629,7087.5927835038
226.993101026056,1056.36888125815,7087.59367741005
240.376999706189,900.935104297673,7087.59432323818
346.543796768845,40.8927822159733,7087.59944622255
352.924082248193,69.320139906015,7087.59975409755
359.856134170945,124.653481980985,7087.60008859755
5.0843156659691,252.898590957784,7087.6003408788
11.0213098753353,32.7615712336637,7087.60062736318
12.919788012151,340.647565710839,7087.60071897255
19.9234011752397,960.997392773777,7087.60105692567
30.7987700561438,1200.24534755458,7087.60158170693
48.4617730297344,709.820702216035,7087.60243401943
60.6670625590342,1674.5800301976,7087.60303920692
172.047469972171,52.4650947686389,7087.60841376943
179.896542148757,207.338354818454,7087.60879251942
184.475491422447,145.323142408671,7087.60901347255
192.407458194724,602.622174383782,7087.60939622255
199.955390267862,1370.50981674491,7087.6097604413
217.674735606006,1126.86937558948,7087.61061547255
236.171864388525,1676.01554856844,7087.61150803505
252.417242046519,241.652975407902,7087.6122919413
349.942288346114,63.9999858664808,7087.61699792568
354.212973716687,88.5155698737705,7087.6172040038
3.25915899988431,296.787400211329,7087.61764051943
6.88158357635044,230.510832643915,7087.6178153163
12.3377249644975,170.984379432859,7087.61807859755
20.1657497396295,431.376961929075,7087.61845633193
25.2919322050529,70.8283709460744,7087.6187036913
27.8736423276936,1564.69792678138,7087.61882826943
50.45202964152,1605.66149265406,7087.61991776943
77.169636821194,140.457936947946,7087.6212070038
174.51140861627,55.042925078963,7087.62590414443
184.05690368723,157.8422947901,7087.6263647538
187.137275941785,221.193383054263,7087.62651339443
194.548561678073,108.452309632856,7087.62687101943
203.53160464382,989.966331133019,7087.62730448818
213.284012131056,1539.12804723433,7087.62777508193
236.179082346278,1088.32787226731,7087.62887986318
349.661642184052,78.2036727042801,7087.63435586318
359.203899201949,57.6684498765356,7087.6348163163
3.75856298342516,170.874453475633,7087.63503609755
12.203115527096,923.997489632455,7087.63544358192
20.292452303994,40.4307004542304,7087.63583392568
24.5485663792385,316.398018895825,7087.63603930068
35.5314389686417,1085.00808337908,7087.63656926943
43.8318976421071,1000.23789251225,7087.63696980068
63.2330945039043,200.707686581758,7087.63790598818
85.0919835546674,2335.49068973105,7087.63896076943
162.875512254704,32.5277513257838,7087.64271414443
166.266415075908,164.601693386501,7087.64287776943
175.453132404868,213.235415436053,7087.6433210663
178.007642753612,254.67541964197,7087.64344433193
182.775695095188,1246.44428112219,7087.64367441005
197.059998226426,113.613521368627,7087.64437259755
203.347674950895,416.124107394111,7087.6446760038
208.16106026153,300.811792142142,7087.64490826943
209.874968619827,1453.12806232312,7087.64499097255
225.415095425618,53.3088538590132,7087.64574084755
230.725523860484,2782.8164217425,7087.64599709755
353.574513782686,48.0488947240953,7087.6519250663
356.800275219142,80.102667554538,7087.65208072255
0.65065961333949,253.788573489899,7087.65226651943
9.92512852334408,346.55328606803,7087.65271405068
13.9798348989065,231.649158188851,7087.65290970693
26.3220476602897,2023.18872766227,7087.65350526943
42.4094076955102,60.1795349663981,7087.65428155068
52.2411478032096,107.145084471405,7087.65475597255
67.2528222305821,1863.54642828235,7087.65548034755
72.344033617375,769.173280623647,7087.65572601943
169.285580372606,170.43405575734,7087.66040384755
175.936568166137,44.3373115999179,7087.66072478505
183.465071845505,247.643378026297,7087.6610880663
187.879527390295,1089.98399195315,7087.66130108193
199.078702783784,249.30696396197,7087.66184148818
208.726844502497,176.180015021288,7087.66230705067
215.339946935714,1834.93487071473,7087.66262616005
234.817562136291,873.144778701374,7087.66356603505
250.018339669245,754.175111250532,7087.66429953505
346.467052818232,101.099982552366,7087.66895358193
352.637187790544,75.5767878835023,7087.6692513163
357.364440452426,53.6163648201526,7087.66947942567
3.24444471678355,368.213681767315,7087.66976316005
12.8511392130432,300.061336888646,7087.67022672255
16.7815038835509,298.806368537186,7087.6704163788
20.7960581975719,1116.14728570686,7087.67061009755
39.5237373458214,1486.66934318697,7087.67151378505
59.6930034928049,292.707635907163,7087.67248703505
80.323046411389,43.1562043046174,7087.67348251943
168.276693140126,31.8528640963489,7087.67772664443
180.379612803818,91.5417186497791,7087.67831066005
189.173552739375,120.359069932796,7087.6787350038
199.08203499493,1023.99977386369,7087.6792131288
214.905492631169,370.654895665012,7087.67997667568
219.168730468388,41.1218732676577,7087.68018239443
222.815764346143,1141.71128107188,7087.6803583788
236.71969636872,1840.17001636505,7087.68102930068
351.634122236358,107.58258867094,7087.68656483193
355.595896085661,43.427459545109,7087.6867560038
0.923486288462829,280.380274553238,7087.68701308193
7.31899064359434,449.465409335659,7087.6873216913
11.0647854978874,625.148655064578,7087.6875024413
17.5648793929229,176.924960793023,7087.68781609755
22.5382251053952,1198.2399517052,7087.68805608192
38.2305410836815,2238.74940807889,7087.68881330068
59.5234161670922,86.6925212172909,7087.68984076943
87.2399668067588,263.237098785396,7087.69117820693
175.834750605325,41.0647175985712,7087.69545326943
184.620271542604,152.391543828401,7087.69587720693
190.964938249777,377.684994390393,7087.69618336318
198.449080425009,1098.77429377292,7087.6965445038
214.686686740574,104.391620348032,7087.69732803505
216.367566799304,20.0110015363686,7087.69740914442
222.521187659528,1308.56903091114,7087.69770608193
244.351257928711,2258.00311781654,7087.69875947255
343.444175824246,80.8614009084607,7087.70354111318
346.981115407807,21.4142158866393,7087.70371178505
348.671385929738,46.6098305784701,7087.70379334755
357.270718080815,148.013365453004,7087.70420830068
1.25710123140806,109.40101602408,7087.70440066005
5.87069781234863,1274.11459160953,7087.70462328505
18.1364922349525,44.0183375860492,7087.70521516005
20.7781065465891,1013.96901985851,7087.7053426288
31.7473792678919,126.374979925181,7087.7058719413
41.8320123790797,2378.34729688302,7087.7063585663
65.1457644876012,196.162780463638,7087.70748355068
178.596267528428,50.3638034055065,7087.7129580038
185.612832979161,255.706206209183,7087.71329658193
191.005184431705,142.97697747967,7087.71355678505
199.599983293416,328.288923823195,7087.71397151943
203.815621573435,1292.85260275225,7087.7141749413
219.289368046408,1302.12052251721,7087.71492161318
235.496860306392,73.4332178398134,7087.7157036913
239.416539315091,440.343400631704,7087.71589283193
348.919192108398,20.1426063328736,7087.72117678505
354.604264816896,58.6777709754571,7087.72145111318
1.15422489496622,104.211479723393,7087.72176717568
7.75923213898155,179.873935191033,7087.72208589443
11.492722361478,128.146687705666,7087.72226605068
17.6631811051696,824.26310221706,7087.72256380067
24.2001889709874,680.853706747087,7087.72287923818
36.2852992485914,104.930189537278,7087.72346239442
45.5442254737362,1579.99358041394,7087.72390917567
70.0023101864555,381.840947749623,7087.7250893788
175.671290923445,49.612060987192,7087.73019661318
180.961967117768,183.186035784821,7087.73045191005
186.773971966232,123.517834849096,7087.73073236318
190.591004289482,156.527429906461,7087.73091655068
198.442990823144,1252.21943925169,7087.7312954413
216.338486903832,448.461018320856,7087.73215897255
219.833331646788,529.889188083388,7087.73232761318
228.654795165318,80.6287051013932,7087.73275328505
240.103625433841,1768.18748531815,7087.73330573817
348.796114139053,79.0401008532449,7087.73855059755
358.728881886822,43.2105913550362,7087.73902989442
4.98255895988712,436.916558488321,7087.73933166005
13.2289419323311,122.525087298264,7087.73972958193
16.3206474291512,269.026301236153,7087.73987876943
22.4681159546292,1419.64140443207,7087.74017541005
37.9460719078928,795.30643182224,7087.74092228505
60.2320618502335,1657.25633216596,7087.74199767568
175.696965810045,241.497433162152,7087.74756933193
184.883035520853,72.142555818111,7087.74801259755
189.03294104851,376.089687170733,7087.74821284755
194.551900907336,358.282459256287,7087.74847916005
201.540942775097,288.04886254008,7087.74881641005
208.133321540544,1635.34352726202,7087.74913451942
226.726944749157,322.281701325977,7087.75003173818
231.790308706205,1329.53659193191,7087.7502760663
250.469093023256,333.061772606058,7087.75117739443
348.741485015658,24.1584929144834,7087.7559194413
350.779847617781,79.6321619755957,7087.75601780068
354.962781369613,141.656741892149,7087.75621964443
3.97010986526883,297.798591342158,7087.75665428505
7.94095033100163,222.379406555895,7087.75684589443
15.2418180017147,177.349246399672,7087.7571981913
19.307857581846,1144.86653490786,7087.75739439443
31.5720329590702,1258.92340996359,7087.7579861913
58.0011284761694,831.525459599192,7087.7592615038
61.1394621783532,241.341752138524,7087.7594129413
172.973198754345,82.0722309557986,7087.7648093788
180.599168249339,103.759757730248,7087.76517736318
189.634344061651,338.877925720737,7087.76561334755
197.506406607236,325.299176484606,7087.76599320693
200.431675483004,488.56446666079,7087.76613436318
209.897514162122,454.454085474509,7087.7665911288
214.920402248553,1136.4328367236,7087.7668335038
226.367939405055,366.166874599116,7087.7673809413
239.327327590825,1956.71767677652,7087.76800628505
348.651562902664,20.2443738855917,7087.7732816288
353.07540887296,56.9718959508858,7087.77349509755
356.077096125204,222.041204867018,7087.7736399413
3.75422703953634,264.660793281024,7087.77401039443
11.8079450442599,1423.02547523343,7087.77439901942
23.8872268715856,161.838931145297,7087.77498189443
30.0936281211357,923.346565873118,7087.7752813788
39.3758684489623,759.735163669006,7087.77572928505
59.9971685978887,333.963162679751,7087.77672434755
73.5510657235156,75.7009940843822,7087.7773783788
174.400958282876,49.2318893985377,7087.78224480068
184.032909736273,191.411914096662,7087.78270958193
188.898104046702,36.4276248054907,7087.78294434755
194.054076683238,143.370662564202,7087.78319314443
199.986213794161,403.655886493937,7087.78347939443
207.843705044417,477.045236646489,7087.78385855068
214.82594695928,523.611376479494,7087.78419547255
220.223155510267,856.458903797375,7087.78445591005
239.227041651598,1290.05928162229,7087.78537292567
350.658610484073,90.5615304969132,7087.79074995693
358.053058261502,121.05952351682,7087.79110676943
3.85049177694105,48.7284067263172,7087.79138651943
10.7660295499094,1108.03755060118,7087.79172022255
23.8701592617326,886.809792266519,7087.79235255068
35.5524541399726,160.556803963097,7087.79291626943
41.062995038217,1544.58734691332,7087.79318217568
63.6562774941436,456.434279261231,7087.79427239443
72.0202022564401,361.623175848536,7087.79467598818
172.197872263165,33.8545129430212,7087.79950997255
175.706964530069,74.0701180945713,7087.79967930068
179.347522226306,92.5115262173648,7087.79985497255
186.191822568014,135.556718627861,7087.80018523818
193.405910009518,360.582508296403,7087.80053334755
197.934021672946,561.296398249311,7087.80075184755
205.34077408217,384.782011808582,7087.8011092538
212.420805621735,743.738959307905,7087.80145089443
223.323697972523,1564.69792678138,7087.8019770038
251.234208778518,493.157792380572,7087.80332380068
268.260284087179,799.829591446866,7087.8041453788
338.72060251644,39.2816161542964,7087.8075453788
350.146890484529,75.6389187395179,7087.80809055068
353.563050225174,150.030668444323,7087.80825539443
358.368340346607,21.6731303043227,7087.80848726943
1.39722737274811,264.802735294722,7087.80863342568
9.45742148359795,260.366367355047,7087.80902236318
16.53065310796,439.318137424038,7087.80936367568
18.8633558983274,908.246422515191,7087.80947623818
37.6810532534568,2146.61599606814,7087.81038426943
54.7871089138205,75.1404702348246,7087.81120970693
63.5965914965416,222.885779277426,7087.81163480068
180.550682049982,42.1652400495187,7087.8172783163
190.409945702958,261.949156810104,7087.8177540663
197.648966292524,451.467474515965,7087.8181033788
204.771092710389,163.226154814566,7087.81844705068
209.077396777744,1347.50410829554,7087.81865484755
229.355461982618,593.574800422658,7087.81963334755
237.628073264035,444.082409734037,7087.82003253505
253.482292460918,2262.25971289296,7087.8207975663
338.668364127585,69.9609190024653,7087.82490814443
348.000470638446,73.8160227387041,7087.82535845693
355.05038812243,892.890872350449,7087.82569864442
3.98000304300314,125.179921983687,7087.82612953505
12.2982710648598,295.264090954817,7087.82653092568
14.859581328806,281.71734389737,7087.82665451943
21.8476517693389,2306.47723142852,7087.82699172255
35.9380964248901,52.3754858927639,7087.82767164443
43.6382175951322,181.951051447804,7087.82804320692
52.7271454124787,1473.67085201466,7087.82848178505
75.9168795873254,1095.48625726319,7087.82960078505
167.595273731206,72.4025353560087,7087.83402464443
173.880683829839,114.519470295615,7087.8343279413
181.181227691476,259.354121512345,7087.83468022255
186.331695611417,387.894522058119,7087.8349287538
192.645276873478,471.020500381059,7087.83523341005
197.760449943409,399.914795723433,7087.83548023818
203.442284523451,377.087555625266,7087.83575441005
211.423146051534,1690.30411889537,7087.83613951943
234.772516894534,743.334671593487,7087.83726622255
239.544131135945,955.979184702471,7087.83749647255
345.552586804448,39.5794334806521,7087.8426118163
355.398574436096,63.1874899625906,7087.84308692568
2.41870171127166,274.008704614914,7087.84342567568
7.17023994075955,298.806368537186,7087.84365495693
12.1189763142463,243.203041039308,7087.8438937538
17.3384151150048,271.528938222687,7087.84414561318
19.832697390285,65.2357612374033,7087.84426597255
25.7661296998161,978.35883838826,7087.84455228505
38.2352746765575,1485.86021264663,7087.84515397255
66.322260109565,740.904115836827,7087.84650928505
170.724196326056,73.0484145394783,7087.8515513163
179.475069956085,142.713910133985,7087.85197358193
185.452539998373,258.919080620146,7087.85226201943
190.461504407627,200.145219841907,7087.85250372255
198.861371713478,490.713358836103,7087.85290905068
205.95986018189,560.760549106476,7087.85325158192
213.081662790679,1411.99740788522,7087.85359523818
236.013323129911,1738.00662750523,7087.85470178505
345.091465504248,29.2185615979879,7087.8599652538
350.33357075184,87.1787989020767,7087.86021820693
2.29531067622531,201.455213622026,7087.86079541005
8.21352414766872,917.467435357366,7087.86108098818
19.6215548118901,63.0758847930402,7087.86163147255
20.9103050953689,1230.91170589618,7087.86169366005
39.068084567355,53.9656583309345,7087.86256984755
41.3752067045974,1535.21662049627,7087.86268117568
65.4227046001304,270.974798155521,7087.8638415663
76.4884717098314,34.9804595012326,7087.86437553505
88.9333311566632,1930.73401710819,7087.86497605068
168.88960224523,57.5461414631384,7087.86883426943
172.044450021805,270.280520187072,7087.8689865038
178.165042544767,233.265712301645,7087.86928184755
186.097980706574,193.75341608896,7087.86966464443
189.026163864026,1254.13857077206,7087.8698059413
202.599489383424,1366.99562780507,7087.87046091005
218.632773642231,329.887561711928,7087.87123458192
231.159232410753,1933.22380326322,7087.87183903505
354.784062922875,41.2928614912378,7087.8778044413
358.051595428556,119.575988000165,7087.87796211318
2.35530909869592,39.8160809877979,7087.87816978505
9.17046681205106,209.3225037747,7087.87849864443
14.5618468750634,1119.37470403944,7087.87875880068
25.0680761612343,230.510832643915,7087.87926576943
32.0146993793143,42.2209038564159,7087.87960097255
34.7518366144253,65.0555026515676,7087.87973305067
40.0259986966611,1554.67505535967,7087.87998755068
65.7391578505322,441.706698994793,7087.8812283163
177.319030033504,34.5922422650968,7087.8866125038
186.322149011173,226.398649827431,7087.8870469413
193.009403157334,309.189812641719,7087.8873696288
199.258223131957,134.792232930891,7087.88767116005
203.178549758808,408.099914972482,7087.88786033193
211.434970737213,1555.44843671862,7087.88825873818
230.661959635529,224.398027937056,7087.88918651943
235.358126889995,41.7172581201886,7087.8894131288
240.160178882973,753.776374651238,7087.88964484755
260.998262662418,571.381997271914,7087.89064959755
346.483207844392,30.5352791662994,7087.89477459755
350.480924199554,99.7905855171233,7087.8949675038
356.17733011262,90.2497868104923,7087.8952423788
6.73245419229423,231.324501220875,7087.89575170693
11.569801148371,880.00384756981,7087.8959851288
21.5239401066696,854.350257206704,7087.89646545692
28.7606940704,71.2910980249504,7087.89681466005
37.3098361916708,333.061772606058,7087.8972271913
47.4971159506111,258.628646276904,7087.89771876943
52.9425717523411,732.744143139286,7087.89798153505
56.7447089334909,89.7801416543942,7087.8981650038
75.6572816693349,2090.9978193373,7087.89907761318
166.553035195005,21.5917023843604,7087.90346370693
177.264557889769,389.441479065056,7087.90398058193
184.877251250346,132.472297020847,7087.90434792567
190.502743541228,259.933047308536,7087.9046193788
196.819239047277,282.516537941646,7087.90492417567
200.036581523151,1543.02937094286,7087.90507942567
215.816001502026,385.757342735715,7087.90584084755
224.017699123562,1457.25975730926,7087.90623661318
241.413561607412,384.782011808582,7087.90707603505
254.355788062943,518.128373538929,7087.90770055068
351.717635832245,60.2965039009362,7087.91239866005
355.487392369676,90.6133848510571,7087.9125805663
358.35308090322,199.769367714708,7087.91271884755
6.31645685429213,188.44409366281,7087.91310311318
10.9041488976398,326.682458862138,7087.91332448818
16.2372437416438,265.652805309102,7087.91358183192
20.3492639089867,470.701255750328,7087.9137802538
27.0345752006926,83.9396746554755,7087.91410284755
29.8167215580916,1453.95528949877,7087.91423709755
54.7368783164111,769.564023617164,7087.91543959755
75.752251095044,69.1165666366622,7087.91645367567
176.830751165679,66.307022372758,7087.9213311288
181.979276306557,246.578896190286,7087.9215795663
189.988956578524,176.073350344197,7087.9219660663
194.971692678806,398.785615640662,7087.9222065038
204.914498470232,493.157792380572,7087.92268628505
209.837654190593,472.295258457933,7087.92292384755
221.105476618128,1527.36379099849,7087.9234675663
248.185423439637,481.436279731184,7087.92477428505
267.890350915185,908.246422515191,7087.9257251288
339.878712687922,50.8741798688206,7087.92919886318
348.144847863212,101.655996120886,7087.92959773818
355.160118039946,114.765315306631,7087.9299362538
357.411545430787,239.309044802738,7087.93004489443
4.81635498555637,458.733717678683,7087.93040220693
9.67313033540389,63.0758847930402,7087.9306365663
12.9675387682099,388.088255975916,7087.93079553505
17.4030417144542,306.259045901314,7087.9310095663
25.0895057008595,439.66016938235,7087.93139141005
29.2196590256696,1216.16972048599,7087.93159070693
44.3333325580348,1718.52476693601,7087.9323200038
64.2454962589351,62.3267409904926,7087.93328084755
91.1635397110635,875.208128192639,7087.9345797538
161.575934811746,56.7240074356157,7087.9379774413
169.905212229096,87.0170116518132,7087.93837936318
175.244135636466,146.482145857441,7087.93863698818
185.707946197564,897.592111748224,7087.93914191005
193.893453516089,195.202604080791,7087.93953689443
200.510117773749,395.758703586324,7087.93985617568
205.719842377622,26.7423947569734,7087.9401075663
207.595006411756,567.157321107459,7087.94019805068
217.192310557902,1623.53597232823,7087.94066116005
237.709668785076,934.993971135611,7087.94165120693
251.430650074514,695.271840100986,7087.94231330067
346.891753081166,33.7154817953156,7087.9469196913
353.328380849674,101.285653475447,7087.94723028505
357.284973829155,98.1771261510112,7087.94742120693
5.18488372909173,252.601245476214,7087.94780241005
8.02175340566412,214.465459280611,7087.94793930067
18.5040210086974,976.513425676728,7087.94844511318
34.3974208775898,1556.9938671689,7087.94921203505
53.0480339935159,730.689897476822,7087.9501120038
65.7668338452903,1754.5332964275,7087.95072573818
163.660372046074,29.3388854877286,7087.9554495038
175.038612539184,217.596496376871,7087.95599855067
179.072271475596,199.204250317386,7087.9561931913
185.871238885939,46.735632724948,7087.95652126943
190.054820293619,392.708504604045,7087.95672314443
197.723532285066,1469.58523128404,7087.9570931913
212.482313746646,1343.92985629006,7087.95780536318
227.291285275729,521.886089899226,7087.95851995693
237.6602205692,1784.43448906052,7087.95902030068
349.603727592614,81.6130774072832,7087.96442203505
354.565740062822,31.4820426672302,7087.96466147255
0.857626342972946,143.893924553495,7087.96496508193
6.42321433177068,519.287446376637,7087.96523364443
12.7759762281457,34.7446724169309,7087.9655401913
15.2628110077679,172.079739346742,7087.9656601913
21.4491362830913,1416.24911798033,7087.96595870693
34.458390651896,360.582508296403,7087.96658645693
39.0901203903038,90.1977242895313,7087.96680995692
50.9637849999605,355.756368808358,7087.96738291005
60.6689167390739,1928.2411223287,7087.96785122255
174.01251375559,30.1092727139629,7087.9733229413
176.775231756915,229.530630613262,7087.9734562538
179.983831500828,94.3216962867588,7087.97361108193
190.243643965028,88.9390922020894,7087.97410616005
193.002152448366,1115.06937017225,7087.97423926943
203.589333362683,497.406615895812,7087.97475014443
214.234151877857,326.682458862138,7087.97526380068
221.25848867102,42.5809457138548,7087.9756027538
223.742409206655,1755.90342266219,7087.97572261318
250.677614464415,531.588495444879,7087.97702234755
349.29906992654,51.8798788651242,7087.98178123818
359.160600280743,135.556718627861,7087.98225709755
3.88137683649929,252.154547242256,7087.98248489443
10.1350539095648,132.046110157269,7087.98278666005
17.95854539533,1001.4393758695,7087.98316417568
24.2206414666733,168.994832017155,7087.98346634755
30.3104723535986,1285.39012766993,7087.98376020693
51.4145681781998,158.199009447912,7087.9847785663
61.4124210978748,261.518445787701,7087.9852610038
76.835977541041,1906.92017731919,7087.9860052538
171.267699298436,45.2288657915023,7087.99056197255
173.877256813125,253.047138798479,7087.99068789443
179.533510664651,221.023435664769,7087.99096083193
191.680144214326,1354.62430161937,7087.99154695693
203.685274328708,387.700760384746,7087.9921262538
208.633686930815,622.256690618883,7087.99236503505
215.348788393633,54.8719819581933,7087.9926890663
218.635425521705,881.369255356645,7087.99284766005
228.450651441925,1812.51658126769,7087.99332128505
256.669426113341,719.07774179536,7087.99468295693
338.237282683832,22.168655799959,7087.9986189413
355.143225805426,96.4393356839288,7087.99943472255
357.611603618505,145.96816810819,7087.99955383193
2.22779063435667,163.571128863893,7087.99977658193
9.33566952827347,134.373401294852,7088.0001195663
11.5530972300157,355.122015127662,7088.0002265663
17.5920904689827,460.695509518771,7088.00051797255
25.2685738028592,1268.43935355225,7088.00088839443
32.2326825602545,413.951123379164,7088.0012244413
39.763452903154,70.8946651384323,7088.00158783193
45.6185240194503,758.943408118995,7088.00187036318
58.1919346893237,281.983991712309,7088.00247708193
65.4384028122433,2236.59979425861,7088.0028267538
170.929415573213,129.168939433377,7088.0079171288
178.75517372251,70.8283709460744,7088.0082947538
183.140162829872,252.154547242256,7088.00850634755
192.452840946962,1446.49270339414,7088.00895572255
206.699036561755,182.569584450398,7088.00964316005
210.396260431621,1037.99591144593,7088.0098215663
224.43781029367,440.684627678323,7088.0104991288
235.170056618508,2626.31139058556,7088.0110170038
348.911960360543,24.6397867387227,7088.01651759755
351.791248724492,62.5524215758233,7088.01665653505
354.965848703914,160.907481783212,7088.01680972255
6.55456351313513,1260.83243845443,7088.01736892568
18.405237829186,63.4471433724748,7088.01794076942
20.2632402084725,478.303952000658,7088.01803042568
28.6057936848468,273.459588306935,7088.01843298818
32.5944434989707,223.054311132564,7088.01862545693
40.4101636423059,1773.61958453304,7088.01900259755
68.7124804521717,1342.13906655134,7088.02036830068
175.331311592164,32.9581258118328,7088.02551309755
178.164619444293,139.248806929615,7088.0256498163
180.821128860334,196.927557594151,7088.0257780038
191.207549693121,90.3538216467936,7088.0262791913
195.009686911967,1307.64965522445,7088.02646266005
203.957111143235,341.08854629622,7088.02689441005
213.876926678751,257.6095725626,7088.02737308193
218.372010004915,646.426301376124,7088.02758998817
225.882056755436,78.9211473950502,7088.0279523788
233.010983088503,1651.44131702988,7088.0282963788
250.505930433359,1397.44482652304,7088.02914058193
342.721195953935,22.8211980562998,7088.03359034755
344.928261802944,63.9265515522958,7088.03369684755
351.321175723165,210.932007971287,7088.03400533193
357.156170827538,197.879351793162,7088.03428689443
4.52536164782911,257.901144884443,7088.03464248818
9.80373321035566,1160.51468435074,7088.0348971913
17.8464418195862,1364.35418518488,7088.03528528505
33.1699420499113,119.18251108245,7088.03602470693
39.631826737861,1476.93113294878,7088.03633651943
54.7092339175958,52.6438510839444,7088.0370640663
68.2352836134781,84.0515226863126,7088.0377167538
73.6639014563485,1836.24504490609,7088.03797870693
164.144534950857,26.4332236654674,7088.04234476942
173.297900208871,222.717122522198,7088.04278645692
176.507471342315,170.43405575734,7088.04294133193
186.222317278314,263.807475864297,7088.04341011318
188.875588641292,539.168931723566,7088.04353814443
199.996726688318,1402.59814873644,7088.04407478505
208.212024177954,363.075070008989,7088.04447120693
216.870936708951,849.409764747122,7088.04488903505
225.277927776776,115.499686204057,7088.04529470693
232.859859539014,1385.34539395607,7088.0456605663
253.643386828701,1920.74312010959,7088.04666345693
345.003802872579,83.3781932385591,7088.05107197255
348.970757667096,41.0361154778993,7088.05126339443
350.677218529736,139.383671271531,7088.05134573818
359.582224111323,939.484601225615,7088.0517754413
6.79210207253671,143.632536420135,7088.05212334755
12.4817080327053,1423.02547523343,7088.05239789443
26.2386318656977,54.1394637454395,7088.05306172255
27.4775159661419,105.287702167889,7088.0531215038
34.5552808798708,296.280472378285,7088.05346303505
41.1007076685742,1930.73401710819,7088.0537788788
58.0834931163864,383.999915198885,7088.0546208788
86.2540206124515,170.103015006973,7088.05598022255
178.258164198764,179.455603155354,7088.06041980067
186.262016020453,71.5541584317414,7088.06080601943
191.77352830823,212.175416125504,7088.06107197255
193.798938660403,405.513483903164,7088.06116970693
206.290750083979,334.862138018366,7088.06177248818
210.1829055474,799.077470858833,7088.06196030068
221.158654412526,367.600838657722,7088.06248992568
225.834098036918,657.03548157714,7088.06271553505
237.212986148179,1876.40747384421,7088.06326461318
351.800050375381,65.8449544888029,7088.06879391005
355.72588168113,98.8446824390365,7088.06898334755
359.908167890202,65.73785960029,7088.06918516005
5.67354457099829,81.0934236428196,7088.06946336318
7.62868888144278,246.426434813429,7088.06955770693
13.7269388043419,1276.94277374246,7088.06985197255
33.7964724721681,510.82421625992,7088.07082041005
38.8170939704598,451.134407608578,7088.07106267568
49.6176634448758,2380.36879096626,7088.07158384755
174.858936575061,42.7186133689084,7088.0776272538
184.747990474541,295.518526316485,7088.0781044413
189.75209782305,157.365426245448,7088.07834591005
200.362269030973,317.820048056916,7088.07885789443
205.206739711327,1620.57045560715,7088.07909166005
218.07222394361,170.984379432859,7088.07971247255
229.155476630323,85.1618914277097,7088.08024728505
232.516913014099,1154.28089308978,7088.08040948818
251.818701243511,2483.22251650279,7088.0813408788
341.851186444988,31.519318405282,7088.0856853163
343.8652635172,144.805070712017,7088.0857825038
352.942210436434,205.70072034598,7088.0862205038
356.384598486052,474.200956279702,7088.08638661317
1.87344432699428,149.025430884464,7088.08665147255
6.89795153419706,1347.50410829554,7088.08689392568
17.8199484696805,73.3051813694985,7088.08742095692
20.1050517405447,462.323984651292,7088.08753122255
26.7579823885313,322.980558964403,7088.0878522538
32.2999324655713,441.025577169185,7088.08811967567
36.7464448827007,548.291634316911,7088.08833423818
45.2204638637998,1717.12477570196,7088.08874314443
65.8174785205127,3193.29873654794,7088.08973703505
170.185206116435,32.7615712336637,7088.09477320693
175.99526814814,323.677862290594,7088.0950535663
178.723986422669,362.246121987653,7088.09518523817
191.385122299656,1396.58395958975,7088.09582016005
203.001684425533,1453.12806232312,7088.09638070693
211.778786402231,326.682458862138,7088.09680423818
221.401995048274,2200.82929658361,7088.09726859755
247.302961996031,20.6890424930828,7088.09851842568
264.671624819073,852.236448078969,7088.09935653505
342.083747298541,60.9935990603105,7088.10309198818
350.155598460731,110.681602771834,7088.10348148818
355.51038843743,68.8100618151388,7088.1037398788
358.700531139407,273.459588306935,7088.1038938163
5.24401511135127,812.508227365782,7088.1042095663
12.0899344230462,44.3902518909578,7088.10453991005
21.7050479175836,845.863157294957,7088.1050038788
32.3119810724435,1097.67928080373,7088.10551570693
48.3190370599736,249.758741466266,7088.10628811318
53.6573128114961,1701.64859980559,7088.10654570693
176.775386002502,63.6688549104925,7088.11248666005
181.783055213149,248.854353790406,7088.11272830068
189.492890655669,246.578896190286,7088.11310033193
192.635433800447,219.487927832773,7088.11325197255
198.340582445476,38.3742933263154,7088.11352726943
200.534372197764,1364.35418518488,7088.1136331288
216.695883945929,422.220175488874,7088.11441298818
221.998864809745,990.573512105186,7088.1146688788
246.710813877788,864.842086834017,7088.11586133193
349.57348834845,60.1404967492947,7088.1208248788
356.174933730326,50.130094519929,7088.12114342568
358.711634692983,118.708626262176,7088.12126583193
7.7746579350403,303.052055672381,7088.12170316005
16.1745252031951,928.541243894188,7088.12210848818
28.1492174152247,80.4537408916062,7088.1226863163
31.7541564523756,775.401520769492,7088.12286026943
48.304883731804,1116.14728570686,7088.12365891005
64.9922573857796,71.6197795513906,7088.12446414443
76.5544200015598,1388.81317557349,7088.1250220663
172.387576809236,43.4815065897265,7088.12964641005
174.884773366199,197.689364878073,7088.12976691005
192.973905841835,306.013547834993,7088.13063978505
195.641748500141,1447.32370532807,7088.13076851943
206.81048606667,762.500063089533,7088.13130745692
219.590809228212,1392.27218642901,7088.13192416005
241.945122357827,1639.74966937985,7088.13300284755
353.946847099927,94.4709865891014,7088.1384267538
357.416434923442,37.6950519409558,7088.13859417568
359.341789025078,263.949889722781,7088.13868708193
9.00029259652418,93.1188251507287,7088.13915314443
14.5979374576614,1380.99853774776,7088.1394232538
31.1311791977744,295.264090954817,7088.14022105068
40.4279907455371,253.640469738414,7088.14066966005
45.4333933680449,379.867581834503,7088.1409111913
56.2886861616342,46.1031837706294,7088.1414350038
62.6453337292242,2314.80390411321,7088.14174173818
175.108550361399,237.258906965465,7088.14716855067
179.829974573003,82.8129162466773,7088.1473963788
188.705513754858,152.883927739822,7088.14782466005
191.974341496843,1302.12052251721,7088.14798239443
210.389547223988,936.921207284058,7088.1488710038
217.927117519786,1393.13560687526,7088.14923472255
239.390638666843,1467.12852977515,7088.15027042568
269.641947414711,1382.73892336116,7088.15173017568
343.201742683223,60.8007602598271,7088.15527973818
345.524083696249,85.6568635465571,7088.15539180068
353.125767661333,195.10631998898,7088.15575861317
1.14872406771699,297.040503305368,7088.1561457538
4.96122306390411,1033.93327233192,7088.15632972255
12.9462941099742,49.2795734774454,7088.15671503505
21.2137244838725,1687.4560637703,7088.15711397255
35.79570754706,21.2352444656227,7088.15781761318
39.6888344377095,1579.99358041394,7088.15800547255
56.6925671463087,759.735163669006,7088.15882597255
66.6415252724808,759.735163669006,7088.15930605068
169.555037353405,36.0712779090555,7088.16427205068
172.422021085557,98.0813902318189,7088.16441039443
179.914582259067,252.154547242256,7088.1647719413
183.988069410248,175.21756268124,7088.1649685038
188.86556839017,913.526920776064,7088.16520386318
200.157352500843,77.2974531604298,7088.16574873818
208.694837570773,1310.40556183848,7088.16616070693
232.038703697178,1515.50816340773,7088.16728714442
258.706444731514,1602.66311333146,7088.16857397255
341.87649639612,91.6442893794667,7088.17258726943
351.352696814883,78.0232684016724,7088.17304453505
351.969224621117,75.7009940843822,7088.17307428505
356.576668905008,993.603754828598,7088.17329661318
11.4963822710449,198.82660795556,7088.17401655068
16.3256340756159,1267.49089002232,7088.17424958193
23.9558130132048,363.902102895608,7088.17461776943
35.7715162129291,2036.22252392677,7088.17518792568
56.2681508477248,96.8282121149855,7088.17617697255
68.316347229939,662.956911590129,7088.17675834755
171.839204154585,35.3478080139524,7088.1817795038
177.367230592144,213.939158055787,7088.1820462538
189.085468013939,143.370662564202,7088.18261170693
193.249297181076,374.086012167041,7088.1828126288
200.881095164044,317.109838388063,7088.18318089442
208.192000840719,1279.76484964876,7088.18353367568
221.775688137458,371.060182580152,7088.18418914443
229.063927367298,1296.56774205955,7088.18454083193
250.690647044647,1959.17437828541,7088.18558441005
340.898635370517,33.5408749385646,7088.1899373163
344.43007027518,54.052630427126,7088.19010772255
349.893982968061,90.2497868104923,7088.1903713788
356.71011214634,200.520378079716,7088.19070028505
0.33253668510965,276.194261905616,7088.19087508193
6.75070752477111,1243.54671005023,7088.19118478505
19.0993963922806,1237.73125082494,7088.19178066005
29.432065370818,433.46259914756,7088.1922792538
39.6054214148859,82.8696139487661,7088.19277016005
47.6911962919489,2353.95325454135,7088.19316033193
81.4771779975423,302.803976337529,7088.19479064443
91.1301768523937,52.3306259436751,7088.1952564413
172.355446021593,32.2011965703251,7088.19917589443
182.903122530217,252.0054998012,7088.19968486318
187.227883639507,204.417940907753,7088.19989355068
196.870520717017,490.713358836103,7088.20035884755
203.732306560343,213.763437506564,7088.20068995693
206.633289981595,1098.77429377292,7088.2008299413
220.860057202617,1804.53763043431,7088.2015164413
245.672062521198,690.499268873879,7088.20271372255
341.455029261371,26.1877429463819,7088.20733564443
358.111965088387,161.722801816921,7088.20813941005
2.45291650068838,229.857827216406,7088.2083488788
5.72368709712864,126.597801686223,7088.20850670693
9.91050655787166,49.753881570247,7088.20870873818
17.6452750353645,1160.51468435074,7088.20908197255
29.179590334488,360.790897158125,7088.20963855068
34.40841948536,880.00384756981,7088.20989086318
48.2103524406404,1552.35302390366,7088.21055686318
65.9041170502668,203.681307930914,7088.21141066005
178.808034479816,43.4544900063116,7088.21685873817
181.477172374425,141.125194863534,7088.21698753505
184.764780929725,167.879349310951,7088.21714617568
194.613035187208,466.853500302733,7088.21762139443
201.533106211847,460.369131705107,7088.2179553163
208.894525727404,397.275046193357,7088.21831053505
215.06799624807,64.0366787374447,7088.21862633193
217.5425263582,1504.35874868293,7088.21874573818
234.673515091233,1426.40155242901,7088.2195723788
260.486082839793,432.768487712565,7088.2208179413
347.972152806336,49.753881570247,7088.2250395038
353.929546836701,170.764458129469,7088.22532697255
0.590572598497445,114.519470295615,7088.22564839443
3.93517109880588,165.852567790559,7088.22580978505
8.92729758689717,29.4985563753514,7088.22605067568
13.4511997700339,1227.97738644209,7088.22626897255
28.1209344519619,1219.13235062721,7088.22697684755
35.022224700982,390.019988527612,7088.22730986318
44.855583816365,21.2628768758716,7088.22778436317
53.4921537473006,1732.46283985407,7088.22820111318
70.124804082103,211.465789323739,7088.22900370693
179.255079303006,102.575975491348,7088.2342696913
185.835477245732,226.23260209631,7088.23458722255
190.8564225531,286.216633726966,7088.2348295038
199.024768103689,373.684000409824,7088.23522366005
203.23360643081,150.530768405766,7088.2354267538
210.244343355873,1424.7145685431,7088.23576505068
229.424056506065,1405.16787094924,7088.23669055068
248.009584487781,360.582508296403,7088.2375873788
259.528033255273,448.461018320856,7088.2381431913
350.605118506398,114.190865097008,7088.24253803505
353.745395025341,87.0170116518132,7088.2426895663
0.2603840247804,78.8020274034018,7088.2430039413
6.4661376938747,326.452309629133,7088.24330339443
11.1801143721246,444.75881311179,7088.24353086318
17.6850653279068,103.306058152342,7088.2438447538
21.1601578680163,381.644049696206,7088.2440124413
29.3867886376136,493.46249308968,7088.24440941005
36.2495459081679,1584.55337739838,7088.2447405663
64.0535243198031,1087.77531426796,7088.24608222255
83.3462459704815,2268.62928442984,7088.24701317568
163.291831397239,67.6396161303217,7088.2508708788
168.850619470835,189.140758610762,7088.25113911318
176.597368808745,321.581372642044,7088.25151292568
182.615638493029,466.531424603289,7088.25180333193
187.928333516034,359.329788146567,7088.2520596913
192.606367613034,1044.34805248133,7088.25228542567
201.970207187159,1805.86989806386,7088.25273726943
218.944473496026,553.475876241549,7088.25355634755
227.617957360047,50.0832222916081,7088.2539748788
232.703987801625,1784.43448906052,7088.25422030068
254.287317439762,283.313483784298,7088.25526178505
351.933509284965,69.8265056886527,7088.26000109755
354.651218164002,42.965308394427,7088.26013223818
0.66430690307163,280.915873895893,7088.26042239443
6.51581615722884,229.366858839342,7088.2607047538
9.64411185345125,209.501943571055,7088.26085570693
15.8148944062189,143.239559102781,7088.26115347255
19.5852985618014,1220.11822867307,7088.26133541005
34.678572273168,519.576826008006,7088.26206372255
40.7305177997795,1354.62430161937,7088.2623557538
58.5842429243311,76.931981618511,7088.26321726943
69.1966807957855,1793.84407328342,7088.26372936318
170.417979500323,29.0169138716934,7088.26861370692
172.45018984309,183.391066221894,7088.26871176943
177.612314776676,92.3081958092986,7088.26896086318
186.912040606122,1086.66919906852,7088.26940961317
193.884244552719,165.852567790559,7088.26974605068
198.063616480108,394.998395103485,7088.26994772255
208.67767332155,146.610362738997,7088.27045989442
215.187805260243,1966.52583106527,7088.27077403505
240.72967069462,780.810416323163,7088.27200653505
252.691734465777,638.942121433672,7088.2725837538
349.407264257732,39.9926515515237,7088.27725067568
356.626208797679,161.490279482202,7088.27759901942
2.22417750558849,137.756570040004,7088.27786914443
7.46628275318102,203.496719475282,7088.27812209755
13.7102455916651,467.818450644586,7088.27842339443
19.9739606706919,529.037536001198,7088.27872564443
26.4831211067649,377.286785147035,7088.27903973817
36.014044882397,72.01221563502,7088.27949964442
43.9657638575198,1878.96920245123,7088.27988334755
75.022703441812,992.392723553337,7088.28138197255
173.706329794161,46.1031837706294,7088.28614386318
177.551857127611,239.936320811651,7088.28632942568
183.035522061035,349.576229075055,7088.28659403505
190.564349511783,115.173877379693,7088.28695733192
196.350126051273,1041.46546942019,7088.28723651943
209.383665949988,1501.9588905929,7088.2878654413
228.438389701582,261.518445787701,7088.28878491005
235.087758487429,1622.05393561266,7088.28910576943
262.19749548005,457.42115650782,7088.29041392568
351.762727690712,100.353843290879,7088.2947358163
354.052040441867,121.524235119352,7088.29484628505
2.60085875406219,76.257389292067,7088.29525880068
5.90660046682922,422.931578647479,7088.2954183163
11.2205907261382,355.756368808358,7088.29567473818
19.5770679550807,1282.58059728381,7088.29607797255
28.6912525787803,304.042430121498,7088.29651776943
42.4190338211166,225.733737257983,7088.2971801913
48.4861982612081,1712.91780759475,7088.29747295693
76.4569370652747,1840.17001636505,7088.29882266005
166.305736819844,39.9338825896045,7088.3031816288
168.618687482757,191.215474010242,7088.30329323818
173.613404368063,61.9866658002621,7088.3035342538
182.104261345718,326.912413806113,7088.30394397255
186.516126417901,572.433267453931,7088.30415686318
191.881278134244,330.342891929902,7088.3044157538
197.163535367986,1501.9588905929,7088.30467064443
211.361159998352,365.756119835581,7088.30535573818
215.427199578483,480.811446212925,7088.3055519413
224.259672530202,62.4020557449256,7088.30597814443
229.859260208099,2253.73875117896,7088.30624834755
266.458473791595,2043.29686503968,7088.30801441005
338.416721546448,75.8249921184451,7088.3114866913
351.313615070615,72.2726600788093,7088.31210901943
354.181894001375,506.094277596958,7088.31224742568
359.722872688883,328.288923823195,7088.31251480067
6.99718824154719,1527.36379099849,7088.3128658163
19.0725843222658,129.749488930742,7088.3134485038
22.1370900451892,504.0109996024,7088.3135963788
33.3255799276535,251.109188997845,7088.31413626943
38.0019949415772,2203.01377140686,7088.31436192568
57.9549582844747,134.44330371204,7088.31532473818
72.4333232349859,2304.39090032064,7088.3160233788
169.047825349176,135.833649883565,7088.32068542568
178.309342046929,62.9640853344604,7088.32113233193
180.678634999002,268.18694487396,7088.32124666005
186.228356456168,1125.801785129,7088.32151445692
199.295248425829,379.867581834503,7088.32214498817
205.44919309513,1710.10750005252,7088.3224419413
224.173634114924,134.792232930891,7088.32334547255
229.652118178525,454.454085474509,7088.32360983193
237.030699386625,503.712682675683,7088.3239658788
256.579228284779,349.576229075055,7088.32490917568
347.163479854268,28.2167171572478,7088.32928023817
353.3332910552,64.7660466923661,7088.32957795693
1.31771444542242,72.2076357040358,7088.32996323818
6.61680956263151,198.258798267403,7088.3302189413
12.7467925487942,177.561007563831,7088.33051473818
14.5688523468302,60.1404967492947,7088.33060266005
21.5264849604034,877.951711331093,7088.33093839443
35.2840564115476,992.392723553337,7088.3316022538
48.8227346236945,765.254859480535,7088.33225555068
63.0802634430568,1307.64965522445,7088.33294353505
170.283565516944,40.9501738074525,7088.33811653505
179.559329738645,202.571306950894,7088.3385641288
186.851454564308,391.75046540052,7088.3389160038
193.610593759882,301.061536811531,7088.33924216005
199.368846678704,1359.94016048357,7088.33952001942
213.921687226628,128.512714359097,7088.3402222538
216.336313110065,423.286822259783,7088.34033876943
224.83947468182,409.570571902051,7088.34074908193
230.282339973247,65.3796114469252,7088.34101172255
233.54857728032,1827.05384155213,7088.34116933193
262.130797797485,2355.99584286206,7088.3425668788
341.459531646628,157.961296820552,7088.3463948163
350.352232596419,50.7354991352571,7088.34682392568
352.762001381414,249.457648981988,7088.34694020693
359.407160649275,1292.85260275225,7088.34726086318
12.6961839109963,75.3277717979728,7088.34790211318
15.4912825560399,1329.53659193191,7088.34803698817
28.8525147893383,398.031052561976,7088.34868172255
41.9595587074528,256.8791568347,7088.3493141913
46.7350586200781,3026.25213777219,7088.3495446288
177.812298281865,55.2558589161922,7088.35586964443
189.087244433678,231.973384945405,7088.35641370693
192.281272844567,326.912413806113,7088.35656783193
202.029470851513,342.408018605411,7088.35703822255
207.992045789396,547.743128631595,7088.3573259413
210.654707540183,1622.05393561266,7088.35745442568
233.176752489457,415.762729799596,7088.35854120693
238.184745546876,1292.85260275225,7088.35878286318
259.496077596829,281.183298866949,7088.35981122255
348.05232841693,105.821705564946,7088.36408442568
358.666061449296,87.2326655354527,7088.36459658193
1.95237473059567,310.402814562849,7088.36475516005
7.75337018356639,370.046104869459,7088.36503508193
15.7397364282439,147.504716774272,7088.36542045693
19.5425212652417,1307.64965522445,7088.36560395693
33.4937290736381,1336.75248648046,7088.36627716005
53.7808607818541,379.867581834503,7088.36725609755
63.5374777870776,368.621633217714,7088.36772689443
84.9475708512649,507.280939476829,7088.36876001943
174.255052997692,72.6615712043355,7088.37306947255
182.448655467722,102.300848348058,7088.37346484755
188.346469042775,248.703307947906,7088.3737494413
192.150872925152,250.359843967374,7088.37393301943
201.685682371999,467.496985567806,7088.37439311318
206.621790342309,421.864015942575,7088.37463130068
213.38546282725,1387.08033947665,7088.37495767568
233.562176507588,499.517482932532,7088.37593128505
241.588694776111,29.4387812738162,7088.37631859755
247.092111912381,1501.15808672524,7088.37658416005
347.365628727048,78.5034190431411,7088.38142276943
350.672018020271,47.6562539430958,7088.3815823163
358.071322896141,159.382257391982,7088.38193936318
5.35340975353956,1003.8380127142,7088.3822907538
12.5228146536002,194.431054589828,7088.38265455068
17.9715084706973,445.096681733759,7088.38291747255
25.8481042679522,84.8856540613951,7088.38329755068
28.7928015751878,169.105979219708,7088.38343964443
35.8997090795728,2205.19602578406,7088.38378258193
62.8048003194487,298.050861768928,7088.38508086318
77.3310886739312,477.675010657208,7088.3857818163
171.948027790301,58.4371231959757,7088.39034747255
182.516427966695,129.459540310073,7088.3908574413
188.277918976276,308.946673799326,7088.39113545693
193.313435541276,243.511877329183,7088.3913784413
201.771588028439,734.383387435145,7088.39178658193
206.274118963349,42.0257613431563,7088.39200384755
211.171693917498,422.576029723842,7088.39224017568
215.835156719169,1465.48828627857,7088.39246520693
241.185004841674,555.373691479844,7088.3936884413
254.533608558708,1664.49642957645,7088.3943325663
342.43253189288,25.5981607438782,7088.39857405067
344.733177923996,87.5551575685307,7088.3986850663
349.822446380941,93.0683655142595,7088.39893064443
355.197636140942,310.402814562849,7088.39919001943
0.242219322371051,128.366428597815,7088.3994334413
6.56065768287517,1183.09084751189,7088.39973833193
15.6340427399697,278.227607619641,7088.40017616005
20.5649697650654,1222.08776431876,7088.40041409755
33.5285674311263,44.7853074070359,7088.40103964443
39.5491037035502,297.040503305368,7088.40133016005
43.4629542242742,1844.08666115132,7088.40151901943
67.4764524684044,468.460603642029,7088.40267776943
78.4139921264437,85.4372267378167,7088.40320555068
175.960733445645,69.0145371406992,7088.40791258192
181.051297214286,154.716406353117,7088.40815822255
188.390050207617,127.042265596344,7088.40851234755
194.692298265109,345.031891946235,7088.40881645693
200.053240501162,416.485151921719,7088.40907514443
207.095386642716,1343.92985629006,7088.40941495692
221.963290971263,262.665444950017,7088.41013239443
226.170510290701,1104.77704762246,7088.41033541005
252.910136374449,306.259045901314,7088.41162570693
263.485984046501,1733.85039659024,7088.41213603505
341.781451012869,96.8767080444799,7088.41591411318
346.024289029089,124.427176895203,7088.41611884755
350.26939370884,43.4004117366715,7088.4163236913
356.791182623482,427.878316111574,7088.41663839443
7.34436384869996,285.164392099801,7088.4171476288
12.539193310473,1531.2953127733,7088.41739830068
25.1569654467863,32.3104147603726,7088.41800716005
26.9152353846117,469.742300612808,7088.4180920038
35.0314480886345,293.732871359254,7088.41848364443
40.0799169035826,89.5706148140718,7088.4187272538
43.3108592852536,1823.10067042835,7088.41888316005
58.1748779048896,53.8785509263118,7088.41960041005
66.6501921222922,30.0116112517124,7088.4200093788
180.602599960319,28.3412945889516,7088.4255158788
187.236749832687,94.3216962867588,7088.4258360038
190.631538325106,296.026730906007,7088.4259998163
198.368249657054,106.793782150838,7088.42637314443
204.260234706436,529.037536001198,7088.42665745692
213.262382294574,1336.75248648046,7088.42709184755
227.590824811513,415.401046893749,7088.4277832538
235.039995870419,466.853500302733,7088.42814270693
247.390951439156,245.356679418052,7088.4287386913
249.643673990909,83.4907906699378,7088.42884739443
352.215893982236,105.910447079083,7088.43379692568
0.187365084813447,81.0354838787219,7088.43418158193
7.45067116659267,285.690998635957,7088.4345320663
15.2605627842575,238.994796175618,7088.43490892568
19.0228718260301,231.649158188851,7088.43509047255
25.4458997264383,60.4909455859115,7088.43540041005
27.3395207648112,492.547835850843,7088.43549178505
37.0818902837826,1365.23514715492,7088.43596189443
54.6354466190265,1477.74525949274,7088.43680892568
89.1927356628694,232.943303535293,7088.43847645693
170.99340918723,28.8138540804894,7088.44242367568
179.952814278916,176.499675985653,7088.4428560038
185.680629408474,388.862109179655,7088.44313239443
194.493673928726,313.534642693014,7088.44355766005
199.985757822732,1100.96098904222,7088.44382267568
208.224693224125,1293.78241453537,7088.44422023818
225.557737274992,376.089687170733,7088.4450566288
234.094898573542,1725.5078477163,7088.44546858193
261.116236404663,481.436279731184,7088.44677247255
350.208387136536,104.930189537278,7088.45107153505
357.047830342105,152.760970539845,7088.4514015663
2.41168685984041,118.9458115336,7088.45166039443
8.83892427823557,404.028088762942,7088.45197053505
14.3682459144029,1153.23861571426,7088.45223734755
27.3082057064022,432.07329381012,7088.4528617538
33.8996130446212,243.511877329183,7088.4531798163
41.0482915805351,431.028407410494,7088.45352476943
46.8981817893127,1518.67873832146,7088.45380705068
72.4338948889434,1944.38776190964,7088.4550392538
166.222212912979,31.1633704952463,7088.45956492568
175.608071353482,324.836768594849,7088.46001783193
180.452542033836,231.324501220875,7088.46025159755
187.297813765075,670.621447262931,7088.46058191005
195.903945831355,1325.00665994684,7088.4609971913
207.369937943205,1401.74050144992,7088.46155047255
225.247300866426,399.162342068493,7088.4624131288
234.578759796831,1923.2457848517,7088.46286341005
351.472795729642,113.943791901772,7088.46850491005
357.821995726182,69.8265056886527,7088.46881128505
3.90729336143652,368.621633217714,7088.46910492568
11.0222960173274,161.838931145297,7088.4694482538
13.4365980916889,110.256394292296,7088.4695647538
17.5567134105377,583.357584460487,7088.4697635663
26.9930856522271,334.637623167211,7088.47021891005
37.1904034171287,368.417713003666,7088.47071097255
42.1838251415236,1908.18094658596,7088.47095192568
61.3499383859196,1715.72367424488,7088.47187676942
169.605288155897,31.3512167615659,7088.47710053505
174.903088112195,239.309044802738,7088.47735617568
178.85579542046,221.70244806663,7088.47754691005
190.411805701494,253.047138798479,7088.47810453505
193.581548620169,43.9114959671638,7088.47825748818
198.385543467603,1292.85260275225,7088.47848930067
206.397166631722,549.38714688646,7088.47887589443
214.730977376134,322.747772951715,7088.47927803505
218.465762834934,1086.66919906852,7088.4794582538
230.041849165587,91.8490769552527,7088.48001684755
237.06650973013,2825.69745380101,7088.4803558163
346.890702560971,91.2847922251991,7088.48565528505
353.504452536949,76.3189650365703,7088.48597442568
0.977585316687524,165.171445964951,7088.48633503505
7.48350773739343,1297.49477828511,7088.48664897255
23.454621143673,502.218377995689,7088.48741964443
27.5494795430807,106.705783098349,7088.48761723818
35.5355219786823,1627.97375580226,7088.48800259755
52.7215578399646,871.076544228799,7088.48883189443
64.3206344265268,1575.42046075321,7088.48939159755
168.279394288339,43.5085058259066,7088.49440803505
177.552891771116,225.567203804289,7088.49485551943
182.006851683903,249.909148930527,7088.4950704413
190.823134257218,335.534766637835,7088.49549586318
194.610700218432,766.824659326204,7088.4956786288
200.51207569332,76.5647614753284,7088.49596339443
206.650153755597,333.287369924662,7088.49625958193
212.809926912871,1801.87020859535,7088.4965568163
239.414525667452,415.762729799596,7088.49784059755
246.80767817088,1725.5078477163,7088.49819734755
343.56530280344,61.5303155648839,7088.50286630068
351.946389295976,87.4477851242617,7088.50327072255
356.109894691734,69.8265056886527,7088.5034716288
0.240371787923461,332.610189390792,7088.5036709413
8.51395449656808,105.910447079083,7088.50407017568
13.8198496420674,294.499480357757,7088.50432620693
20.7693871041346,1552.35302390366,7088.50466155068
34.6827095522172,39.9926515515237,7088.50533292568
37.1831441622436,977.743996877223,7088.50545358193
56.4372836987627,368.825470165035,7088.50638708192
71.0756091265032,3008.71749736586,7088.5070934413
165.598968173854,199.015526280988,7088.51165458193
176.122035381188,49.0406951159095,7088.51216236317
178.666507761667,422.931578647479,7088.51228514443
188.144651034885,570.855640535939,7088.5127425038
192.77864747452,290.646284817342,7088.51296611318
196.921429240203,35.2146679871712,7088.51316601943
199.580529091155,768.39118401395,7088.51329433193
213.052826932787,2481.28473323561,7088.51394442568
239.465408300103,708.548997252478,7088.5152189413
251.641184478131,1579.99358041394,7088.51580647255
347.730796038346,123.136958962711,7088.5204431913
351.809787943818,135.348648955258,7088.52064001943
357.869828697327,179.141229628144,7088.5209324413
4.33657048371973,1093.28857078594,7088.52124448818
15.7300298903091,411.401440691961,7088.52179426943
23.6684727310154,1529.72379208194,7088.52217733193
41.5549022706662,123.821689013148,7088.52304042568
48.4076215729554,292.964291714881,7088.52337109755
59.6611965142381,2064.37444916219,7088.5239141288
175.675276444846,160.088012290949,7088.52951228505
180.216987976374,139.787487141163,7088.5297314413
190.495257407118,1142.76399454383,7088.53022741005
204.12816326874,241.497433162152,7088.5308852538
208.40726763759,1376.63791477394,7088.53109173818
224.359600305947,85.1067133433858,7088.5318615038
229.675857228787,391.75046540052,7088.53211803505
236.803488363247,390.405208161582,7088.53246197255
257.281018375651,3005.51850074271,7088.53345009755
340.164825003519,44.7328354913346,7088.53744958193
342.523108522403,37.4136242820011,7088.5375633788
349.829480872015,282.782464111619,7088.5379159413
354.31323099361,125.778873427684,7088.53813230067
358.444355745648,1295.63992867787,7088.53833164443
11.4989430458165,166.981581339876,7088.53896158193
20.3307683416877,305.767855479644,7088.5393877538
25.1302299374506,71.6853312821009,7088.53961934755
28.7270737477036,1735.2369541257,7088.53979291005
51.5505826848924,2953.86226589756,7088.54089423818
179.760459254777,292.193658157913,7088.54708533192
189.304982973901,89.88471772442,7088.54754589443
193.891703552325,1351.06892340531,7088.54776722255
203.427808273171,612.027095669987,7088.5482273788
211.556001799915,206.065775554265,7088.54861959755
217.277988366107,371.262687259843,7088.54889570692
223.411533176713,179.560283308788,7088.54919167567
231.123311435992,1715.72367424488,7088.54956380068
252.534052118331,21.537247679726,7088.55059695693
355.137033670302,95.2632070450043,7088.55554797255
358.499765328077,94.9668954586258,7088.55571023818
0.819839715268289,63.9632791177291,7088.5558221913
10.9880148895137,491.937102164997,7088.55631284755
17.3793097643543,208.783240696064,7088.5566212538
21.933002118603,1215.18051177105,7088.55684098818
35.6449168293074,279.574974282326,7088.55750264443
39.6478141296836,68.399244601558,7088.55769580067
48.7250848579931,335.310723631466,7088.5581338163
56.9513918185146,1871.27380257834,7088.55853076943
171.314058014733,24.9711709643385,7088.56404923818
181.842953747738,177.455175554009,7088.56455730068
186.444569505957,931.127730474657,7088.56477934755
200.64089890002,219.830084691175,7088.5654643788
207.98288998411,55.7635777831411,7088.56581866005
213.800723358245,1668.82530017176,7088.56609939443
232.029416527808,416.845918893571,7088.5669790038
245.109584518797,2287.63163967471,7088.56761017568
340.804475831154,30.4003801299135,7088.57222784755
349.171638646514,88.6216378059856,7088.57263159755
355.491372281018,74.3865247176956,7088.57293655068
0.913190170989822,265.511307384614,7088.57319817568
8.86199482673341,65.5947934857792,7088.57358173818
12.6268943034173,370.452057918413,7088.57376341005
16.1450531113593,1651.44131702988,7088.57393317568
40.4347583862675,149.528889270556,7088.5751052538
44.5963209275692,1146.96530051361,7088.5753060663
58.6223280670617,1736.62229041582,7088.5759828788
171.879842331092,24.2676156947397,7088.58144801943
180.268700203754,241.186015603745,7088.5818528163
185.479396197158,193.947261029059,7088.5821042538
193.453133925571,1189.17364844151,7088.58248901943
202.128884415428,396.138344349595,7088.58290766005
206.977888460542,35.6455490124752,7088.58314164443
213.402535368634,579.739034556326,7088.58345166005
221.297264361052,1010.99983940145,7088.58383261318
232.80858936657,1629.45046344731,7088.58438808193
247.170060107684,1374.88986862166,7088.58508108192
344.741253473555,55.3408013859169,7088.5897863163
346.965157281424,65.3796114469252,7088.5898936288
355.738373586907,205.335040637245,7088.59031697255
0.872327357063893,306.259045901314,7088.59056470692
4.43225727192674,299.057778541112,7088.59073648818
10.7947333274911,1345.71809251582,7088.5910435038
23.5258378487583,71.7508275016598,7088.59165783193
29.255595795076,1448.98448795061,7088.5919343163
44.3760692803394,962.872559462369,7088.5926639413
67.8792483035182,744.546924114076,7088.5937980663
166.711178044059,42.6635983485912,7088.59856711317
173.788942920092,74.1335118292774,7088.59890864442
182.157077162679,228.217139630615,7088.5993124413
189.708571135653,377.684994390393,7088.59967683193
196.440510557331,244.128356419182,7088.60000167568
206.81980766584,477.989592351236,7088.60050251943
213.768373738375,616.431961031338,7088.6008378163
221.174478491752,411.766648555911,7088.6011951913
226.826199053911,882.05115433837,7088.60146791005
234.573596047668,742.930106323314,7088.6018417538
242.00463391141,88.6216378059856,7088.60220033192
248.918228829923,1377.5111051828,7088.6025339413
344.310037222073,66.9415634035886,7088.60713698818
354.838932992774,74.7015921342964,7088.60764505068
357.128569515309,101.007022190736,7088.60775553505
2.99465010249035,1192.20344707571,7088.60803859755
18.2099988930762,138.436845320555,7088.60877280068
30.1882530049408,1195.22547414874,7088.60935080068
48.543554505394,2396.47990341041,7088.61023651943
175.495174131737,50.7354991352571,7088.61636245693
187.006499099559,274.556738455445,7088.61691792567
192.742085609244,364.933305796455,7088.6171946913
196.746278183619,60.52976175841,7088.61738791005
198.973743815931,1219.13235062721,7088.61749539442
217.211179717456,1431.45073572271,7088.61837542567
236.223808666141,501.619468185055,7088.61929286318
252.945505818292,1581.51491902458,7088.6200997538
347.770328815861,162.418384297425,7088.6246754413
356.498859808132,135.348648955258,7088.6250966288
359.035236999409,164.487493070631,7088.62521901943
7.65140710934592,88.6746231998359,7088.62563478505
10.9898532372121,1240.64236661781,7088.6257958788
22.9373457507369,1211.21590535012,7088.62637239443
36.2480640320648,72.9196980575608,7088.6270146913
48.7389040661084,1719.92364794704,7088.62761742568
68.2482523299486,1788.47314735719,7088.62855883193
168.590586471679,86.6383215170075,7088.63338942568
173.14913592437,99.9786989308582,7088.63360939443
177.318145999026,300.061336888646,7088.6338105663
187.50639722289,1167.74534486552,7088.6343021913
196.718047624519,130.831054323544,7088.6347466913
200.910371839553,1411.14553375843,7088.63494898818
217.630126174944,1785.7817447009,7088.63575578505
237.206178580678,1508.35022250106,7088.63670041005
347.705508170447,80.3953431605109,7088.64203245693
359.262813725481,86.4755142493401,7088.64259014443
1.98991299232638,87.9298925338112,7088.64272173818
10.2340292635429,1182.07410526594,7088.64311955068
23.7105365854665,281.983991712309,7088.64376984755
28.7363389912767,377.684994390393,7088.64401236318
36.8091615806952,166.643684962331,7088.64440191005
41.3288542458449,1663.05091919838,7088.6446200038
67.64720792599,1983.57330560839,7088.64588997255
168.343616151944,27.026315213563,7088.65074898818
174.440570838539,157.006838086282,7088.6510431913
177.397248968495,325.530130629303,7088.65118586317
186.381911017318,94.6200340301573,7088.65161941005
190.747795539985,704.720060085151,7088.65183008193
193.799672859732,639.412467418055,7088.65197734755
203.423205314851,243.357500817609,7088.65244172255
206.424568758019,336.652872245935,7088.65258655068
212.789635286191,2302.30279285593,7088.6528936913
235.67240083192,109.486857080565,7088.6539978788
252.661886091963,1691.72631458991,7088.6548176913
346.001731976194,112.533440899121,7088.65932172255
349.918820512285,35.081024890582,7088.65951073818
355.24252496848,109.658331026719,7088.6597676288
6.99249545353748,1268.43935355225,7088.66033461318
15.3758486096048,188.842497195196,7088.66073914443
20.8944846593551,521.886089899226,7088.6610054413
29.4128651445901,62.5899609918434,7088.66141648818
37.6773812745013,1903.13298453759,7088.66181528505
68.7511588176529,1892.99620423355,7088.66331472255
171.173780109092,155.564172654721,7088.66825703505
178.095146370035,28.1750699160366,7088.66859101942
179.986824629345,207.519515460497,7088.66868230068
188.029209391803,1093.83835322774,7088.6690703788
202.232986356916,1380.99853774776,7088.66975576943
217.522794398132,197.879351793162,7088.67048766005
223.803347436019,1707.29252957358,7088.67079072255
248.232289520386,1919.49056649321,7088.67196951943
348.941002415832,148.773049435391,7088.6768291288
354.608265700546,39.7275060071145,7088.67710259755
356.790722248266,120.826487703951,7088.67720791005
4.58118550985615,571.907909918679,7088.67758383193
10.0926978353284,426.470830872105,7088.67784978505
15.0932432840014,705.572766879214,7088.67809108193
23.5102723200917,155.443338756278,7088.67849723818
29.50717075615,1509.14714058814,7088.67878661318
45.7214629313364,2312.7251225219,7088.67956901942
74.6441931809561,183.493484295916,7088.68096466005
175.904996328883,42.2487080042888,7088.68585091005
180.342442129582,98.4637787970755,7088.68606503505
192.13806935508,283.578660553729,7088.68663422255
194.382049137175,375.089209692092,7088.6867425038
199.494631734498,36.6205364643601,7088.68698920693
204.661613841919,1385.34539395607,7088.68723853505
221.269978646812,1423.02547523343,7088.68803995693
241.065248176011,1012.18855519392,7088.68899516005
263.486913103368,40.2560554335629,7088.69007709755
345.941028329354,34.7108557174902,7088.69405584755
348.499100540237,46.710500051228,7088.69417928505
355.33789616535,72.9840840540952,7088.69450928505
1.50511685597836,100.634292565793,7088.6948068788
5.23795946032289,203.865715975304,7088.6949870038
11.1134304353136,327.142257727786,7088.69527051943
13.6624360297671,367.600838657722,7088.69539351943
19.9944742960676,196.545529851377,7088.6956990663
27.3231893588294,328.746446731643,7088.69605270693
37.2566046870535,1532.86505710781,7088.69653203505
49.7749682663737,1484.24073032061,7088.69713609755
176.278439561989,64.1099812126456,7088.70324041005
182.132539251058,211.465789323739,7088.70352289443
185.598565212434,216.384243856282,7088.70369014443
192.907204187881,367.191693717572,7088.7040428163
200.652010709031,1125.801785129,7088.70441653505
209.214428927022,1374.01501287826,7088.70482970693
225.213713534426,378.08275954454,7088.70560173818
234.905892985895,146.994319494276,7088.70606942568
243.013362882564,1787.12800114056,7088.70646064443
346.351011224763,92.6637239162531,7088.7114386288
354.363281969338,78.5034190431411,7088.7118252538
358.318903559287,92.8662632904143,7088.7120161288
5.31150728918628,1173.9076377637,7088.71235355068
19.7960245744439,247.643378026297,7088.71305248818
22.9456914435005,232.943303535293,7088.71320447255
30.4929759361837,1457.25975730926,7088.71356866005
44.3227562835126,62.4396853665665,7088.7142360038
47.3571480262482,1751.78971328904,7088.71438242568
175.708907391177,30.841405818105,7088.72057592567
186.098890123799,175.859785067622,7088.72107728505
189.760495296882,332.384147982978,7088.72125397255
195.866192715439,101.007022190736,7088.72154859755
201.432104551009,563.434687794739,7088.72181717568
207.045939752854,1371.38689293437,7088.7220880663
220.525361318765,319.235693435616,7088.7227385038
231.162732262888,2116.15014400479,7088.72325180067
354.315776532525,51.9703412249495,7088.7291944413
357.726755403348,38.6487265802149,7088.72935903505
1.70731006596593,233.426750151366,7088.72955111318
10.5028690092067,196.545529851377,7088.72997553505
15.9700198305429,283.578660553729,7088.73023934755
20.07426861776,264.944594041694,7088.73043739443
26.0553005221865,45.0206816271503,7088.7307260038
31.2886629624251,2109.3200519573,7088.73097853505
49.3276054082552,404.028088762942,7088.73184898818
72.7802705925515,855.756632223148,7088.73298067568
169.539514232795,81.0354838787219,7088.73764970693
179.957020510694,226.398649827431,7088.73815239443
185.868433991543,241.652975407902,7088.73843764443
193.469794185248,188.643392573518,7088.7388044413
199.255894458422,493.46249308968,7088.73908364442
203.402885704396,39.9632792136284,7088.7392837538
207.045062521405,1342.13906655134,7088.7394595038
228.612849361594,746.563033615644,7088.74050023817
234.88725010243,1401.74050144992,7088.7408030038
273.412789139398,2333.43033784195,7088.74266201943
334.076338539591,26.4110018577401,7088.74558928505
343.615681313501,246.273917925421,7088.74604959755
347.968613548523,140.324099562328,7088.74625964443
356.044998037777,234.711083901828,7088.74664936318
0.420920566404899,586.441450955988,7088.74686051943
2.60143425966904,1500.35683876837,7088.74696573818
14.8843904125121,35.081024890582,7088.7475584413
23.0792880811499,313.294806764119,7088.7479538788
29.1607000451895,1478.55860888058,7088.74824733193
41.8833856058749,450.467552148837,7088.7488612538
54.4422249804202,2955.49051898547,7088.74946726943
172.840834664467,77.4795436142561,7088.7551775663
183.46266292373,358.282459256287,7088.75569011318
187.181258004127,41.4348069743831,7088.75586955067
189.794701190031,303.29996847378,7088.75599566005
195.897808173677,1334.95225984603,7088.75629016005
210.911749264581,434.155572603956,7088.75701464442
216.990894565089,1415.39968634419,7088.75730798817
230.553534498069,1374.88986862166,7088.7579624413
258.867832055264,361.207286303511,7088.75932872255
348.200571121132,36.0387067410706,7088.76363939442
352.102440819136,66.3778268461535,7088.76382767568
357.827989285163,100.540901992741,7088.76410395693
4.17330364818348,295.009433548543,7088.76441014443
8.15288688357395,41.3780849861656,7088.76460217568
10.0652886975658,257.317667173851,7088.76469445693
18.355709327374,68.9805088049944,7088.7650945038
23.2814555203431,1242.57937272887,7088.7653321913
33.7387900130111,1285.39012766993,7088.76583680068
61.2121618083788,238.837505328604,7088.7671625038
68.5548004729246,902.934949031931,7088.7675168163
172.702015822166,61.7969286853537,7088.77254234755
179.68069587489,190.723548065819,7088.77287909755
184.813354446439,126.597801686223,7088.77312676943
187.738299550828,247.946663201049,7088.77326791005
197.584934762932,339.542616245581,7088.77374305067
202.790773620198,452.132886685774,7088.7739942538
207.445493689907,349.791140497047,7088.77421886318
211.148222238672,669.724276036732,7088.77439753505
219.853115394577,554.290002785507,7088.77481758193
223.438949771641,90.4577315830046,7088.77499061318
230.109689730323,471.339522967185,7088.7753125038
237.835391666778,61.0320891047955,7088.77568530068
243.030868746703,2886.327177265,7088.7759360038
346.455023857654,46.2303667569941,7088.78092664443
355.818539622703,971.575264685498,7088.78137847255
2.97725616457827,96.1955029521455,7088.78172391005
8.75979461330994,169.105979219708,7088.7820029413
16.7121611311927,56.4334343144957,7088.78238667568
19.0027690809553,1398.30491630022,7088.78249720692
36.4744023985212,2238.74940807889,7088.78334028505
59.2593783195481,110.766451566491,7088.7844397538
63.5789584836236,35.081024890582,7088.7846481913
79.7443559030032,2000.47578502449,7088.78542823818
158.901148452196,22.6663011276829,7088.7892478788
167.451585809771,45.5909095198326,7088.78966047255
173.190086525746,210.575404335778,7088.7899373788
176.695616892816,197.689364878073,7088.79010653505
185.036875208278,1270.33383812147,7088.79050903505
198.388069322527,555.914758670895,7088.79115328505
207.06381985008,1436.48226647031,7088.79157192568
219.650830388054,1485.86021264663,7088.79217930068
250.1430799036,1715.72367424488,7088.79365547255
341.177422695969,64.0733438528329,7088.7980482538
347.497480101853,83.1525473476979,7088.79835322255
353.859308614657,139.518410713357,7088.79866020693
359.845845235678,246.273917925421,7088.79894908193
8.13529443825871,904.265773371549,7088.79934908193
16.7469312211329,1189.17364844151,7088.7997646288
28.8621555543169,312.333797714004,7088.80034923818
39.0083118998802,119.18251108245,7088.80083883193
46.1035623529244,1929.48812482996,7088.80118120693
64.8956789418405,1901.86888460175,7088.8020880038
168.79777266772,41.8016211922723,7088.80710170693
176.584026373627,211.288014861921,7088.80747742567
180.586599902623,134.582983646325,7088.8076705663
185.663563765468,959.118673371506,7088.80791555068
198.231145909671,1380.12756778494,7088.80852198818
211.858223283318,887.487583423052,7088.80917955068
227.714061600972,1665.94060768688,7088.80994466005
259.87129601901,1384.47708852851,7088.8114963788
346.489564334297,47.6808870164547,7088.8156760663
350.324729815014,200.520378079716,7088.8158611288
359.194440508895,200.894828550346,7088.8162891288
4.41873629500833,1133.25393513719,7088.81654122255
10.1896177300952,87.0170116518132,7088.8168196913
22.3527654295544,321.347531917482,7088.81740661318
27.7826785087285,1439.82681333199,7088.8176686288
49.3077228524649,306.749459166866,7088.81870730067
54.5067618322249,637.529029567929,7088.81895817568
90.0072995142673,304.289510255629,7088.82067122255
172.882687181553,36.00610781751,7088.82467030068
178.54833149628,135.695260583546,7088.8249436913
186.147101179681,107.844240482269,7088.82531036318
191.326387918898,588.488313635338,7088.82556028505
198.976642906106,209.860379074556,7088.8259294413
208.270216438501,391.558563350713,7088.82637789443
214.63236868499,869.003313752614,7088.82668489443
229.243818185605,1875.12538829537,7088.82738995693
254.411686926806,1363.47244605872,7088.82860441005
338.958564302708,60.4521085967313,7088.83268414443
345.732922449458,53.8349399781257,7088.83301103505
347.731780645887,73.2410729287203,7088.83310748818
355.511882054744,943.316647017411,7088.83348291005
7.95901021399823,213.587564301676,7088.8340818163
12.5253310468156,1102.59801289203,7088.83430216005
25.5990228939829,1610.14868105269,7088.83493301943
39.5240023557104,101.932857987652,7088.83560495692
44.2444551777825,213.939158055787,7088.83583273818
57.2669856056116,927.893539781621,7088.8364611288
80.2501311732576,2341.66108725731,7088.83757016005
164.804456120209,83.0960369957445,7088.8416502538
174.858975138121,696.999236105,7088.84213542568
183.131910228614,286.741325128403,7088.8425346288
185.343509404686,256.439924850582,7088.84264134755
192.503521145169,50.0832222916081,7088.84298684755
196.028803677389,1488.28616097774,7088.84315695692
210.422655137615,935.636901289172,7088.84385151942
224.677269788382,1531.2953127733,7088.84453936318
256.065463494005,2082.93093884038,7088.84605397255
343.121518324983,91.5930178924107,7088.85025478505
345.482392278779,43.4004117366715,7088.85036870692
351.204055111287,146.994319494276,7088.85064480068
356.81141416931,925.298004883501,7088.8509153788
3.13179542196538,133.038427496679,7088.85122036318
10.2542456489064,37.4136242820011,7088.85156405068
12.1320001179514,1199.24303820795,7088.85165466005
28.5690713164382,229.038940591231,7088.8524478163
34.9655470611016,139.248806929615,7088.85275647255
39.042596149814,1135.37423906962,7088.85295320693
51.9278325472477,2255.87193369847,7088.85357497255
88.2181346094748,305.029557168268,7088.8553261288
170.539165323052,26.7862711178513,7088.85929845693
180.93918602394,196.162780463638,7088.85980030068
184.587191291227,339.763911449964,7088.85997633193
194.153733763641,334.188121620116,7088.86043795692
201.343535788324,1324.0987195573,7088.86078489443
217.893291602829,388.088255975916,7088.86158348817
221.75986637543,1537.56463117105,7088.8617700663
246.196903611302,1343.03479448761,7088.8629492538
340.205410110639,29.4387812738162,7088.86748555067
347.928197803107,67.3612624013664,7088.86785820693
352.377948273299,58.7577694832753,7088.86807292568
355.042876612226,168.438013536942,7088.86820151942
3.90513977275281,74.0701180945713,7088.86862916005
8.4073468985873,852.941661744211,7088.86884641005
16.0686112812879,1309.48751841942,7088.86921609755
31.8726404860602,353.424900456645,7088.86997870693
40.3243168294012,47.7055062120257,7088.87038653505
43.2427857899678,200.332889166432,7088.87052736317
54.225658417067,2213.9035049662,7088.87105733193
171.154422069457,43.5624522565625,7088.87670042568
176.002778496419,150.405896071071,7088.8769343788
183.740137408823,190.822024848103,7088.87730773818
187.702558913974,327.371879604854,7088.8774989413
196.11246418809,1343.92985629006,7088.8779047538
205.286229267102,351.291967737311,7088.87834742568
210.962235321474,38.5574697170377,7088.8786213163
214.656868756429,435.5382721144,7088.87879959755
223.213782257825,658.406773546005,7088.8792125038
236.793907654729,1667.38367557429,7088.87986780068
265.401897895105,1930.73401710819,7088.8812482538
342.425128652385,52.3754858927639,7088.8849649413
345.914792487823,107.407797933501,7088.88513333193
349.640835139269,93.5215030417602,7088.8853131288
355.472915999656,256.586446534257,7088.88559455067
0.989285423570623,474.200956279702,7088.88586073818
8.03013636651737,1238.70236290458,7088.88620048818
22.2067135577335,1400.02387460925,7088.8868845663
36.3515577610781,2001.67749042635,7088.88756711318
54.438747382259,74.512715442232,7088.88843989443
75.4036063597055,1633.87237073209,7088.88945153505
167.296036681836,30.9364478479068,7088.89388572255
174.796692969156,320.176024581897,7088.89424766005
182.156817248409,81.4402295601369,7088.8946028163
188.40498960488,383.412329663102,7088.8949043163
192.7239221885,677.755851441475,7088.89511272255
202.234122296361,267.204286474865,7088.8955716288
206.832176192442,1440.66181206881,7088.8957935038
217.136997741235,1638.28228760821,7088.8962907538
238.782174422823,280.380274553238,7088.89733522255
252.668944715161,73.2410729287203,7088.8980053163
255.167112699352,1560.85055991184,7088.89812586318
346.069666215616,111.611359043806,7088.90251228505
351.991765320578,63.5211327981722,7088.90279805068
357.332955353784,429.631191734003,7088.90305578505
3.9567434111146,103.940682449899,7088.90337541005
7.94280275263132,202.756741951582,7088.9035677538
11.7271306230861,432.768487712565,7088.90375036318
19.9628278960249,218.45827924416,7088.90414776942
24.7256993300815,1703.06124758213,7088.90437759755
40.3169876682988,570.855640535939,7088.9051299413
54.8996183496382,2274.98087035372,7088.90583361318
175.112498601406,49.8952927585616,7088.9116343788
181.064064106101,903.600638757496,7088.9119215663
194.889634935443,316.160403412979,7088.91258870693
198.294785280595,196.162780463638,7088.91275301943
207.787499849141,78.5632323085927,7088.91321108193
213.499124675688,2200.82929658361,7088.9134866913
237.200149498714,1411.99740788522,7088.91463036318
354.297204561983,86.3668095374415,7088.92028264443
0.100466603093459,203.681307930914,7088.92056267568
3.26211433256688,41.7735152025145,7088.92071523818
11.9375410510439,331.478455795065,7088.92113386318
21.8544422671806,245.509806928723,7088.92161239442
25.3751915854259,1428.08653791349,7088.92178228505
44.178965225683,1638.28228760821,7088.92268964443
62.2447836740298,293.988638988552,7088.92356139443
176.039493086136,57.1365559032255,7088.92905245693
180.9843438638,84.1632180614837,7088.9292910663
190.699513571179,216.904619265712,7088.92975986318
193.731962459459,197.689364878073,7088.9299061913
197.332691940927,279.036821426715,7088.9300799413
206.104936856878,67.2914918231626,7088.93050323818
209.253308527327,1482.61958266005,7088.93065516005
220.501378752015,469.101868461053,7088.93119792568
234.995934043234,585.928583429762,7088.93189734755
358.669011730707,40.6623970605757,7088.93786508193
1.14418949668456,120.202861553231,7088.93798451943
10.7253032644272,107.232729640305,7088.93844684755
16.7487538185342,850.824299902797,7088.9387375038
31.0817296248404,55.3832257832454,7088.9394291288
35.4233286175979,920.738263410215,7088.9396386288
59.6618725108639,1811.18919861945,7088.94080823818
169.943927793927,45.8477665554735,7088.94612980068
180.65901235083,135.279232260643,7088.94664684755
186.171172294454,199.204250317386,7088.94691283193
190.052965905142,306.504349678605,7088.94710014443
196.37269950195,1296.56774205955,7088.94740509755
211.11917636943,290.646284817342,7088.94811667568
218.177189042616,1339.44855207346,7088.9484572538
234.596450855015,623.704310420692,7088.94924955068
244.769483090007,53.3088538590132,7088.9497404413
256.512977431243,2912.86883502551,7088.95030711317
339.660362649016,58.1954831546661,7088.9543193163
345.980743863975,186.942530899792,7088.95462430068
351.597493347503,105.644007430961,7088.95489533193
354.758817267901,663.863242156282,7088.9550478788
1.13586469418538,1349.2876815846,7088.95535559755
17.1325588289821,288.04886254008,7088.9561275038
23.6805760902928,253.343984679688,7088.95644347255
29.4912857024529,63.7425875971154,7088.95672386318
33.8934365777502,1616.11235505177,7088.95693628505
49.4305564649218,2874.63830517254,7088.95768484755
178.310120627813,57.095432548504,7088.9639038163
184.402865834118,248.552151083103,7088.9641978163
192.455612411613,1037.99591144593,7088.96458639443
204.661178760753,1539.12804723433,7088.96517536318
215.999267230017,171.64243637513,7088.96572247255
226.031119838791,1493.93120096875,7088.96620655068
246.766076106355,576.619307857129,7088.96720709755
350.289963696464,100.634292565793,7088.97220255068
353.469420812025,115.336899753071,7088.97235597255
0.528728721514273,56.099506984264,7088.97269661318
3.41546465651334,248.552151083103,7088.97283591005
10.2315937970963,956.607904001316,7088.9731648163
22.0460017605168,69.2862503481884,7088.97373491005
24.0691454491591,156.887114410864,7088.97383253505
34.1838925782308,1319.55024684771,7088.97432061318
51.1413209282382,1677.44995671626,7088.9751388788
81.2430310516103,215.688480964538,7088.97659141005
169.338505062414,24.4123540826813,7088.9808423788
174.919311964691,161.257410202786,7088.98111167568
184.88996511047,120.359069932796,7088.98159280068
191.841445426992,1150.10623247258,7088.98192823818
202.152095501456,948.401912559405,7088.98242576943
214.493013064231,352.573248374455,7088.98302126943
226.821949728894,145.193801426302,7088.9836161913
230.952103053704,1521.0523951481,7088.98381548818
255.272569926952,2633.62709418402,7088.98498905068
339.847294657206,25.5522426134691,7088.9890701288
341.816686453903,91.5417186497791,7088.98916516005
347.688271757679,234.230301821015,7088.98944848818
355.967682954298,312.333797714004,7088.9898480038
0.718897374709968,268.326999508517,7088.99007726943
3.96991573060737,1402.59814873644,7088.99023414443
17.2825769040869,48.8968102119181,7088.99087653505
18.1338644809509,775.789044116237,7088.99091761318
31.58220060175,1559.30901524215,7088.99156655068
51.1906336888995,323.677862290594,7088.99251273818
60.5949490959455,572.433267453931,7088.99296653505
72.6920402339664,2942.44184573245,7088.99355026943
164.277178042512,59.7879940000823,7088.9979696288
170.311433315861,125.928170668921,7088.9982606913
177.959097792765,219.659068712019,7088.99862972255
178.246638065808,829.353419273815,7088.99864359755
190.746220831813,1019.88140155385,7088.9992467538
205.029654226464,1995.6611918559,7088.99993598817
227.131074427983,73.3692273602315,7089.00100247255
231.315951071966,1325.91382318026,7089.00120441005
256.511991051988,1425.55822701951,7089.00242022255
342.542874076304,57.9122895472128,7089.0065715663
351.085540091449,131.689908977606,7089.00698378505
356.720422732444,329.431565360139,7089.0072556913
3.74832138774603,289.350488014151,7089.0075948163
8.77250474817677,41.3496979712047,7089.0078372538
11.1994353011069,1290.05928162229,7089.00795436318
23.6329615056737,1281.64268087261,7089.00855433193
33.6175383286282,122.601748198115,7089.0090361288
47.3634527661277,260.798993512168,7089.00969942568
56.881748063191,1820.46033803118,7089.01015872255
73.0843832247326,166.305094695396,7089.0109405663
168.327564344222,36.5242072697392,7089.0155364413
175.6873648144,82.6993959424094,7089.01589158193
187.716456574223,916.155762364923,7089.01647203505
196.491615696465,262.379173943117,7089.01689547255
200.265905560959,257.901144884443,7089.01707759755
211.649326961587,99.41330397778,7089.01762689443
215.209580610133,1082.78919164206,7089.0177986913
225.011854318101,1380.12756778494,7089.0182716913
268.362435717045,1476.11689538252,7089.02036353505
339.827526018882,58.4371231959757,7089.02381201943
346.463942479389,166.530886303029,7089.0241322538
350.752113426972,118.9458115336,7089.02433917568
0.242237560607332,311.369791061722,7089.02479711318
3.36502850253927,610.059114336536,7089.02494780068
10.4424695694961,84.4418077128317,7089.0252893163
13.4166332764637,146.096829078957,7089.02543283192
19.5819111503329,1607.15862840277,7089.02573033192
39.4918082253979,1552.35302390366,7089.0266910663
50.9759334570189,970.336810901529,7089.02724522255
78.776997586971,181.123060993826,7089.02858673818
173.269271226906,70.3626115705624,7089.0331463788
180.612881318679,182.157469663657,7089.03350073818
189.203470662403,254.970350388461,7089.03391526943
194.738297090557,827.902246758327,7089.03418234755
207.557800735629,1159.47806911265,7089.0348009413
225.497982204921,320.176024581897,7089.0356666288
232.297597233416,1495.54024719833,7089.03599473818
357.904426019615,134.861927181262,7089.04205766005
2.52579398068136,71.6853312821009,7089.04228066005
8.29181827962945,58.5976683842304,7089.04255889443
10.8489191009808,215.165177341881,7089.04268228505
15.1306139047423,1115.06937017225,7089.04288889443
26.9285077183793,304.783087656801,7089.0434581913
36.3959654428763,581.8095449861,7089.04391503505
43.7985083341142,404.771466344656,7089.04427223818
50.6531704531628,337.099043123956,7089.0446030038
61.5437582098508,1913.21580800263,7089.04512851943
171.356941569807,79.0995047239562,7089.05042745693
177.683798928589,37.1932623588478,7089.0507327538
185.639403537231,1049.51669577247,7089.05111664443
194.014013885945,237.575487060937,7089.0515207538
203.870363294933,287.787849106991,7089.05199636318
213.572904561439,1414.55003266344,7089.05246455068
228.018888868231,2001.67749042635,7089.0531616288
240.778488362003,986.924986179361,7089.05377733193
351.421588050597,94.8679260148744,7089.0591163163
356.809082442395,83.7716285229106,7089.05937628505
2.04471150846874,221.363205543668,7089.05962892568
8.66688052041964,487.640650082,7089.05994847255
13.3682286824048,273.459588306935,7089.06017533193
21.5443455754234,151.897563971382,7089.06056986318
26.3509309331606,918.122522453046,7089.06080180068
36.9154453629478,1785.7817447009,7089.06131158193
72.4571065337592,1602.66311333146,7089.06302661318
173.912841275241,51.0124893715602,7089.06792226943
179.87735906758,839.441516298223,7089.06821008193
190.707071132653,119.654522401369,7089.06873266005
197.099337434721,1256.05470469026,7089.06904111318
212.715882616987,222.548340866879,7089.06979467568
216.151146942328,1393.13560687526,7089.0699604413
244.230684804285,1528.15082810065,7089.07131539443
344.344241141723,37.6638858989864,7089.07614628505
352.722737161651,70.8946651384323,7089.07655058193
359.372105909803,122.294854798533,7089.0768714413
4.05693995970051,297.040503305368,7089.0770975038
9.84433550687498,37.6638858989864,7089.07737676943
12.2955515520185,1234.81325164931,7089.07749505068
25.7672017754994,636.585228974695,7089.07814511318
35.8641394807878,597.612737074371,7089.07863233193
43.2751013703035,37.8194593697589,7089.0789899413
45.7761835984818,1518.67873832146,7089.0791106288
57.3694316970697,590.528181909633,7089.07967005068
174.046228236369,44.6540131260331,7089.08529780068
182.370972402048,140.05605009082,7089.0856995038
187.441783854755,244.896797285676,7089.0859441913
197.699977311272,231.324501220875,7089.0864391913
201.069832693326,1203.24716856857,7089.08660180068
214.196628851983,649.673537189699,7089.08723522255
221.038014912007,289.869517278163,7089.08756534755
229.96018226153,54.6145698110401,7089.0879958788
242.528735870657,2060.8765805008,7089.08860236318
347.374725815191,107.844240482269,7089.09366161318
351.909961165201,47.334830499679,7089.09388045693
356.479196279701,78.6827131227241,7089.0941009413
5.67206594340768,195.491151044891,7089.09454453505
8.77413325526507,243.820325041,7089.09469422255
14.3659495907318,1472.03804701235,7089.09496405068
30.939667163766,68.9464457748201,7089.09576380068
37.31120983576,387.118753719662,7089.0960712538
49.5226047105703,243.820325041,7089.0966605038
56.5945410609327,2471.57339039461,7089.0970017538
172.324318846953,78.9806484102762,7089.1025861913
180.962831594648,235.031077933101,7089.10300303505
186.359392527483,38.5269975644587,7089.1032634413
189.337441943362,454.123211257595,7089.10340714443
202.261211356957,1563.92920835913,7089.10403076943
215.950459583132,344.813982922076,7089.10469133192
230.465414695349,1232.86392206268,7089.10539173817
266.984000422079,2680.69211273314,7089.10715391005
339.858297116626,60.2965039009362,7089.11067039443
343.150115114521,106.705783098349,7089.11082923818
352.524964084138,276.058148562797,7089.11128161318
355.904533700774,404.771466344656,7089.1114446913
3.32100030688373,320.176024581897,7089.1118025663
8.94875918590497,70.4959979280773,7089.1120741288
11.2840524488795,1206.24166211059,7089.1121868163
25.3006692005626,2287.63163967471,7089.11286317568
49.4793087540484,811.767986164114,7089.11402989442
64.3158038284078,2029.12375790731,7089.1147458163
170.024414629767,47.8529785241655,7089.1198466913
178.451157862743,750.57904336262,7089.1202533163
189.226470417718,264.092220314538,7089.12077326943
195.260606595938,407.731431950609,7089.1210644413
205.72963434146,270.558464521287,7089.1215576288
212.663629118668,1805.86989806386,7089.12189222255
226.027775482865,1479.37173622381,7089.12253709755
252.98143778256,1300.27222322582,7089.12383772255
348.936022013607,38.5574697170377,7089.12846792568
352.887757856949,95.9999787997212,7089.12865861318
356.095709945014,286.741325128403,7089.12881341005
10.2295446774737,331.024679889325,7089.12949542568
14.8910646246895,1201.2467687228,7089.12972036317
27.9330235216815,1557.76591626022,7089.1303496913
50.2818319347014,426.823132393395,7089.13142811318
57.3618634742656,287.003310006639,7089.1317697538
67.9668537369739,1910.70004262883,7089.13228148818
171.512436384385,147.759263158243,7089.13727798818
176.473153655984,175.21756268124,7089.13751736318
185.556252872268,1257.96795202859,7089.13795566005
200.477909092761,270.83610354417,7089.1386756913
205.360588942506,1373.13949100104,7089.13891130068
222.208894538634,1403.45524091146,7089.13972430068
246.755054603778,1722.71807930002,7089.1409087538
346.731964528972,34.3708811412213,7089.14573305067
350.178562134273,66.8362240552334,7089.14589936318
353.805196153334,228.052424167124,7089.14607436318
5.32364488312988,212.882655947766,7089.14663017568
10.7535579623041,773.460573366691,7089.1468921913
14.8594257949007,1341.24289452586,7089.1470903163
24.6208998231748,26.2996100591772,7089.14756134755
36.6784865931984,136.179026388739,7089.14814317568
42.6708517021938,499.216445959405,7089.14843233193
54.6944387454223,3003.91778118581,7089.14901251943
172.267971349085,43.1289864932793,7089.15468592568
178.531686428112,274.69357344323,7089.15498817568
185.537242445656,113.613521368627,7089.15532622255
192.331028910785,1427.24443374931,7089.15565405068
205.11297108001,267.766253614354,7089.15627083193
212.465323979138,383.804155124068,7089.15662561318
219.518155744805,42.6635983485912,7089.1569659413
224.650490469583,1674.5800301976,7089.15721359755
238.04572239198,2281.31513679841,7089.15785997255
352.521282807563,41.6890966192796,7089.16338261318
354.98156543144,169.660605009447,7089.16350133193
359.467582178871,252.601245476214,7089.16371780067
9.06164827195409,562.366597733899,7089.1641807538
14.3824384464653,281.983991712309,7089.1644375038
20.684362732578,190.920473874812,7089.16474159755
23.9703522424982,1694.56715326533,7089.16490016005
35.2631077427024,1452.30028003596,7089.16544508193
64.820822727404,301.061536811531,7089.16687136318
88.2401358030573,115.580996162823,7089.1680014413
172.934345215316,35.2812987158835,7089.17208828505
183.22459546878,202.014044381471,7089.17258483193
191.773737627747,152.268198050365,7089.17299736318
201.571801817728,249.30696396197,7089.17347016005
204.871067348976,666.574739849324,7089.17362936317
210.695376866933,238.837505328604,7089.17391041005
217.907521529374,44.3637938885022,7089.17425842568
223.592917933859,1501.9588905929,7089.17453276942
243.554300275034,1358.17046498232,7089.17549598818
355.318418465145,142.450357065727,7089.1808890663
355.928793936633,100.166444583216,7089.18091851943
359.702112336203,45.1509107879389,7089.18110059755
9.50568128047379,641.7589237806,7089.18157366005
15.487684612128,624.667595428008,7089.1818623163
26.6120606745213,1515.50816340773,7089.18239911318
34.5385226925069,298.806368537186,7089.18278159755
47.2754557394445,2189.87428191042,7089.18339620693
105.221296260601,178.72121838014,7089.18619233193
176.487893069047,31.2010278724628,7089.18963123817
180.789016304275,167.318811583606,7089.18983878505
186.122435032747,344.595962875616,7089.19009614443
194.865213473574,1200.24534755458,7089.19051801943
210.438368578932,243.357500817609,7089.19126948818
218.172489438273,1361.70741349417,7089.1916426913
236.132423072716,2145.49555899168,7089.19250933192
347.648829242249,39.6387297985079,7089.19789045693
354.76836514981,97.6013020403954,7089.1982340038
5.26941356615866,219.830084691175,7089.19874072255
8.52723187495426,341.528916258937,7089.19889792568
13.9733352571401,38.2516934793742,7089.19916072255
21.9904631001574,1698.81952949424,7089.19954758193
41.2948418021765,425.058654940358,7089.20047909755
48.4435203003942,1569.3022437091,7089.20082405067
69.7202050430972,309.675590726144,7089.20185073817
175.07700016833,29.9724585428596,7089.2069431913
182.708798151298,65.73785960029,7089.20731145692
185.861379302038,255.41210812996,7089.20746358192
189.439766145748,201.455213622026,7089.2076362538
200.295706595185,1098.22695382178,7089.20816009755
212.273313126594,1026.34578613703,7089.2087380663
224.329928431694,1276.94277374246,7089.20931984755
261.20470139012,1812.51658126769,7089.21109920692
341.708205632725,22.3006942773329,7089.21498383193
344.896405517943,99.7905855171233,7089.21513767568
352.214434956592,111.611359043806,7089.21549080068
359.459931614588,108.452309632856,7089.21584042568
1.886214549366,1117.22409101844,7089.2159575038
12.4507290545453,412.496092838666,7089.21646728505
19.1279451193533,406.254113682891,7089.21678948817
23.8092172694158,270.697297910516,7089.2170153788
30.1574459141202,58.9572904385882,7089.21732170693
32.8418026845133,485.787632342749,7089.21745123818
43.9221410895425,2129.74438085212,7089.21798591005
61.0641392180686,2173.33839813705,7089.21881308192
171.312842505576,68.6733933608075,7089.22413303505
182.227715716782,335.086514091643,7089.22465972255
188.937636309777,488.256712838364,7089.2249835038
195.465253750089,57.7498431020285,7089.22529848818
198.320904239977,1302.12052251721,7089.22543628505
208.432413278289,1459.73322318582,7089.22592420693
224.859770204499,297.798591342158,7089.22671689443
232.250656082092,1681.74563164314,7089.22707353505
248.572452116561,49.5646995668508,7089.2278611288
259.816960479111,368.213681767315,7089.22840372255
352.016683201739,44.2312401982559,7089.23285273817
357.394787243423,148.140236189143,7089.2331122538
1.98636495798581,233.909225322293,7089.2333338163
10.6018874497709,153.374729583433,7089.23374955068
13.3947194689791,925.947540864058,7089.2338843163
21.9027381391769,377.087555625266,7089.23429486318
36.3639413217528,1499.55503569998,7089.23499267567
52.9729538201897,124.653481980985,7089.2357941288
59.8298826027696,1807.20127751499,7089.2361250038
172.454031139401,41.604508033144,7089.24155958193
180.454644870331,197.118293909782,7089.24194564443
187.975377207269,531.022614769228,7089.24230855068
192.366194840302,133.109023803257,7089.24252042568
195.981495617098,151.029230788247,7089.2426948788
200.603834967696,700.441260548246,7089.24291792567
212.8709246643,384.782011808582,7089.24350986318
216.904583600711,1735.2369541257,7089.2437045038
227.165043607672,21.0826200247594,7089.24419961317
233.999095499671,1962.85343534441,7089.24453001943
347.303561740445,21.537247679726,7089.24999742568
353.421887637571,81.1513287124477,7089.25029266005
356.446241374345,100.353843290879,7089.25043859755
5.82886172408854,120.124674096722,7089.25089134755
12.5990103151557,1098.22695382178,7089.25121803505
22.7373952805931,1411.14553375843,7089.2517072538
39.6456050657178,198.637523096679,7089.25252314443
48.6237908953257,155.805535140274,7089.2529563788
55.8835351149659,1788.47314735719,7089.2533066913
176.746942862068,24.1463377070872,7089.25913884755
179.05438877069,175.645983868655,7089.2592501913
188.209373074082,66.9766395122728,7089.25969195693
195.188376935882,1166.71516892097,7089.26002872255
203.716147846622,318.528647902383,7089.26044022255
211.60342926799,167.431069009183,7089.2608208163
219.190541937747,1556.9938671689,7089.26118692568
241.902985228905,307.239067520726,7089.26228289443
358.215938637126,53.5286814873359,7089.26789547255
4.37894988515939,168.660960198075,7089.26819286318
10.2579826845932,80.3368829793705,7089.26847655068
14.3282317450152,198.258798267403,7089.26867295693
19.8190204781091,30.3230253406728,7089.26893791005
23.3899597507689,1297.49477828511,7089.26911022255
37.1627501153931,210.932007971287,7089.2697748163
43.7573955443713,362.660818042926,7089.27009303505
57.3854443452464,1537.56463117105,7089.27075064443
180.744753450704,271.25202084477,7089.27670323818
186.32458896345,79.455012014229,7089.27697248818
193.981643865859,569.273517214697,7089.27734197255
201.809344869611,204.601696696116,7089.2777196913
207.869061776349,40.2560554335629,7089.27801209755
210.904424908616,1636.81357356893,7089.2781585663
222.993420895131,637.529029567929,7089.27874191005
238.228845735336,1382.73892336116,7089.27947708193
261.590521247828,330.797583769638,7089.2806043788
347.923839724984,43.23775712467,7089.2847703163
356.368068459579,194.237681494513,7089.28517778505
1.64255435089052,123.441756816334,7089.28543230068
4.50363760891607,202.014044381471,7089.28557098818
11.1672538433198,964.744062414979,7089.28589253505
24.0589664222719,106.264663735089,7089.28651461318
27.505887798953,719.495740764131,7089.2866809413
39.7305587704837,499.818297861054,7089.28727083193
46.3650324142313,1336.75248648046,7089.28759097255
67.9554857389502,153.006773917497,7089.28863280068
77.3332489902512,2947.34170402933,7089.2890853163
165.883671322377,21.1937290633957,7089.29335823818
170.317231414166,258.046806145273,7089.29357217568
176.677764615275,516.966636165961,7089.29387909755
184.41868546521,59.5123811342191,7089.2942526288
189.327269852548,370.249136905088,7089.29448948817
194.931390857507,796.062105123951,7089.29475991005
202.170735256149,2077.14978550655,7089.29510923818
218.115296544379,254.527815490846,7089.2958786288
222.702341044967,1420.48806051065,7089.29609997255
256.363333389658,2673.50497296093,7089.2977242538
341.51540532953,27.2642464160811,7089.3018331913
343.483501852227,63.0758847930402,7089.30192816005
348.734349869477,293.732871359254,7089.30218153505
355.623659295776,67.0467362184901,7089.30251397255
358.690431682231,187.844906296419,7089.30266195692
4.92435659014602,1541.47017372708,7089.30296276943
20.2941611413666,424.704882373561,7089.30370442568
25.8597491301643,291.936336216381,7089.30397298817
29.9575218112552,229.202962165331,7089.30417072255
41.5854172170936,561.296398249311,7089.3047318163
50.5160034895023,2042.11958454437,7089.3051627538
171.900739890745,25.5292557926889,7089.3110200663
179.181531511839,158.317733922608,7089.31137139443
189.024928633183,160.43973094515,7089.3118463788
194.653982786204,165.171445964951,7089.3121180038
198.146884674705,1200.24534755458,7089.31228655068
212.995036800405,421.864015942575,7089.31300303505
222.569026806173,247.187714741415,7089.31346501942
232.644269529552,1914.4723584219,7089.3139511913
345.755746993529,25.3445927439477,7089.31940928505
350.258601737515,90.8205038951948,7089.3196265663
3.53240612345322,91.9513076791389,7089.32026708193
7.35947645266453,138.708031172108,7089.3204517538
11.8163506094391,1301.19670593842,7089.3206668163
25.1150881434383,58.8775625476323,7089.32130853505
34.352319273585,450.133763596483,7089.32175426943
46.1893937215354,219.659068712019,7089.32232545693
49.0262634358039,561.296398249311,7089.32246234755
58.2197807176622,3314.51266433191,7089.32290597255
172.444943803448,216.210521708504,7089.32840972255
178.548374633866,102.85036017299,7089.32870423818
181.870306649645,203.865715975304,7089.32886453505
188.758320877336,367.805230716556,7089.32919691005
193.950883637882,1677.44995671626,7089.32944747255
217.056104322443,766.040175737004,7089.33056239443
224.960223664975,1460.55667560319,7089.33094380067
245.739217665295,2517.84681992717,7089.33194647255
346.496177773789,136.729794153467,7089.33680841005
353.462877003791,97.6975098043731,7089.33714458193
0.0652937751992333,116.793838489393,7089.33746317568
8.94018537659893,1536.7823680279,7089.33789142568
24.1046965569225,107.145084471405,7089.33862317568
26.8997952019661,1337.65187815271,7089.33875805068
46.1316411987246,929.835375362842,7089.3396860663
61.6814822390969,25.6897454697924,7089.34043641005
69.4644978919409,3229.24709195149,7089.34081197255
159.36098426163,34.0275030374926,7089.34514984755
171.286457946473,117.355541950914,7089.34572530068
173.805349560739,420.436407910785,7089.34584684755
185.130161933282,1433.96872154256,7089.3463933163
205.041678053727,334.637623167211,7089.3473541288
211.765522286202,1549.25139383977,7089.34767858193
223.586730202521,407.731431950609,7089.3482490038
235.955495119649,2648.1974391146,7089.34884584755
348.923526256181,83.2654431515145,7089.35429701942
356.130489973407,85.3822290647344,7089.35464478505
1.67341155306715,70.4293359743424,7089.3549122538
6.66974759684152,1118.2998971293,7089.35515334755
19.4296708242969,934.350707915144,7089.3557690663
29.4187809743141,287.787849106991,7089.35625108193
42.7528133583237,2270.74847813924,7089.3568945038
67.4061534359787,210.396880473418,7089.3580841288
76.3399778368425,102.02497874312,7089.35851522255
177.471905990348,64.2197892086749,7089.3633952538
183.83211538238,228.217139630615,7089.36370216005
192.267925231786,255.706206209183,7089.36410922255
199.780562417218,1026.93142878252,7089.36447173818
211.922338830755,1101.50688570343,7089.3650576288
227.097859444268,992.998461235572,7089.36578991005
245.816472013784,2230.1387403445,7089.36669316005
347.626196471293,73.3692273602315,7089.3716141913
350.82378674432,77.9027675701371,7089.37176848818
358.519050853816,252.303539172161,7089.3721398163
5.59131101325421,364.314939327315,7089.37248108193
10.4539148887722,640.821340436304,7089.37271572255
16.4472514249955,59.8272612006845,7089.37300492568
18.5445468265818,1096.58326863382,7089.3731061288
29.3813826913242,1857.08248778838,7089.37362905068
52.2010059572981,730.278337801593,7089.3747301913
63.0038420575495,327.142257727786,7089.37525147255
173.818235427942,36.9080113693521,7089.38059872255
182.863773130684,124.653481980985,7089.38103520693
191.308001902975,230.999372408114,7089.38144267568
196.856104352457,747.770123599167,7089.38171039443
205.14425835643,184.106840883658,7089.38211033193
212.504706407063,980.813985584916,7089.3824655038
231.114843727764,1635.34352726202,7089.38336351943
354.327144643637,127.485175194231,7089.38930901943
1.89482891962264,34.6600699530075,7089.3896741913
6.73411869245873,316.160403412979,7089.38990770693
10.9215858090496,227.887583803543,7089.39010976943
19.8104010122335,1323.19033507855,7089.3905386913
35.1387583786973,167.655361815733,7089.39127834755
38.508289951675,1371.38689293437,7089.3914409413
68.3380025245598,2469.62650329863,7089.39288034755
168.828469723768,74.9526898879971,7089.39772942567
181.638906903194,353.63750816586,7089.39834758193
186.75116561605,282.250389727068,7089.39859426943
191.163030688232,422.931578647479,7089.39880716005
197.902093834188,1539.90908913215,7089.39913234755
211.610446758145,805.074340526346,7089.39979383193
218.756534821452,1400.02387460925,7089.40013866005
247.673436507705,1446.49270339414,7089.40153401943
345.580250842906,115.580996162823,7089.40625842568
352.587425868133,45.487762861951,7089.40659655068
355.764292511087,94.7688455488205,7089.40674984755
2.38354724135418,283.313483784298,7089.4070692538
8.77484211619494,149.403184268593,7089.40737766005
13.984242873296,669.275246334422,7089.40762903505
22.5900511681959,1507.55274930248,7089.40804430068
35.2241333501347,89.1500970268133,7089.40867198817
38.7607492000118,45.0206816271503,7089.40884264443
52.6637097953611,2347.81527552741,7089.40951351943
175.897381921764,55.0855784597903,7089.41546005068
183.204401927224,867.618477062848,7089.41581264443
200.768967695657,783.117126701427,7089.41666020693
207.860656248866,1192.20344707571,7089.41700241005
221.913539315483,2012.46197484295,7089.41768051943
247.739059351688,177.878184404179,7089.41892670693
354.827086261558,47.1359444531583,7089.42409414443
358.49387234216,104.840622294766,7089.42427108193
1.74197645407054,27.5214625394815,7089.4244278163
8.03904356634836,241.808434386925,7089.42473167568
13.08233154917,213.059112019742,7089.42497503505
18.2658277309821,642.695063834964,7089.42522516005
30.9062664272175,38.9513837850686,7089.42583511318
32.3355487941548,1194.21905697692,7089.42590408193
45.7774088088276,1933.22380326322,7089.42655270693
75.4481322563189,106.087708062752,7089.4279844413
174.289452460061,40.9501738074525,7089.4327539413
183.487179259906,86.6383215170075,7089.43319776943
186.195497713437,230.836641468279,7089.43332845693
189.647923806713,916.155762364923,7089.43349505068
204.037889558028,229.857827216406,7089.43418942568
209.324680081136,1144.86653490786,7089.43444453505
223.428400795712,1791.1606642329,7089.43512509755
253.561196326499,300.061336888646,7089.4365791288
354.875103785916,63.5211327981722,7089.4414679413
1.26283676092131,185.428797316867,7089.44177617567
6.38869545496478,129.023403072637,7089.44202351943
16.8402013842664,991.180248988144,7089.44252784755
25.1497266364654,965.367008554097,7089.4429288163
33.8963907862034,217.596496376871,7089.4433508788
40.1134776975627,39.3711972745958,7089.4436508788
47.9699975205911,2042.11958454437,7089.44402998818
175.176692161929,33.6457459115813,7089.45017667568
180.746813440093,192.976065682693,7089.45044545693
191.067177786834,262.522364957718,7089.45094345693
194.185759210779,222.548340866879,7089.4510939413
200.524921201358,1447.32370532807,7089.45139983193
216.586376698985,227.722618539872,7089.45217486318
220.034269502894,1042.04267437069,7089.45234123818
236.236904626739,371.465053161657,7089.45312308192
251.342483007599,533.564081806048,7089.45385198818
346.812328783908,25.228492905871,7089.45845880068
354.153024631694,73.5610392044173,7089.45881301943
357.885219655583,81.4978917684783,7089.45899311318
6.40975243786827,193.46227397854,7089.45940445693
11.9319503874537,184.208856501833,7089.45967092568
14.4200803279874,72.7907456532506,7089.45979098817
22.7561577359314,920.085008182525,7089.46019323818
38.7107570301233,541.116929042573,7089.46096311318
46.2852412967033,1458.08476403886,7089.46132861318
65.2470325597341,404.028088762942,7089.46224359755
175.761581025287,34.8459178178828,7089.4675763788
184.42049359398,165.739227897532,7089.46799420693
192.501735219372,976.513425676728,7089.46838416005
199.837897740096,176.286624187227,7089.46873816005
211.756247662965,435.5382721144,7089.46931326943
216.832240060886,1451.47205365959,7089.46955820693
240.371685436695,1299.3470743794,7089.47069408193
257.536673821131,2302.30279285593,7089.47152236318
341.958885645206,64.9109307970797,7089.47559608193
348.844633209366,119.889834171438,7089.47592834755
355.898436439957,195.779281675357,7089.47626872255
359.426957062937,326.22202161825,7089.47643898818
7.61829286943529,59.8272612006845,7089.4768342538
10.9567390349974,1098.77429377292,7089.47699534755
16.7328013399069,1642.68032509796,7089.4772740663
38.4932531478161,998.43289191881,7089.47832409755
58.6197768360431,1976.28535758554,7089.47929528505
177.509259497081,73.8160227387041,7089.4850321913
184.833441195084,400.665778332865,7089.48538561318
194.459564122811,323.677862290594,7089.48585011318
198.197263825598,731.101235107445,7089.48603047255
204.887756024822,387.894522058119,7089.4863533163
209.550894979722,71.027052295225,7089.48657833193
218.391786854327,1611.64170897621,7089.4870049413
240.307342078719,1480.18441947784,7089.48806245693
355.748725261706,89.8324470366418,7089.4936519413
0.84770795323287,60.3743582905381,7089.49389798818
3.51976009182943,361.830926332019,7089.49402692567
13.2747580516734,291.936336216381,7089.49449764443
16.5400239315191,939.484601225615,7089.49465520693
34.5057860539367,1900.6038964875,7089.4955221288
49.2577676003147,363.902102895608,7089.49623397255
59.4450473969509,183.391066221894,7089.49672555068
73.9716595605093,1784.43448906052,7089.49742651943
169.044842196809,31.7975194785713,7089.5020141913
174.999969563642,236.624525529194,7089.50230155068
183.803947467465,256.146714949779,7089.5027263788
191.579839433727,1357.28484007558,7089.50310159755
204.250068263378,49.2318893985377,7089.50371298817
207.865369115566,1319.55024684771,7089.5038874413
228.935141404296,1787.12800114056,7089.50490414443
257.995813264767,2045.64964967346,7089.5063064413
344.153304733062,132.188329726723,7089.51046389443
351.691522609315,140.190137276619,7089.51082764443
354.982692989058,91.4390299588952,7089.51098645693
1.64630922346163,648.283871029776,7089.5113080038
8.19400267569643,1035.0956758387,7089.51162395693
20.4112260761771,1840.17001636505,7089.51221348817
36.2706262936667,222.041204867018,7089.51297876943
45.2222600052258,52.6884473550648,7089.51341072255
52.436995064882,1801.87020859535,7089.51375886318
73.2114557758354,445.771558554853,7089.5147613163
174.013425006617,30.3810587798381,7089.51962542568
181.953486855007,132.89712386122,7089.5200085663
189.003728223459,923.997489632455,7089.52034876943
199.538776253514,362.868013414896,7089.5208571288
205.141278213094,230.836641468279,7089.52112747255
210.721437534916,47.1110234157024,7089.52139673818
213.630192336293,1494.7360016393,7089.52153709755
230.947046084148,411.035927516679,7089.52237270693
242.885148134472,931.773214141174,7089.52294876943
342.443699975442,26.1653129718376,7089.5277528788
352.51343794453,54.0960609640706,7089.52823878505
358.435537049492,151.897563971382,7089.52852455068
10.6857887118437,219.659068712019,7089.52911567568
10.8473682344525,237.891623067199,7089.52912347255
18.1637785523295,269.445049605466,7089.52947651942
27.7147783398842,355.54503785562,7089.52993739443
31.8316556056697,1393.13560687526,7089.53013605068
52.0174359024369,224.230509160428,7089.53111009755
59.4228930376619,972.812164157233,7089.5314674413
175.026710847126,79.867765179209,7089.53706678505
183.684975835363,214.99045599338,7089.53748458193
190.182479257792,189.735852029749,7089.53779811318
197.802944036191,270.83610354417,7089.53816583193
205.824605168575,1029.85464600636,7089.53855291005
214.82999077208,52.9108527824729,7089.53898745692
220.209390012372,1355.51170288295,7089.53924703505
260.605559907195,2160.01860842141,7089.5411963163
336.200803533842,46.3318619581266,7089.54484409755
342.073036380377,69.6244034648075,7089.54512745693
349.568511760178,247.946663201049,7089.54548914442
353.634551415702,54.4422840143,7089.54568534755
359.87980949049,558.073642853429,7089.54598670693
6.12862946511237,751.77963854145,7089.54628823818
11.2975543892923,357.862683930676,7089.54653766005
18.9238476556663,283.048084970261,7089.54690566005
22.8383457568461,67.2565753090382,7089.54709455067
25.3938275328179,1704.47289615794,7089.54721786318
39.0306191410466,1568.5357457329,7089.54787589443
63.3345718645109,117.515538966551,7089.54904866005
74.6678032353324,714.46421001653,7089.54959553505
173.364705684401,47.9265412078878,7089.5543580663
184.102780497214,221.70244806663,7089.55487622255
192.122822621915,250.209686303293,7089.55526322255
200.148045654134,951.566492268796,7089.55565047255
206.603778007337,460.042504091263,7089.55596198818
218.276682535464,297.546098870782,7089.5565252538
225.954137258872,1431.45073572271,7089.55689572255
247.758302990462,2120.69117822011,7089.55794786318
344.33589113387,68.6733933608075,7089.5626081288
351.701196282946,223.222718087612,7089.56296353505
358.604429386421,301.560415527646,7089.56329664442
2.97160918308817,395.758703586324,7089.5635073788
10.2449532331327,304.783087656801,7089.56385834755
14.4214109165345,1671.70510767534,7089.5640598788
28.5134745797691,1334.05109181695,7089.5647398788
49.7697595014735,1313.15569529278,7089.56576558193
84.2234304703363,172.842365420145,7089.56742811318
172.665701362723,56.4750399223435,7089.5716958163
182.121825807259,257.025428718194,7089.57215211318
189.321989571587,156.767321346507,7089.57249955068
195.18871777692,506.984509929254,7089.57278264443
202.479641129663,393.473281734558,7089.57314383193
206.934248660602,798.324684136986,7089.57335878505
217.323907584148,1296.56774205955,7089.5738601288
242.262197499935,880.00384756981,7089.5750635038
260.756735847542,1642.68032509796,7089.5759559413
334.36866396262,27.3287781293874,7089.57950801943
338.623806648333,65.4514220599367,7089.57971334755
350.40615777711,227.557542253898,7089.58028189443
357.856947881395,125.85353592609,7089.58064142568
5.48809824621163,536.653999017034,7089.58100966005
11.044295884896,293.732871359254,7089.58127776943
14.7117295082579,1535.21662049627,7089.58145473817
29.4368351275111,115.255416321958,7089.58216528505
38.2871174276215,197.308835936383,7089.58259234755
42.5124699045261,2289.73306981572,7089.58279623818
69.622854515299,770.344843470383,7089.58410442568
166.234118576426,30.477540630125,7089.5887663163
176.895127432308,110.171156919581,7089.5892807538
182.414087253438,203.681307930914,7089.5895470663
191.151037206291,235.988451002811,7089.58996866005
198.048118012716,572.433267453931,7089.59030147255
204.045987876002,403.655886493937,7089.59059089443
210.559681676834,1338.55049266884,7089.59090520693
223.49737472991,375.889819270725,7089.5915295038
233.21448732944,1792.50281284737,7089.59199839443
347.297060823665,26.0303219951075,7089.59750334755
351.911952640909,50.1769216454395,7089.59772603505
358.407189437502,54.0960609640706,7089.59803945693
5.70999992497473,238.994796175618,7089.59839184755
11.0994371712277,331.705135581117,7089.59865191005
15.0958583654777,234.550934230526,7089.5988447538
26.1813776780254,1480.18441947784,7089.59937967568
38.630770376528,1303.96626829565,7089.59998041005
55.2977442095051,383.020087868502,7089.60078466005
77.030672509834,224.230509160428,7089.60183336318
182.434257461139,152.637930073141,7089.60691951943
190.487975465863,283.578660553729,7089.60730814443
197.576425966009,166.643684962331,7089.6076501913
201.192374360957,980.200698386113,7089.60782467568
215.435331922687,1353.73645626657,7089.60851195693
232.119791332675,286.741325128403,7089.60931705068
249.233294488697,87.7694930623285,7089.61014284755
253.871824217699,1576.94635127825,7089.61036667568
344.416505765975,47.5575863412292,7089.61473995693
347.464173605431,100.820830850612,7089.61488701943
351.899352742599,69.4893448338618,7089.61510103505
0.766796772949041,220.683124552146,7089.61552892568
6.00339726625085,1202.24752375719,7089.61578161318
16.848652053879,263.094324104429,7089.6163049413
23.9911782927425,92.8156718149609,7089.61664959755
28.4781664674011,1247.40862084138,7089.61686611318
42.1502530010322,1667.38367557429,7089.61752584755
66.0954279824966,58.6377335576316,7089.61868130068
91.8335202090371,155.684895530861,7089.61992326943
172.041388989397,39.5497523619781,7089.6237936288
178.039258814987,158.436361252789,7089.62408305067
191.303025232659,144.805070712017,7089.62472308193
197.229333817912,625.629381634241,7089.62500905068
203.181546940759,126.523569399239,7089.62529626943
208.684640230257,272.90936177593,7089.6255618163
212.851383716773,751.77963854145,7089.6257628788
225.685134923489,920.085008182525,7089.62638216005
237.342172882288,1693.14728903913,7089.62694466005
348.756579946827,99.41330397778,7089.63232086318
355.489166986657,82.9829052695352,7089.63264573818
0.0127453230214591,39.1318574766153,7089.63286401943
4.60205641174865,455.445237079743,7089.63308547255
8.4106697367209,254.232385143993,7089.6332692538
16.3296842213525,229.530630613262,7089.6336513788
24.3613833596979,1824.419393337,7089.6340389413
46.8154289684697,1314.07096315428,7089.6351224413
56.3275719684828,114.437410936308,7089.6355814413
75.6199698100849,1076.6638691706,7089.6365123788
169.578610088691,44.4431297319525,7089.64104626943
175.607889206164,209.3225037747,7089.64133720693
186.413963397175,346.119272132128,7089.64185864443
189.902979614461,344.159478693484,7089.6420270038
194.359529999855,418.645007549401,7089.64224205068
201.583655485017,105.999112265387,7089.64259064443
206.189480648136,675.08931778093,7089.64281289442
217.489036138934,1502.75925037135,7089.64335814443
234.889108178467,791.517407172648,7089.64419776943
243.772418702753,1732.46283985407,7089.64462642568
343.917384294378,73.2410729287203,7089.64945883193
353.557430899281,96.5853508283487,7089.6499240038
359.805603255752,448.125703211844,7089.6502255038
6.66188438248364,354.486551223943,7089.65055634755
9.01952035860837,229.530630613262,7089.65067011318
17.5142629697819,65.3077314449746,7089.65108001943
21.7609866195208,1351.06892340531,7089.6512849413
36.810870253979,2095.59325448083,7089.65201116005
59.4316762928782,467.496985567806,7089.65310270693
92.2060861353025,420.436407910785,7089.65468420693
173.640203885293,38.0978859571002,7089.65860547255
181.289811216653,138.708031172108,7089.65897459755
184.722485107082,206.793915324965,7089.65914023818
194.510187519721,261.087013120331,7089.65961253505
204.088063196705,782.348963390689,7089.66007470692
214.731586550967,410.303901965392,7089.66058830068
218.748407528519,1327.72648431256,7089.6607821288
234.715311454508,2031.49275179726,7089.66155259755
267.513035399614,230.184565852554,7089.66313522255
347.059367289147,45.9501048322153,7089.66697366005
350.66042057969,138.708031172108,7089.66714742567
356.222446781741,101.285653475447,7089.6674158163
3.15126061373389,206.065775554265,7089.66775016005
9.98260866779673,1267.49089002232,7089.66807980068
19.2114208750576,531.305610618205,7089.6685251288
27.9405994477843,99.1293991337017,7089.66894634755
35.7430435320952,1397.44482652304,7089.66932284755
49.9150874339444,474.834505048705,7089.67000670693
64.3766145009883,496.499230617786,7089.67070453505
173.559670148913,40.8640517257641,7089.6759730663
186.566981738655,163.915367390466,7089.67660072255
189.810228714426,173.276643034015,7089.67675722255
192.830049161834,226.730356711613,7089.6769029413
203.180527451066,82.8129162466773,7089.67740239443
205.721114122634,1002.03956243661,7089.67752498818
214.963526197995,472.931360739892,7089.67797097255
224.511935512942,447.118286839299,7089.67843172255
233.052334864556,56.6825891779033,7089.67884383193
241.5665058695,1504.35874868293,7089.67925467568
263.177682824293,1392.27218642901,7089.6802975038
341.935221836261,88.8333989701451,7089.6840978788
345.702064129705,131.332722475008,7089.68427964443
348.943692097793,62.8894367138422,7089.6844360663
358.047514981847,435.5382721144,7089.68487536318
358.339588544257,902.934949031931,7089.68488945693
11.4265564881447,149.528889270556,7089.68552095693
12.866848288271,703.011704406009,7089.68559045693
20.9662230711304,1314.07096315428,7089.68598128505
30.8309914030049,383.608284026948,7089.68645730068
42.4870579722719,2461.82341179235,7089.6870197538
68.2261216260401,73.3051813694985,7089.68826176943
76.8209204877506,355.122015127662,7089.6886765038
170.587219645408,27.9868853786391,7089.69320111318
180.242161354715,195.29883266145,7089.6936670038
186.602370746748,122.754903464362,7089.69397391005
190.274013925793,292.964291714881,7089.69415108193
201.683987444469,875.208128192639,7089.69470166005
210.269719765142,1589.10018477343,7089.69511595693
226.921854862616,180.707643293587,7089.69592055068
239.016355565726,1470.40335463089,7089.69650416005
352.456496791515,149.277382122115,7089.70197811318
357.791210680899,58.2761408574051,7089.70223553505
359.556280533926,62.0624038272233,7089.70232070693
5.99744162949733,486.715001635218,7089.70263151943
15.6844401357515,243.511877329183,7089.70309895692
18.4303202159123,566.096169940522,7089.70323145693
28.9012545766806,1367.87503546287,7089.70373672255
40.1069061139922,1622.05393561266,7089.7042774413
58.4359793054724,323.445603633843,7089.70516189443
71.3361108450062,39.697932441296,7089.7057843788
171.631322716975,34.6431251740942,7089.71062403505
185.617825450774,104.12128798043,7089.7112989413
192.549553526754,298.55476424423,7089.71163342568
199.441777234737,969.71697338688,7089.7119660038
214.190844499432,1284.45443170477,7089.71267770692
224.120698040909,116.793838489393,7089.71315686318
234.947172052918,51.9703412249495,7089.71367928505
239.460712383321,1703.06124758213,7089.71389708193
352.932910443754,38.2516934793742,7089.71937258193
355.669400136105,134.582983646325,7089.7195046288
0.488613897018819,166.418032132576,7089.71973717568
10.3799344223344,129.894206502001,7089.72021447255
14.2160713302792,1290.99109180686,7089.72039958193
25.4356465824631,1123.66349558357,7089.72094097255
45.132478868809,297.293412110378,7089.72189142568
52.4903364845309,326.912413806113,7089.72224647255
59.0163348794636,1978.71763418789,7089.7225613788
171.414790261896,29.5184536536208,7089.7279850663
179.579897721725,252.898590957784,7089.7283790663
190.704597630891,805.820854488104,7089.7289158788
204.218990313128,1519.47032733801,7089.7295680038
220.501605713284,78.5632323085927,7089.73035370693
223.326494567136,412.13155110853,7089.73049001942
235.481223306013,506.094277596958,7089.73107653505
246.039585476446,1796.52337450875,7089.73158601943
352.702130502422,195.202604080791,7089.73673292568
356.188880093873,58.3566875378416,7089.73690117568
2.13122044585258,71.6853312821009,7089.7371946288
3.79850067417814,136.935782157899,7089.73727508193
10.0874726349502,506.094277596958,7089.73757855068
16.5024053838525,1312.23965027516,7089.73788809755
29.3889370929821,631.369179160401,7089.73850992568
40.4087236154714,316.872722505579,7089.73904167568
45.4034405761699,235.350627875164,7089.7392826913
56.9176798256749,1769.54706443411,7089.73983830067
173.693029126267,69.0145371406992,7089.7454731913
183.205819744432,285.164392099801,7089.74593222255
191.068815635891,482.37203120749,7089.74631164443
194.273529708589,41.0647175985712,7089.74646628505
203.268553497056,369.436314873184,7089.74690033193
210.285118910093,1583.0348143453,7089.74723891005
226.000425181985,383.216264276953,7089.74799723818
236.470711886906,838.72497835813,7089.74850247255
262.640762141163,1440.66181206881,7089.74976528505
337.743819704325,48.2683545910412,7089.7533893163
350.595056488052,43.6432487371796,7089.7540094413
350.929224891067,227.557542253898,7089.7540255663
357.908552599638,202.199965104732,7089.75436234755
5.42734208212053,1203.24716856857,7089.75472516005
19.8982594992778,1168.77463263165,7089.7554234413
33.8144961913476,75.4523804546992,7089.75609495693
38.0136202838873,217.941623081863,7089.75629758193
56.8309938676368,1990.83483032325,7089.75720559755
176.079578042055,146.866435679627,7089.76295983193
183.842517682976,43.6432487371796,7089.76333442568
187.396619034473,256.439924850582,7089.76350592568
193.532106661838,331.478455795065,7089.76380198817
198.262921261251,32.2922348583443,7089.76403026943
200.480348925297,247.491582783255,7089.76413726943
204.456046489473,1474.48653287086,7089.76432911318
225.064394426147,138.165145990854,7089.76532355068
231.797305237356,1499.55503569998,7089.7656484413
0.501042429082172,44.1249189964132,7089.77185892567
2.42574895026275,216.384243856282,7089.77195180068
12.4699061531374,1196.23111416445,7089.77243647255
26.8443292195925,186.035770122217,7089.77313009755
30.0781858075545,269.305550082422,7089.77328614442
38.5318050053511,1426.40155242901,7089.7736940663
55.095484572424,76.931981618511,7089.77449333193
64.9136247743271,2136.50896974116,7089.77496709755
169.656725441587,41.5197425052138,7089.78001591005
177.271685465696,263.379817955212,7089.78038336318
185.112662566169,333.512772954236,7089.78076172255
190.801297061413,155.443338756278,7089.78103622255
194.504025647874,1070.50335262926,7089.78121489442
203.641200602875,1346.61148898374,7089.78165580068
220.080538427198,123.973331600524,7089.7824490663
233.386399610083,624.186147213379,7089.7830911288
239.801332358985,2304.39090032064,7089.78340067567
357.535149248953,836.571589779567,7089.7890818163
7.05830164445897,221.023435664769,7089.78954134755
10.7798110065384,249.909148930527,7089.78972092568
19.1479452491258,70.7620212425653,7089.79012472255
21.5421713115647,1343.03479448761,7089.7902402538
33.2788657375981,1292.85260275225,7089.79080659755
56.639893631939,271.25202084477,7089.79193386318
63.8598095991138,966.611901631609,7089.7922822538
171.905008862056,96.2443180707595,7089.7974958788
178.786546983621,33.1003419118403,7089.7978279413
189.54048829037,377.684994390393,7089.79834686318
192.486804605289,229.366858839342,7089.79848903505
204.543419948084,1112.91043047856,7089.7990708163
215.552520921853,1040.88804242508,7089.79960205068
228.366843697101,342.408018605411,7089.80022039443
241.135509769607,2050.34700329065,7089.80083653505
350.092872263332,129.749488930742,7089.80609417568
358.596033872783,92.409913055036,7089.80650448818
1.18940100906903,60.1795349663981,7089.8066296288
6.88289264045244,1117.22409101844,7089.80690436318
21.8191201562732,217.7691360572,7089.80762509755
27.077739478257,216.904619265712,7089.80787884755
32.6070611521206,1306.72983544855,7089.80814566005
51.6468898747025,2372.27237853688,7089.80906441005
178.246531711944,120.280993498589,7089.81517336318
184.475275636948,169.328037702421,7089.81547392568
188.910454811813,53.4408593766411,7089.8156879413
194.663850632192,911.550335214173,7089.8159655663
203.301068143584,1423.02547523343,7089.81638234755
215.73588962215,291.936336216381,7089.8169823788
228.73219170331,343.065881258653,7089.8176095038
236.849699643637,1592.1242102479,7089.81800120693
349.684654687284,48.4383540222399,7089.82343133193
359.475595152986,209.501943571055,7089.82390378505
3.19386646200252,53.5286814873359,7089.82408320693
10.3716875508765,263.094324104429,7089.8244295663
14.6478776757396,1171.85716685952,7089.82463591005
28.6521897956259,295.009433548543,7089.82531167568
36.8027259601275,1400.02387460925,7089.82570497255
58.8853653860266,244.282233330395,7089.82677055068
71.1051792214186,415.762729799596,7089.82736020693
172.800854678745,49.4223412195183,7089.8322674413
183.04350537501,125.179921983687,7089.8327616913
190.536390357596,216.03664690506,7089.8331232538
196.160263527706,952.829259937005,7089.8333946288
209.834616687173,284.900714131453,7089.83405447255
217.482605048545,1118.2998971293,7089.83442351943
242.531312954514,2347.81527552741,7089.83563222255
346.351159778247,56.1831761669573,7089.84064195693
352.348705832457,93.5215030417602,7089.84093136318
356.420250129183,116.954612661146,7089.84112783193
5.40555975846086,390.21263997796,7089.84156141005
10.3934768039573,859.262383468007,7089.84180209755
16.8919516536133,1492.32060042692,7089.84211567568
32.967330866113,100.540901992741,7089.8428913788
41.4611020123626,1599.65918289373,7089.84330123818
67.9196639291941,754.175111250532,7089.84457797255
164.273825544238,29.3388854877286,7089.84922745693
177.890217331468,203.681307930914,7089.8498845038
183.327901753072,230.021252045631,7089.85014689443
189.649902013412,51.9703412249495,7089.85045195693
193.074480714639,136.729794153467,7089.85061720693
196.238718879023,440.343400631704,7089.85076989442
204.787537228915,974.66457127382,7089.85118241005
216.088387918321,1334.95225984603,7089.85172772255
235.140197463623,423.641788316331,7089.85264705068
241.393550727613,369.232783237194,7089.85294880068
357.895283394642,61.5684794813554,7089.85857048818
359.146472126883,89.0446605339434,7089.85863086317
8.70848134762701,198.82660795556,7089.85909226943
13.638436983191,213.587564301676,7089.85933016005
19.3108812131203,168.994832017155,7089.8596038788
24.9638970115825,88.4624803965117,7089.85987666005
31.9082841198889,1436.48226647031,7089.86019108193
51.2890811229915,914.84231301564,7089.86112628505
65.3377547470138,936.279165308918,7089.8618041913
167.958869456452,61.7969286853537,7089.86675608192
177.983274531872,152.391543828401,7089.86723980068
183.366559405682,220.683124552146,7089.8674995663
193.515953804309,871.076544228799,7089.8679893163
204.160772319483,1156.36256126095,7089.86850297255
218.829859383259,859.961823973521,7089.8692108163
230.376803085559,1319.55024684771,7089.8697680038
353.19308851727,53.396891075419,7089.87569439443
357.582934723074,53.5725422357025,7089.87590622255
0.432756724987344,89.2027771093318,7089.87604373818
6.19748578763179,126.077273621128,7089.87632191005
11.0766037752373,302.307151534009,7089.87655734755
15.835913384851,264.376659453447,7089.8767870038
20.5320806016215,283.313483784298,7089.87701361318
29.0400993095154,304.289510255629,7089.87742416005
34.0024356264948,1204.24614724612,7089.87766361318
50.0376627397571,2238.74940807889,7089.8784373788
179.013721328743,206.065775554265,7089.8846610038
185.372635522168,241.341752138524,7089.88496784755
192.447486154214,91.6442893794667,7089.88530923818
196.618115311945,1360.82412005578,7089.88551048818
211.38661097041,1083.34441417668,7089.8862231288
224.767271522088,769.564023617164,7089.88686880068
240.625376465577,1368.75377698686,7089.88763401943
353.628054947056,55.6370852167198,7089.89308686318
359.206919032574,328.51774078857,7089.8933560663
7.6482335608779,207.881364899798,7089.89376339443
12.2012782969747,256.146714949779,7089.89398309755
20.2044825005119,1487.47791861581,7089.89436928505
36.1642627022224,70.2958247167373,7089.89513941005
38.7854771928606,1298.42125939916,7089.89526589443
60.0958378155865,98.2727649256887,7089.89629420692
73.673049006199,1546.14354652693,7089.89694936318
169.872848020855,47.9755193905085,7089.90157828505
174.032143936321,135.140260093536,7089.90177898818
185.251071570353,966.611901631609,7089.90232034755
198.841235010914,1359.05564579986,7089.9029761288
214.0701836696,88.6216378059856,7089.90371098818
216.555399403843,1205.24434876756,7089.90383091005
233.078279328919,2238.74940807889,7089.90462820693
347.588925179645,21.0408045153709,7089.9101538163
352.559356648131,112.700279664146,7089.91039366005
0.322620135823843,112.449924372093,7089.91076826943
5.94293144379489,111.189703277947,7089.91103947255
12.1486851505853,1343.92985629006,7089.91133892568
28.4060435936042,63.4101174346036,7089.91212341005
32.6598910807092,303.547659230574,7089.91232867568
39.0197767013623,1476.11689538252,7089.9126355663
64.2621210022794,2576.38754774803,7089.91385361318
167.668142993459,65.0915918387618,7089.9188433788
175.695632651514,126.449295478892,7089.91923073818
181.09640306464,260.510668592673,7089.91949134755
189.414671086497,957.236179210952,7089.91989273817
198.209258640206,1432.29050841853,7089.92031711318
216.495265526158,61.7589174245481,7089.92119948818
219.987196062823,1535.99966079554,7089.92136798818
245.702297995757,479.559336685753,7089.92260884755
273.414639117437,1548.47501487865,7089.92394608193
338.63252849003,76.1957719142003,7089.92709311318
352.162140085747,62.5148682820154,7089.92774597255
357.291236795158,280.648199124656,7089.92799347255
2.60781752707441,1191.19436536863,7089.92825001943
13.4971100474588,242.893816171375,7089.92877547255
24.6888379075941,1513.92054448252,7089.92931551943
40.2529264719148,91.1302977524286,7089.93006655068
45.1414348096336,420.793760946836,7089.9303024413
56.0576032571427,205.151950982696,7089.9308291913
59.5715525847939,166.981581339876,7089.9309987538
73.0661931018806,1226.01739871442,7089.93164992568
174.511242256946,57.9122895472128,7089.9365450663
182.146925911129,187.344112445587,7089.93691351943
190.461308224075,760.921381459667,7089.93731472255
197.444521603861,612.518091802627,7089.9376516913
211.879496477464,1368.75377698686,7089.93834823818
227.044979085015,803.579314201386,7089.93908003505
253.268781193522,1394.86078243323,7089.9403454413
341.407296983029,22.168655799959,7089.94460159755
346.444432593408,113.033221671444,7089.94484466005
350.797364866127,73.0484145394783,7089.94505470693
359.052814379608,127.190077914285,7089.9454530663
2.49131679570768,1016.33812477075,7089.94561898818
12.7569577101869,124.124807654447,7089.94611434755
15.9367386725196,416.124107394111,7089.94626778505
23.1398167185308,226.564572658461,7089.94661536318
32.6250837537231,1674.5800301976,7089.9470730663
42.5562324561119,929.835375362842,7089.94755228505
63.2354940149708,112.700279664146,7089.94855014443
70.1189749909917,296.026730906007,7089.94888230068
175.239229149545,39.4903242051381,7089.95395478505
187.561365861309,112.366352333915,7089.9545493788
189.30668351149,234.711083901828,7089.95463359755
196.452771574797,213.763437506564,7089.95497842568
204.73898276201,989.358817093944,7089.95537826943
217.999834822607,1152.19545016032,7089.95601816005
230.278257686084,148.267023658555,7089.95661064443
243.158313251391,105.466003985644,7089.95723216005
267.146230729308,1924.49589597743,7089.95838967568
337.988964736935,60.4132438519756,7089.9618081288
345.987635613409,43.2920435611273,7089.96219409755
354.528358811794,900.267527192966,7089.96260622255
0.00749041815533147,148.393700105665,7089.96287061318
7.68235470665234,173.276643034015,7089.96324095693
14.7743671066333,1307.64965522445,7089.96358317568
27.9102298440241,73.8796315791213,7089.96421703505
34.4598661507143,1717.12477570196,7089.96453308193
56.8093222195821,1057.50663781379,7089.96561153505
72.2519832851391,215.688480964538,7089.96635670693
177.548064414857,48.7765799972451,7089.97143767568
188.244044387065,330.797583769638,7089.97195380068
197.139011924995,387.312848459942,7089.97238301943
204.247214627988,975.281300163999,7089.97272601942
213.754500529558,1289.12680530391,7089.97318478505
235.271125950409,305.275860146281,7089.97422305067
243.271415909959,1480.99654762035,7089.97460909755
351.705183123709,109.82953435601,7089.97984147255
357.112429680657,58.3969192446965,7089.98010239443
1.22056413908904,342.627454186228,7089.9803006288
5.95915008093227,174.465331070905,7089.98052928505
13.0621719141024,199.957397861716,7089.98087203505
18.5688271034358,1387.08033947665,7089.9811377538
31.0972286510213,1090.53543972948,7089.98174230068
48.1935700768036,205.517963758339,7089.98256726943
54.570941274468,266.359156952944,7089.9828750038
67.7202264269088,618.379625283438,7089.98350458193
175.284896677707,67.3612624013664,7089.98869501943
181.357242025317,94.8679260148744,7089.98898803505
192.887995424606,773.071773263467,7089.9895444413
200.470251033616,271.667299767131,7089.9899103163
205.320550239641,206.065775554265,7089.99014436318
215.977673386611,81.0934236428196,7089.99065861318
218.4405464454,1073.86810554999,7089.99077745693
230.021813645875,1954.25786664316,7089.99133630067
358.010585863905,126.0027499006,7089.99751228505
2.71711497110453,137.072908579228,7089.99773939443
5.89301022452618,155.805535140274,7089.99789264443
12.2321722151048,70.4959979280773,7089.99819853505
16.3076021830455,658.406773546005,7089.9983951913
23.2853108462372,1421.33438352232,7089.99873189443
43.2104267970861,426.470830872105,7089.99969336318
56.6179633135841,2020.80996380971,7090.00034033193
176.726254063144,38.0053037651873,7090.00613605068
181.613467202255,127.70605406498,7090.0063718788
188.562680892943,982.039227714893,7090.00670720693
203.860276585675,942.679045934369,7090.0074453788
211.343771142755,229.857827216406,7090.00780648818
217.867502911852,37.8815069590477,7090.00812128505
224.394148962632,1698.81952949424,7090.00843622255
247.989612856222,1869.98794227122,7090.00957480068
348.470365896242,180.187018083977,7090.01442341005
353.140628613115,122.984275541249,7090.01464876943
0.0474236164260056,65.8806134645751,7090.01498205068
4.52016430483233,1284.45443170477,7090.0151978788
19.7607700148595,1083.89919262208,7090.01593330067
29.2000565382321,413.951123379164,7090.01638878505
42.5538411627844,188.344354001835,7090.01703316005
46.33493094248,369.842934055953,7090.01721561318
58.6049348453746,2798.32912397637,7090.0178076913
174.834346190537,111.105180611304,7090.02341623818
185.528707117366,261.805688239747,7090.02393228505
192.199776062787,291.678792230243,7090.0242464413
197.368053406511,1433.96872154256,7090.02449583193
209.7319611875,153.74179707095,7090.0250924413
216.608642172927,65.6305912394295,7090.02542426943
219.811413353473,1125.801785129,7090.0255788163
234.989200592821,630.416219227214,7090.02631120693
249.627202211486,395.378729756146,7090.02701755068
355.695885953453,66.6250457581619,7090.03213580068
358.731896703872,61.5684794813554,7090.03228230068
4.48237831796042,184.310816608857,7090.03255978505
14.9180177156301,330.115296209854,7090.03306334755
18.3969959269546,331.478455795065,7090.03323122255
24.9233182063552,55.1707811380364,7090.03354614443
28.7011698952916,681.295131421678,7090.0337284413
34.4872702438584,1023.41246588367,7090.03400764443
56.33644506004,1700.23461976143,7090.03506195693
174.60616186178,31.926513516245,7090.04076895693
188.848147996283,1012.78241348979,7090.0414561913
201.640451942849,505.202490952428,7090.04207347255
207.332324528853,123.36562327242,7090.0423481288
213.937331810565,1595.14246256265,7090.04266684755
235.33155834312,529.321586562048,7090.04369920693
243.56336998254,319.471060716836,7090.04409642568
353.93155787666,46.7858564390244,7090.04942214443
3.76265040390372,160.322574660476,7090.04989653505
9.92792824007685,181.537535004495,7090.05019403505
12.4568578603038,242.584202725382,7090.0503160663
20.5594706208341,57.1365559032255,7090.05070705067
23.3940737469632,659.319265849945,7090.05084383193
31.5021912240882,555.373691479844,7090.05123508192
39.3111114522213,386.146836728329,7090.05161189443
51.0947578173021,507.873187949315,7090.0521805038
63.8673095233261,1635.34352726202,7090.05279683192
174.946900566699,45.0467545209943,7090.0581568788
177.990682697244,211.998224530774,7090.0583037538
190.922547300042,253.640469738414,7090.05892776943
194.496724701157,190.822024848103,7090.05910023818
198.216938789237,1380.99853774776,7090.0592797538
213.582533860166,156.046536803345,7090.06002120692
220.009771316257,1401.74050144992,7090.06033134755
238.972210235136,445.096681733759,7090.06124636318
258.075504971157,1732.46283985407,7090.06216817567
344.151184186075,81.3825326573259,7090.06631961318
349.25113830483,52.3306259436751,7090.06656570693
353.73683128088,168.883615425663,7090.06678216005
0.854748218454633,594.081006610736,7090.0671256288
6.48153567024793,190.625015772383,7090.06739714443
11.732383649802,739.279304440288,7090.06765051943
21.1337847751647,271.528938222687,7090.06810417568
26.3399474415067,101.378370975791,7090.06835539443
29.5194045570673,1813.8428536929,7090.0685088163
49.572424150502,731.101235107445,7090.06947645693
57.9136824282685,184.310816608857,7090.06987895693
69.5784917294971,1793.84407328342,7090.07044183193
170.343870798572,41.8297028959014,7090.07530417568
177.404797753442,395.378729756146,7090.07564489443
180.840385887858,186.338514063245,7090.07581067568
188.370508574909,264.376659453447,7090.07617403505
192.160665008731,156.887114410864,7090.07635692568
199.662616532354,1043.77217979845,7090.07671892568
213.125200139405,2026.7518774375,7090.07736855068
228.995933561464,367.191693717572,7090.0781343788
248.835888366179,461.998744816228,7090.07909173818
350.520554390316,45.3066924255285,7090.0839984413
2.64031201286709,69.1844845301937,7090.08458326943
7.78916088742829,149.277382122115,7090.08483172255
14.487100657703,490.713358836103,7090.08515492568
24.8427598167581,440.684627678323,7090.0856546288
28.7575817647098,429.28119392549,7090.08584353505
37.1655441843706,259.354121512345,7090.0862492538
45.081320578243,1762.73851071329,7090.08663122255
70.9045739886127,70.2958247167373,7090.08787730068
170.650933623469,28.5888222817388,7090.09269047255
183.246039350644,98.2727649256887,7090.09329823818
187.002196019974,249.00531636618,7090.09347948818
197.139609558184,152.021215060749,7090.09396866005
202.262877741924,1342.13906655134,7090.0942158788
212.28598758104,540.004652105353,7090.09469953505
221.474000108608,179.76943544884,7090.09514289442
226.819399659801,1500.35683876837,7090.09540083193
241.300031273844,419.362489179065,7090.09609958193
256.54549412001,2316.88113139228,7090.09683523818
337.770763251513,38.0361887819536,7090.1007546913
345.649949521375,86.4211827100725,7090.10113489443
349.346201964013,150.904760909398,7090.1013132538
354.785505430997,244.896797285676,7090.10157572255
359.415616086329,312.333797714004,7090.10179914442
7.71931281285767,1345.71809251582,7090.10219983192
19.6217962040946,1274.11459160953,7090.10277417568
32.5559274704234,523.898313620208,7090.10339830068
39.0272025838787,105.999112265387,7090.1037105663
47.3156803592313,370.654895665012,7090.10411051943
55.6786336943,1797.86163734263,7090.1045140663
179.045338747175,40.7489458842392,7090.1104699413
181.878646599304,157.245994003574,7090.11060666005
185.934324364398,133.109023803257,7090.11080236318
194.987309600494,125.778873427684,7090.11123920693
199.208128750336,1165.6839937757,7090.1114428788
216.1199003976,1434.80705094845,7090.1122589413
225.064086613501,291.678792230243,7090.11269053505
240.369777457738,115.499686204057,7090.11342909755
246.522103043963,317.583459530368,7090.11372597255
253.935007787934,1454.78218360751,7090.11408367568
344.377755922129,101.748359737641,7090.11844791005
351.853802945856,105.287702167889,7090.11880866005
359.653332748483,173.49337244621,7090.11918501943
6.70292646108755,1361.70741349417,7090.1195251913
18.6763234745095,61.3391698545129,7090.12010295693
20.6929910570256,967.233737547701,7090.12020026943
36.9263878546029,391.75046540052,7090.12098359755
43.5534139273005,368.009511753087,7090.1213033788
50.8921669206314,1467.12852977515,7090.1216575038
73.5032587626451,2842.66876704464,7090.12274858193
168.100445676168,228.874821872616,7090.12731328505
178.656541183069,447.454351348853,7090.12782266005
186.233615884561,1368.75377698686,7090.12818828505
202.102730185847,1412.84872690051,7090.12895403505
214.981166705775,822.071855033357,7090.12957547255
233.059289748222,2565.16119456762,7090.1304478163
353.587233893702,77.3582031765585,7090.13626378505
356.711643843317,101.748359737641,7090.13641455068
2.86720748260517,207.519515460497,7090.13671158192
8.99103813402153,299.559987926301,7090.13700708193
14.381770578882,250.809734092527,7090.13726720693
16.458342350394,331.251664986709,7090.13736741005
24.3297572778264,90.9238864754691,7090.13774723818
27.2061313600922,96.3418858579423,7090.13788603505
32.9235846746133,2218.24447699248,7090.13816192568
59.784638219429,991.786652804194,7090.13945808193
85.9763835309879,1651.44131702988,7090.1407219413
165.484830022511,56.3501398320732,7090.14455855068
171.636184181508,112.866868628991,7090.1448553788
177.443655778301,867.618477062848,7090.14513561318
184.338793767967,734.383387435145,7090.14546833193
197.620693267714,1351.06892340531,7090.14610923818
208.97302922323,71.027052295225,7090.14665703505
220.138204965317,2055.0332546776,7090.14719580068
244.470287889907,717.822412621416,7090.14837372255
262.216509155175,25.3908821051807,7090.14923005068
345.381703721339,47.1359444531583,7090.15324311318
351.387344927055,69.5569019049103,7090.15353291005
354.687581885531,71.2251785328633,7090.15369216005
359.446891457449,136.592320787443,7090.1539218163
9.15817549361249,366.577157517867,7090.15439042568
17.3009403156842,40.6623970605757,7090.15478334755
19.7576610774223,867.618477062848,7090.15490189443
32.7937914110479,1406.87828054098,7090.1555309413
56.3500747080204,1834.93487071473,7090.1566676288
174.854875089466,57.6684498765356,7090.16238597255
180.510481322839,725.321636085852,7090.1626588788
195.813581732166,1215.18051177105,7090.1633973163
214.666573975002,146.096829078957,7090.16430705067
220.28332345853,42.8832351573316,7090.16457808193
224.017461299178,2212.8170407143,7090.16475826943
260.649055526393,1497.95043036249,7090.16652589443
343.527033590894,107.407797933501,7090.17052509755
354.848931757147,173.601646946686,7090.17107142568
357.659896933822,51.6984788312413,7090.1712070663
0.626936916511358,994.208604332414,7090.17135023818
17.098655384553,245.815728883159,7090.1721450663
21.6063671515898,168.103045372625,7090.17236258192
28.8913682906713,2234.44818203689,7090.17271411318
50.568277997827,131.903737932149,7090.17376011318
64.999691046987,241.341752138524,7090.17445648818
78.2715525407733,2004.07912487321,7090.17509691005
167.500349684889,32.7794909271706,7090.1794025663
174.090785633577,772.293673456659,7090.17972058193
187.249314855497,839.441516298223,7090.18035553505
201.101761611964,114.108569815308,7090.18102397255
208.2569162917,136.592320787443,7090.18136923817
212.742285458675,1863.54642828235,7090.18158567567
227.728379232923,1572.36423881102,7090.1823088163
263.950681879256,1392.27218642901,7090.1840566913
344.969362441254,119.024762268438,7090.18796617568
353.826715440604,95.8530824157755,7090.18839041005
356.89575449059,41.8858142614553,7090.1885385038
4.81120707538662,1283.5178475612,7090.18892045693
23.1085472412994,1271.28019222766,7090.1898033788
31.4316723239028,249.758741466266,7090.1902050038
45.6325350073323,2162.24416149657,7090.1908902538
67.4379959752257,56.057627290107,7090.19194245693
77.5297528106916,238.837505328604,7090.19242942568
174.183759330576,33.8718497694401,7090.1970933788
179.866889109226,178.826314867209,7090.19736761317
185.834321183248,207.519515460497,7090.1976555663
191.578650424894,152.760970539845,7090.1979327538
194.915801316456,1086.11575289075,7090.19809378505
205.568391211756,46.7607515208801,7090.1986078163
216.651643860772,1306.72983544855,7090.1991426288
231.149113433675,1975.06810906134,7090.1998421913
266.612089564479,66.6602884002998,7090.20155342568
354.05153140105,47.9020330346192,7090.20577273818
355.38075751745,96.1955029521455,7090.2058368788
2.89371847426265,155.080295827226,7090.20619941005
7.51184838226608,239.151976000329,7090.2064222538
10.0815776444901,281.71734389737,7090.2065462538
17.397664153291,1288.19377387401,7090.20689928505
30.8861523733275,408.835881815506,7090.20755016005
35.3015793076492,1348.39617249582,7090.20776322255
59.723397630042,931.773214141174,7090.20894167568
168.354039291803,37.6638858989864,7090.21418355068
177.368491474041,86.0944440739253,7090.21461853505
187.977367445661,632.320806825959,7090.21513045693
193.490822587892,212.706074975699,7090.2153965038
200.352608506611,255.706206209183,7090.21572761318
209.573325562366,1119.37470403944,7090.21617255068
223.597713618783,1246.44428112219,7090.21684928505
239.739473164101,217.596496376871,7090.2176281913
266.93048563164,1728.29317524048,7090.21894026943
343.425264048198,169.438962860369,7090.22263145693
348.382095610887,65.4155271617718,7090.22287064443
357.318510446662,1112.91043047856,7090.22330186318
8.62421823451085,139.653011377305,7090.22384741005
15.0407700287928,318.528647902383,7090.22415703505
21.3222944562107,308.459757736301,7090.22446014443
28.1555854024251,1528.15082810065,7090.2247898788
47.4411832911292,108.711872837119,7090.22572048818
51.2154731179266,2135.38320359419,7090.22590261318
181.080785823644,141.789330276865,7090.23216611318
186.013979512271,55.0002404731131,7090.23240416005
188.938600807584,909.569419782486,7090.23254528505
199.931511440644,1002.63941593681,7090.23307573818
212.908061318958,237.417252524352,7090.23370191005
220.904789378673,1528.15082810065,7090.23408778505
236.6971615698,1331.34425706061,7090.23484983193
355.28971353229,101.563528420723,7090.24057241005
357.322895264589,35.1479123583687,7090.24067051943
4.13546254303323,213.411566196697,7090.2409992538
10.242455197894,966.611901631609,7090.2412939413
18.1507840584126,190.230345364917,7090.24167555068
24.1667870414696,35.3478080139524,7090.24196584755
28.6576609250391,1474.48653287086,7090.24218255068
53.1422977558071,920.738263410215,7090.24336403505
69.1924200111696,1866.12569841316,7090.24413851943
164.62826609838,35.7113748294946,7090.2487436913
177.547178413533,174.465331070905,7090.24936708193
181.64203681294,922.69519802457,7090.24956467568
194.372817525131,1029.2706686954,7090.25017898818
204.2430905736,327.142257727786,7090.25065526942
215.96488989523,1660.15612368398,7090.25122089443
238.087681307278,1530.50971896107,7090.25228841005
350.180786992884,56.1831761669573,7090.25769736317
353.886429861028,69.8937435705815,7090.25787617568
358.335532713069,83.9956160181288,7090.25809086318
6.2192522346019,222.885779277426,7090.25847128505
9.30448158759976,394.236587819563,7090.25862016005
15.5384064955146,1262.7383583208,7090.25892097255
35.9913272066302,950.934442300877,7090.25990791005
48.7726217200077,1789.81740539541,7090.26052466005
179.867670730186,80.6869432379287,7090.26685053505
186.739170808094,802.081512318864,7090.26718211318
203.540524427479,931.773214141174,7090.26799284755
215.375332211898,1439.82681333199,7090.26856392568
226.839705240673,309.675590726144,7090.2691171288
241.530487361751,1334.05109181695,7090.26982601943
346.9223085575,42.4428270306976,7090.27491347255
355.022654692195,59.9840802029128,7090.27530434755
0.959325130181625,202.014044381471,7090.2755908163
7.19907848837484,44.0716560468069,7090.27589191005
9.85170223320058,1129.00155890827,7090.27601991005
21.7260144233131,393.473281734558,7090.27659289442
34.6358601974284,1858.37711885739,7090.27721584755
62.1545649618559,2617.13806182229,7090.27854373818
169.611083810611,45.6938271942153,7090.28372895693
174.99501634027,783.884512856048,7090.2839887538
188.227373503755,931.127730474657,7090.28462726943
198.43246257339,1379.25593168831,7090.28511970692
212.08091123296,41.0647175985712,7090.28577830068
216.889763216532,1359.05564579986,7090.28601034755
241.874357415518,1578.47068749106,7090.28721595693
352.759016865336,104.301581260735,7090.29256659755
357.023549901162,34.7108557174902,7090.2927723788
2.6746228828649,189.140758610762,7090.2930450663
9.15561219320551,955.979184702471,7090.29335780068
18.0470179066928,123.973331600524,7090.29378684755
30.9565398340361,1566.23425340285,7090.29440978505
51.6584678774249,260.798993512168,7090.29540873818
59.9362600286645,1821.78094831897,7090.29580817568
173.400686746667,42.4704889312455,7090.30128330068
179.522250696856,719.495740764131,7090.3015786913
187.990441152285,184.412735082518,7090.3019873163
195.495954613439,217.596496376871,7090.30234948818
203.322036571812,1456.43441751275,7090.3027271288
220.78978414277,1272.22565815543,7090.30357001943
236.369091620571,2175.55062853592,7090.30432178505
354.712312479407,171.861233577708,7090.31003233192
359.742000594129,35.014012522705,7090.31027503505
2.43704298863495,159.500107566046,7090.31040508193
9.86905227960495,1237.73125082494,7090.31076370692
24.9033931915073,1110.74738295969,7090.31148917567
33.6322456756557,669.275246334422,7090.31190247255
46.3384170488615,207.519515460497,7090.31251559755
55.0611195154619,136.179026388739,7090.3129365038
76.2468146240573,3308.70264519945,7090.31395880068
165.438697797391,229.530630613262,7090.31826267568
173.388797689439,83.2654431515145,7090.31864630068
179.404800710192,1338.55049266884,7090.31893659755
190.512015080042,304.289510255629,7090.3194725663
196.888414812782,242.584202725382,7090.3197802538
204.850171793867,49.8952927585616,7090.3201644413
210.599358133955,2716.34092996464,7090.32044186318
231.933680477515,892.890872350449,7090.32147133193
250.294162885486,854.350257206704,7090.32235730068
348.694782291855,56.057627290107,7090.32710553505
354.645700140701,229.857827216406,7090.3273926913
5.64087743729332,311.128345309442,7090.3279232538
9.96920037102633,319.471060716836,7090.32813211318
17.230887445122,1310.40556183848,7090.32848251943
32.4064080209385,68.0550060749852,7090.32921480068
37.6125706495844,1234.81325164931,7090.32946601942
54.1678312560757,1899.33802019482,7090.3302648788
174.677965977772,37.7883939417512,7090.33607998818
180.441399841809,269.305550082422,7090.33635809755
191.568042567733,847.992898123096,7090.3368950038
205.774086196378,1513.92054448252,7090.3375805038
218.167784223871,1349.2876815846,7090.33817855068
237.383439879922,49.8010625793466,7090.33910578505
252.309629389781,1649.98437135466,7090.33982603505
346.16173734942,107.931316661869,7090.34435478505
349.952541326001,37.6326921014414,7090.34453770693
354.654213297062,124.427176895203,7090.34476458193
0.401780629466657,391.75046540052,7090.34504192568
8.97423681572331,184.208856501833,7090.34545558193
11.3707295416936,150.904760909398,7090.34557122255
19.3664861741807,1566.23425340285,7090.34595705068
33.8157085340358,53.3088538590132,7090.34665428505
37.9471570951494,567.157321107459,7090.34685364443
51.4298166764273,1644.14371006671,7090.34750423817
72.823395628527,161.722801816921,7090.3485365663
93.3653632323828,188.144735902007,7090.34952780068
173.020348799443,27.8185426083599,7090.35337298818
179.550232903287,667.476129923017,7090.35368808193
190.395487690915,268.467026387498,7090.35421141005
194.489374700791,70.1620497811639,7090.35440895693
201.916850702394,344.595962875616,7090.35476736318
207.380439623895,1793.84407328342,7090.3550310038
224.244611713959,822.802881383922,7090.35584476943
240.519131924914,869.003313752614,7090.35663008193
265.022873340377,174.24980902625,7090.35781248818
347.786871552556,43.4544900063116,7090.3618061913
352.674732309819,54.4854057704658,7090.36204205068
355.136633979076,186.43932231388,7090.36216084755
7.93379502408522,282.782464111619,7090.36277836318
13.0049303235633,318.528647902383,7090.3630230663
16.3579477844535,577.661085632286,7090.36318486318
22.4869593056925,57.9933462363513,7090.36348061318
25.3526478015411,57.0542849076539,7090.36361889443
29.6187999204429,1317.72626144055,7090.3638247538
50.5049738955783,1483.43037853493,7090.36483259755
71.9662283791039,2023.18872766227,7090.3658681913
167.178000282102,40.2852126657471,7090.37046255068
174.623609478868,750.57904336262,7090.37082183193
181.501585700599,240.718139865592,7090.37115372255
190.632284474082,964.12056116435,7090.3715943163
202.556462922621,1449.81415761691,7090.37216970693
214.627325713973,1750.41625638528,7090.37275217568
232.215853165544,139.113803809821,7090.37360089443
249.654458183542,2392.4622283289,7090.3744423788
341.145044495841,22.9878269197847,7090.37885717568
347.743899367414,62.2135884476016,7090.37917559755
350.769224569112,263.237098785396,7090.37932158193
0.604202767570374,245.815728883159,7090.37979616005
8.10744952749726,1583.0348143453,7090.38015822255
21.2873499599482,236.30669643282,7090.38079420693
25.8151378142999,75.0153342221616,7090.3810126913
33.0172444330834,126.077273621128,7090.38136022255
38.7615737124254,1262.7383583208,7090.38163741005
52.6748961228119,1134.31464221492,7090.38230878505
78.298684650259,3005.51850074271,7090.38354523818
162.43724183481,175.431905113932,7090.38760526942
175.212707860213,149.654497128004,7090.38822173818
180.721629675382,1398.30491630022,7090.3884875663
200.019532271275,877.951711331093,7090.38941876943
208.590045640772,24.1949221074789,7090.38983233193
215.271147414491,1639.74966937985,7090.39015472255
237.011199401402,995.417415161626,7090.39120376942
354.972875775518,93.2700375266826,7090.39689414443
357.500186312669,81.1513287124477,7090.39701609755
5.47489554370197,44.5486945943596,7090.39740091005
12.0546458305801,957.86412135368,7090.39771841005
23.412486502691,433.115709963516,7090.39826647255
29.574850094877,196.162780463638,7090.39856383192
44.263041743348,373.482800242186,7090.39927259755
48.748734757095,1568.5357457329,7090.39948905068
79.0667476845531,1450.6432721717,7090.40095201943
167.729854670393,109.658331026719,7090.4052303788
172.824304072553,150.030668444323,7090.40547620693
184.299038916364,923.997489632455,7090.40602991005
190.161233756938,997.830595927951,7090.40631278505
206.425715999627,1448.1543741951,7090.40709761318
225.844398438436,1390.54368020197,7090.40803464443
244.500516270957,2840.9761210213,7090.4089348788
345.681986836116,68.4678910789494,7090.41381730068
348.342058151992,88.0900075106439,7090.41394566005
357.250301824339,243.974396241242,7090.41437551943
3.92751792684292,980.200698386113,7090.41469772255
12.8305806162789,1087.77531426796,7090.41512733192
23.892785901537,266.500183032647,7090.4156611288
29.976788300488,74.0066827265018,7090.41595470693
39.2068957063565,2682.48578905173,7090.41640009755
72.3170929971749,97.3121166980562,7090.41799780067
82.4383162700689,328.974986141262,7090.4184861913
173.076319806896,36.6846136801158,7090.42285984755
179.244835696132,125.629395775206,7090.4231575038
186.344943247619,320.645149320953,7090.42350011318
195.41735683979,159.970606206095,7090.42393789443
201.024392088736,1435.64482524283,7090.42420845693
220.870499265894,289.869517278163,7090.42516611318
225.349068479971,1149.06029136108,7090.42538222255
243.017899979232,2249.46639093559,7090.4262348163
353.057424149236,71.2910980249504,7090.43154467568
355.588620432994,132.967789556737,7090.4316668163
0.543832987999497,992.998461235572,7090.43190592568
13.7632378638399,150.655543595946,7090.4325438163
16.3235767382543,1108.58000557101,7090.43266736318
30.5425725791509,328.974986141262,7090.43335348818
36.0977988283036,978.973124787785,7090.43362155068
45.7171217654358,153.129522950657,7090.43408572255
58.5258364060836,2979.80240482332,7090.43470416005
171.261374435518,53.5725422357025,7090.44014411318
178.88702008374,816.936185366046,7090.44051208193
192.641353481821,282.250389727068,7090.44117578505
197.307406718403,802.081512318864,7090.4414009413
208.385478459901,2030.30858791919,7090.4419355038
230.082788025752,1029.85464600636,7090.44298248818
253.891316632669,1531.2953127733,7090.44413134755
347.210438886825,155.322421591109,7090.4486343788
355.217852532957,52.0155134242639,7090.44902076943
357.62244044813,192.488636141519,7090.44913680068
2.68321393257045,418.285794889783,7090.4493810038
12.6182483815663,1094.93714095521,7090.44986041005
22.5247878203617,1447.32370532807,7090.4503384413
36.7994784076596,1104.77704762246,7090.4510272538
52.3091674618827,52.8220037154803,7090.45177566005
61.8128914259219,257.025428718194,7090.4522342538
78.7466819395638,2258.00311781654,7090.4530513788
165.921897568078,32.4554653985398,7090.4572579413
173.71009412844,486.715001635218,7090.4576337538
182.294531175114,82.6993959424094,7090.45804798818
189.990766711837,762.500063089533,7090.45841936318
203.832204035115,1994.45571169576,7090.45908726942
218.387634980253,175.752926101502,7090.4597896288
228.444096890317,52.7775219361093,7090.46027489443
232.148120750777,1366.99562780507,7090.4604536288
253.922820044939,2517.84681992717,7090.46150434755
340.985350982043,122.907864441579,7090.46570547255
348.239914256468,50.1769216454395,7090.46605553505
350.238124872441,176.81875408293,7090.46615195693
355.57510538766,1096.03481845966,7090.46640948818
8.90298547461963,1040.88804242508,7090.46705261318
16.292576115909,253.343984679688,7090.4674091913
25.2208958001784,86.963013179453,7090.46784001943
31.6863423879632,144.154826964282,7090.4681520038
34.4850028951458,2490.95832849378,7090.46828705067
70.0033500009714,2036.22252392677,7090.47000095693
170.988917545348,30.9364478479068,7090.47487392568
180.442451517276,943.316647017411,7090.47533009755
192.472903137738,205.70072034598,7090.4759147538
197.638913780235,1080.00930421071,7090.47616403505
210.687672592429,46.2811421131359,7090.4767936913
213.505437684307,1567.00186160208,7090.47692966005
236.176109906241,1946.86000654087,7090.47802361318
349.295682597116,42.4981300151117,7090.48348209755
353.406407490459,84.4418077128317,7090.48368045693
359.904234721963,79.0995047239562,7090.4839940038
6.44156639685669,300.811792142142,7090.48430945693
11.4265691606699,400.290439683815,7090.4845500038
17.3800774821238,47.6562539430958,7090.48483728505
20.1810046528378,1037.41648604938,7090.4849724413
30.7024528524886,1800.53505438593,7090.48548014443
57.8639989579919,917.467435357366,7090.48679080068
79.2569302919398,283.843559767405,7090.48782309755
175.145134152473,52.7775219361093,7090.49245009755
183.721476085336,154.837795363072,7090.4928639413
190.567395397031,753.377416007339,7090.49319428505
200.083747839639,767.99983039777,7090.49365348817
216.938205770514,1356.39866005732,7090.49446678505
234.558466247652,1384.47708852851,7090.49531703505
252.643389242998,325.299176484606,7090.49618970693
351.555623068925,78.8020274034018,7090.5009626288
358.002612652471,52.1057398616964,7090.50127372255
2.33546895096273,239.779668342877,7090.50148280068
9.17815020959454,854.350257206704,7090.50181298818
22.6591908208849,425.058654940358,7090.5024635038
30.0089532474048,1407.73281920303,7090.50281816005
44.1913589642913,109.22913962208,7090.50350251942
57.3518310406676,948.401912559405,7090.5041375663
80.434385278395,1886.63329403482,7090.50525139443
168.189214704666,109.572628748111,7090.50948592568
175.983239828395,44.2843123282799,7090.50986201943
178.128458633952,892.890872350449,7090.50996553505
185.983035564829,318.292614487348,7090.51034455068
196.494445758519,908.908170949019,7090.51085176943
208.631365111309,1575.42046075321,7090.51143742568
223.608068460051,86.2034957305191,7090.51216011318
227.826944755437,1461.37979495364,7090.5123636913
357.388994799526,48.1465527168989,7090.51861823817
359.804915956963,67.5353661883094,7090.5187348163
5.37179914436805,249.608222979703,7090.5190034413
15.3055383947563,332.157940041711,7090.51948278505
19.1844177237616,205.883324277956,7090.51966995692
27.5936754174219,1570.83401841618,7090.52007573818
43.4339709748246,65.9874724306952,7090.52084009755
47.3746974603694,390.790039217492,7090.5210302538
65.1150901622712,395.758703586324,7090.52188630067
81.7723498737551,1636.81357356893,7090.52269008193
171.578494189793,47.3100170150786,7090.52702359755
174.378449933279,775.013664355839,7090.52715870693
184.925802670523,244.435999219306,7090.52766766005
195.703381851333,123.136958962711,7090.52818772255
198.130636251035,1379.25593168831,7090.52830484755
207.636626878606,1043.77217979845,7090.52876355068
224.699940042517,196.545529851377,7090.52958692568
235.881629896691,1823.10067042835,7090.53012648818
353.620627656481,133.742711350138,7090.5358078788
359.627240251729,58.2761408574051,7090.53609772255
2.70761254398009,96.5853508283487,7090.53624636318
8.72523461011278,1113.99045543692,7090.53653673818
22.2085418472384,135.764469111344,7090.53718736318
24.8669941177347,275.103662072951,7090.53731564443
34.0303973817091,272.495997988287,7090.5377578163
40.2406843778662,1667.38367557429,7090.53805748818
56.4918905238347,1695.98579624619,7090.53884167568
174.433915028687,68.878285020002,7090.54453286318
182.57765124029,209.501943571055,7090.54492583192
185.720194422765,204.234046341512,7090.54507747255
197.202700609006,1155.32217126457,7090.54563155067
206.882251657298,1368.75377698686,7090.5460986288
222.970259235278,414.314083041489,7090.5468749413
234.225129412865,1521.0523951481,7090.54741803505
354.028718121447,88.6746231998359,7090.55319905068
2.40462374415976,59.5123811342191,7090.55360322255
5.00576222287531,278.227607619641,7090.55372873818
11.863338623607,186.741400121093,7090.55405964443
19.2801290387931,158.791729765184,7090.55441753505
27.2140385901327,1553.12740446334,7090.5548003788
41.1445228061508,900.935104297673,7090.55547258193
58.4040626868334,422.931578647479,7090.55630542567
175.732995702001,33.9238151458865,7090.56196367568
181.86038817786,105.821705564946,7090.56225934755
189.493805243904,343.941042313389,7090.5626276913
199.600133337002,1012.78241348979,7090.56311536318
212.697139286851,309.432812706234,7090.56374734755
219.875608069269,1050.66177980007,7090.56409373818
237.343679411608,1871.27380257834,7090.56493664442
346.664676745776,35.3145672427058,7090.57021183193
354.476187446517,84.2190067684712,7090.57058876943
358.116745142754,129.749488930742,7090.5707644413
8.48114710916278,945.226785731279,7090.5712645663
19.5469142188638,1046.64843458835,7090.57179853505
29.8640403994533,67.2216518560198,7090.5722963788
38.5142102361851,2207.37628175982,7090.57271378505
74.5804380765041,254.232385143993,7090.5744541288
176.026782467873,25.9851706124747,7090.57934933193
183.705208580813,154.837795363072,7090.57971984755
190.563108790621,871.076544228799,7090.58005076943
203.086005659308,156.40734540856,7090.58065505068
207.336291208881,950.301948243748,7090.58086014443
223.845571190465,1677.44995671626,7090.58165678505
245.625127620765,160.907481783212,7090.58270773817
356.064229212462,61.5684794813554,7090.5880368788
3.30713543554678,164.943780855964,7090.5883863788
9.49896542746473,89.9891758332494,7090.58868516005
11.8961057715869,201.641661701224,7090.58880083193
19.2630299660424,1097.67928080373,7090.5891563163
30.02020936355,965.989732648609,7090.58967539443
44.4017561919793,474.51781393093,7090.59036936318
54.6748446775085,277.28055962406,7090.59086508193
66.7003746128886,52.7775219361093,7090.59144536318
88.07225846999,3386.29457807826,7090.59247664443
163.839443396587,63.4471433724748,7090.59613272255
171.511069632021,1076.10520494461,7090.59650291005
186.907426338986,201.081803985481,7090.59724584755
190.820305394786,1217.15804102251,7090.59743466005
205.422364507592,1875.12538829537,7090.59813926943
222.483821606661,1694.56715326533,7090.59896384755
245.686184297773,767.608310248136,7090.60008345693
354.143265538812,88.3030454312816,7090.60531695693
358.259818995522,41.0933058414553,7090.60551559755
5.65782863508923,78.2036727042801,7090.60587258193
9.16659705522176,992.998461235572,7090.60604189443
24.8268560857765,1112.91043047856,7090.6067975663
42.1100339536087,442.046871329538,7090.60763155068
53.6109971440893,1760.00769513962,7090.60818651943
175.583766341366,53.9656583309345,7090.61407220693
177.69563303828,186.43932231388,7090.61417411318
189.340042518511,273.871564315797,7090.6147360038
194.315007314058,1325.00665994684,7090.6149760663
203.73551298642,228.052424167124,7090.61543064442
215.47868351858,378.678643997432,7090.61599730067
227.397033441448,1468.76677487029,7090.61657241005
250.841927283315,2538.77385780754,7090.61770372255
342.19554341199,97.6975098043731,7090.62211191005
348.18726094053,96.2443180707595,7090.62240103505
353.44296598083,84.3304800990374,7090.62265464442
359.66588141786,1115.06937017225,7090.62295492568
13.9978857969385,136.179026388739,7090.6236465038
17.2663897298475,1245.47916424689,7090.62380422255
38.2503532919887,2296.02648005311,7090.62481678505
63.5461257511677,357.862683930676,7090.62603741005
72.1525816265232,36.4276248054907,7090.62645270693
78.0630236801446,1871.27380257834,7090.62673791005
166.656188433331,61.3391698545129,7090.63101289443
171.120510198851,205.883324277956,7090.6312283163
179.345845694449,866.231419927033,7090.63162522255
186.72410313117,316.872722505579,7090.6319812538
198.282703884811,1478.55860888058,7090.6325390038
218.828880893565,772.293673456659,7090.6335304413
227.903561186963,1718.52476693601,7090.63396833193
254.054506818829,2189.87428191042,7090.63523022255
341.150713635956,42.0816090307419,7090.63943297255
347.909205175683,199.015526280988,7090.63975909755
354.291148992999,121.05952351682,7090.64006473818
358.245151499873,206.975561689582,7090.64025553505
9.18398643191156,1428.92842003306,7090.6407833788
19.348275934942,82.3008466932507,7090.64127384755
28.456955842047,1460.55667560319,7090.6417133788
44.3623365336602,1110.74738295969,7090.6424808788
69.7413272468207,1654.35132259972,7090.64370551943
169.22119408548,54.4854057704658,7090.64850583193
180.359817671822,908.246422515191,7090.6490433163
191.496174594632,428.930918561221,7090.6495806913
199.29343780912,1091.63744710372,7090.6499569413
215.975954326957,1480.18441947784,7090.6507619413
234.507082836271,535.25167631463,7090.65165614443
241.119537651337,1465.48828627857,7090.65197522255
353.554259311007,91.9002096644306,7090.65740066005
356.436138147563,174.141950859408,7090.65753972255
6.44014336428874,976.513425676728,7090.65802245693
15.4112055073147,323.213150688062,7090.65845534755
19.1680097571008,399.538735429417,7090.6586366288
30.0754354726482,108.01832345253,7090.65916295693
38.1045441760823,1946.86000654087,7090.65955039443
72.2988459976344,1491.51457851104,7090.66120041005
171.906940250259,27.5640985730741,7090.66600691005
181.705328287012,844.440350977749,7090.66647972255
189.795636453442,105.821705564946,7090.66687011318
194.953875715812,845.152059447685,7090.66711901942
210.861846880033,255.41210812996,7090.66788664443
214.921410391734,1485.86021264663,7090.66808253505
233.286749898148,1522.63268660136,7090.66896873818
265.432651111617,173.709838180436,7090.67051991005
344.694356972094,32.1281785897742,7090.67434461317
349.690693015868,101.748359737641,7090.67458570693
355.350508729533,65.8806134645751,7090.6748588163
3.84719419516173,179.978351666499,7090.6752688163
6.65556893692576,225.233776074418,7090.67540433193
11.4106689908564,1260.83243845443,7090.67563378505
28.8340550576791,133.391020451512,7090.67647453505
31.9817791476723,358.072627104633,7090.67662642568
40.9434508651927,409.203393392232,7090.67705886318
49.4300983248603,1544.58734691332,7090.6774683788
78.4823512247495,2877.98296305652,7090.67887026943
163.811960425565,61.3774517321808,7090.68298383192
173.17385718293,418.645007549401,7090.68343558193
180.68358008668,873.833116976641,7090.68379795693
187.923895874853,1089.43221110991,7090.68414733193
203.802724448417,58.5976683842304,7090.68491355068
209.755261380339,2504.43887850338,7090.68520078505
237.151891065548,883.413397989585,7090.68652278505
249.264201117049,1590.61286364448,7090.6871072538
336.102657869941,22.6921918755618,7090.6912975663
346.526316407194,56.4334343144957,7090.69180055067
352.671842115912,145.193801426302,7090.69209709755
356.235657664294,265.086397277514,7090.6922690663
0.820759235034139,25.6897454697924,7090.6924903163
6.04149323440029,363.075070008989,7090.69274223818
6.92904716389462,205.517963758339,7090.6927850663
13.5223973565692,1287.2598542657,7090.69310322255
27.0960466473467,1081.67808043902,7090.69375820693
43.5858983105514,329.203386773003,7090.69455391005
50.1433059596716,68.399244601558,7090.69487033193
55.5078100955592,1923.2457848517,7090.6951291913
176.67300556426,44.7590783880791,7090.70097591005
178.483084539575,96.8282121149855,7090.7010632538
186.94253218765,103.850261723437,7090.70147145692
192.226084657696,1102.59801289203,7090.70172641005
204.141196489805,802.081512318864,7090.70230136318
221.609591716612,1461.37979495364,7090.70314428505
244.697326824162,1762.73851071329,7090.70425836318
346.388792801197,131.47571920058,7090.70916539443
352.605232094404,41.8297028959014,7090.70946536318
356.441369002349,95.0657746967565,7090.70965047255
3.76101744868148,1206.24166211059,7090.71000367568
17.394570966151,199.581171034247,7090.71066155068
25.2073768278029,499.818297861054,7090.71103855067
29.9404580530516,170.323782855419,7090.7112669413
36.4097903497475,1573.89312693823,7090.71157911318
54.4173235413897,1873.84241456812,7090.71244805068
176.340874173784,34.7108557174902,7090.71833136318
178.866565665555,162.765065314652,7090.71845323817
182.974700161683,239.936320811651,7090.71865147255
192.968019754295,100.447414275173,7090.7191336913
196.216123903902,732.333749198233,7090.71929042568
202.081556797539,1374.88986862166,7090.71957345692
218.539351588404,375.28952168131,7090.72036761318
226.006979651549,340.647565710839,7090.72072795693
233.053335273394,2510.19383057383,7090.72106797255
352.874648150597,51.7438904223955,7090.72684330068
355.279236065769,116.874246391951,7090.72695933193
0.767758097635216,276.873690641111,7090.72722417568
8.28751900734575,379.669684580364,7090.72758703505
11.2885586791342,195.87523270026,7090.72773184755
17.996536417674,46.2557631086824,7090.72805553505
20.5238469925213,130.902844119873,7090.72817748818
23.3160313935776,1804.53763043431,7090.72831222255
48.1092559365391,916.155762364923,7090.72950859755
59.4240303408175,1670.26592556851,7090.73005458193
172.169930147593,67.9514014501059,7090.73549503505
182.957223562984,830.078061841988,7090.7360155663
189.673296490726,378.480136120629,7090.73633964443
199.929547055092,1106.40852035715,7090.73683455068
215.541235138916,97.1188407472567,7090.7375878788
218.318848244644,1535.21662049627,7090.73772191005
235.707587004216,1372.26352503461,7090.73856098817
348.006633754263,34.7108557174902,7090.7439798788
352.026045166726,61.5303155648839,7090.74417383192
356.000447494598,76.3189650365703,7090.74436561317
5.41091523639047,199.392807820331,7090.74481970693
10.290033223996,318.764514783965,7090.74505514443
14.4985477420412,373.684000409824,7090.74525822255
22.637426892898,1326.82054232447,7090.74565095693
32.8172591184842,71.0931521985536,7090.74614217568
35.9853829917799,1355.51170288295,7090.74629505068
63.4810975002977,1707.29252957358,7090.74762183193
172.865237114221,239.309044802738,7090.7529000663
183.559921812429,399.538735429417,7090.7534161288
189.131985945049,963.496726846813,7090.7536850038
204.441562498198,1312.23965027516,7090.7544237538
216.921716870433,1415.39968634419,7090.75502597255
234.547805873241,170.43405575734,7090.7558765038
247.669097390696,46.2811421131359,7090.75650966005
354.020788040947,47.9020330346192,7090.7616415663
2.05443007144376,101.470998270514,7090.76202922255
8.7798933492989,130.974578405052,7090.7623537538
12.5548308319443,175.752926101502,7090.76253591005
19.4357212976617,444.75881311179,7090.7628679413
27.2283482948254,470.062155866202,7090.76322903505
32.1748180424769,295.772711877973,7090.76346772255
40.2813165496143,495.590124494072,7090.76385889443
48.162445636236,82.8696139487661,7090.7642391913
51.0449720532482,1408.58680275358,7090.76437828505
75.2796301999071,2386.42328120875,7090.76554770693
165.216592402518,42.1095033842356,7090.76988753505
173.133663994998,934.993971135611,7090.7702695663
183.072584115209,783.117126701427,7090.77074916005
197.425959742513,1503.5592770829,7090.77144176943
214.255160678555,45.9501048322153,7090.77225384755
216.95473643782,1517.09433904301,7090.77238411318
229.862963091164,2097.88741933892,7090.77300698817
356.233673683447,85.6568635465571,7090.77910489443
0.103486471414787,45.7708593248896,7090.7792916288
5.1885455234613,263.5224538583,7090.7795370038
15.1999982735406,520.155141181533,7090.78002009755
20.001402723759,312.09307360669,7090.78025178505
23.4369908581751,425.058654940358,7090.7804175663
35.7769369560269,1423.87024393287,7090.78101301943
49.1595403244636,2156.67572689426,7090.78165878505
174.384623113941,42.4704889312455,7090.78770141005
186.724569211793,195.971128214012,7090.78829686317
191.707952967923,875.208128192639,7090.78853733193
198.797374932993,1110.74738295969,7090.78887942568
212.537136960354,384.195592006975,7090.78954242567
231.922467328215,1691.72631458991,7090.79047784755
257.262925025214,2386.42328120875,7090.7917006288
342.048447880656,69.5569019049103,7090.7957918788
346.565550073198,66.8713556750689,7090.79600984755
353.486916334141,242.11904703364,7090.79634383192
0.270664868700585,1050.08945983087,7090.79667117568
9.75819856742424,1127.93596684924,7090.79712898818
21.8743942901401,333.963162679751,7090.79771364443
29.9368550645212,2416.46769261195,7090.7981026913
48.9115986528927,103.669177409227,7090.79901830068
60.169706845846,322.514820405573,7090.79956155068
69.7579444132588,120.670876069262,7090.80002422255
76.5442833450336,1059.21094117889,7090.8003516913
169.518694604184,34.6261734562869,7090.8048437538
175.000416720848,207.157041520745,7090.80510826943
185.910432871307,204.417940907753,7090.80563472255
190.928463896991,353.424900456645,7090.80587686318
195.840610146468,438.290514992445,7090.80611389442
204.683444875528,94.520689886135,7090.80654059755
207.182260515567,1010.99983940145,7090.80666117568
221.315447629875,1579.99358041394,7090.80734316005
359.186473756791,76.1340990251824,7090.8139960038
1.33881632432235,57.7091603670699,7090.81409986318
3.17447595276273,37.130062913171,7090.8141884413
15.1553205372348,367.191693717572,7090.8147665663
20.4608918736582,308.703312912328,7090.81502258193
24.6279591315544,166.530886303029,7090.81522366005
32.4744409109254,1663.05091919838,7090.81560228505
48.5281250284269,70.6956160279049,7090.8163769413
52.7113826270308,406.254113682891,7090.81657880068
87.7744576024583,502.517583100826,7090.81827073817
174.445506344767,46.710500051228,7090.82245297255
179.111883390426,98.4637787970755,7090.82267814442
186.787719106151,275.922035219978,7090.82304853505
191.124784847237,170.103015006973,7090.8232578163
199.238407116349,268.606942244176,7090.82364933193
208.119774786179,1385.34539395607,7090.82407789443
220.755032537199,106.264663735089,7090.82468759755
226.350086925729,895.580332116452,7090.82495758192
250.911142132973,1955.48799375445,7090.8261427538
348.98698348644,178.72121838014,7090.8308753163
354.93466331992,43.5354877148519,7090.8311623163
356.417697578803,141.921779883702,7090.8312338788
2.94175319467159,516.384768278755,7090.8315486913
10.4262191789796,322.980558964403,7090.83190984755
14.5767723247883,676.423916878832,7090.8321101288
20.4237482895787,579.739034556326,7090.83239226943
25.2410191960367,62.4020557449256,7090.83262472255
31.9749014721697,2193.16653726764,7090.83294966005
61.7583096487669,1837.55433091903,7090.83438683192
174.41483890451,30.9554222532871,7090.83982297255
182.529432563153,827.175661299862,7090.84021453505
194.446163402947,992.392723553337,7090.8407895663
208.960470934708,167.094060810058,7090.8414899413
216.456917741737,1670.26592556851,7090.84185167568
239.47341538033,1998.06993173013,7090.8429623163
352.110200174221,157.604054806804,7090.8483971913
356.797300849954,88.6746231998359,7090.84862336318
359.188936477482,49.0406951159095,7090.84873876943
6.71744015685013,504.309094484512,7090.84910205068
15.6862356740406,334.862138018366,7090.84953483193
20.9455026141764,1195.22547414874,7090.84978861318
31.0032597605434,88.4093770414651,7090.8502739413
35.0958514964196,2095.59325448083,7090.85047142568
65.5349680758691,54.6575562587748,7090.85194023818
79.537013532224,1049.51669577247,7090.85261589443
162.071432843597,46.3065072398017,7090.85659851943
175.600396783466,218.97371416113,7090.85725134755
181.642951922268,47.4587105725455,7090.85754292567
185.839161808517,846.573644519566,7090.85774541005
196.493046902424,228.052424167124,7090.8582595038
203.565630870938,737.243266435428,7090.85860078505
213.890852278425,1058.6431731241,7090.85909901943
229.017154289359,1928.2411223287,7090.85982892568
348.780914783171,30.3617270214218,7090.86560801943
1.902206225234,177.66679794029,7090.86624117568
4.92688377108413,105.73289466187,7090.8663871288
8.24169202488847,372.878644627761,7090.86654708193
15.8938898288555,1146.96530051361,7090.86691633192
31.7568519084841,648.283871029776,7090.86768178505
42.0124548170021,1868.70141583029,7090.86817666005
69.2076768025283,33.8024400137193,7090.8694889413
76.7977037916641,1846.69313174624,7090.8698551913
169.914446881215,40.3143525506966,7090.87434845693
172.365015308207,187.944909635362,7090.87446670693
182.105441972723,122.371640598473,7090.87493672255
189.314024735329,1275.05805913586,7090.8752845663
198.216116035233,1039.73218923414,7090.8757141288
215.296590929384,712.357284271548,7090.87653833193
224.528317380632,1740.77197101496,7090.87698380068
243.259882200096,255.264948068046,7090.87788767568
346.447010876887,20.7457263173838,7090.8828668788
352.548822624229,61.0320891047955,7090.8831613163
357.348608029068,61.8349260683715,7090.88339292568
3.66704642726807,113.943791901772,7090.8836978163
8.17540588784885,206.065775554265,7090.88391536318
11.5701943802679,23.0515918853147,7090.88407917568
14.3325885348203,351.505852203005,7090.88421247255
21.1998791324374,74.764444635278,7090.88454384755
26.9095611045286,1276.94277374246,7090.88481936318
40.5949236594882,1083.34441417668,7090.88547973818
64.8540964726098,48.7284067263172,7090.88665484755
82.4442429695599,612.027095669987,7090.88750364443
172.959847618092,32.5818608204465,7090.89187139443
182.42115293245,78.5034190431411,7090.8923279413
189.97491353126,301.560415527646,7090.8926924413
196.024916241112,232.620450679732,7090.8929843788
204.578267842673,978.35883838826,7090.89339711318
215.141487073853,1173.9076377637,7090.89390683193
230.27685566352,850.824299902797,7090.89463717568
253.355200420957,1446.49270339414,7090.89575080068
348.54074393959,128.8047862813,7090.90034389443
352.378176121535,77.7820863273604,7090.9005290663
1.0801549203645,192.878671367858,7090.90094897255
5.60599992026062,651.983134147827,7090.90116736318
13.9764008263794,153.497173305261,7090.90157126943
17.264333115363,875.894856644521,7090.90172992568
33.5320534111151,1657.25633216596,7090.90251491005
49.4983097566481,1273.17045794939,7090.90328534755
180.465778971012,36.8761791935679,7090.9096050663
193.81600169573,1003.8380127142,7090.91024926943
205.299479309199,191.510043934251,7090.91080339442
210.004389371019,1227.97738644209,7090.91103042568
233.287703727973,1945.62432831447,7090.9121539413
267.504672034055,1474.48653287086,7090.91380505068
343.745909828972,49.5646995668508,7090.9174840038
349.804979155254,308.215980515669,7090.9177763788
356.641831888216,164.373223365821,7090.91810628505
1.55559718307167,151.64998423689,7090.91834339443
7.7736555593548,327.142257727786,7090.9186434413
13.0180273950866,1627.97375580226,7090.9188965038
26.756818070612,222.885779277426,7090.91955945693
30.3180431463864,90.3538216467936,7090.91973130068
37.1859813621554,426.470830872105,7090.92006270693
48.4994605301302,1830.99857498092,7090.9206086288
66.7815817071708,2318.9561382253,7090.9214908163
167.878862553425,60.8779693322958,7090.92636917568
174.562230990676,191.018853512581,7090.92669167568
183.184205740291,915.499287490462,7090.92712558193
189.290226930228,887.487583423052,7090.92742022255
201.808914318624,1083.89919262208,7090.92802430068
219.873113683895,2492.88856224439,7090.92889597255
258.220882970635,1199.24303820795,7090.93074641005
338.111097422372,30.5160445523978,7090.9346014413
346.239938567267,73.3692273602315,7090.9349936913
353.188180793031,82.9829052695352,7090.93532897255
356.683349382759,234.069791327229,7090.9354976288
3.36866067446514,391.75046540052,7090.93582022255
9.45590112647919,75.4523804546992,7090.93611395693
13.579902116543,272.358052777477,7090.93631295693
20.115614746057,1177.99792143103,7090.93662833193
34.2232210941514,1578.47068749106,7090.93730908192
54.2098603547679,25.2749956380915,7090.93827351943
58.4957646388203,176.499675985653,7090.93848033193
74.0061012734993,1913.21580800263,7090.93922876943
169.180959168019,47.0361839755018,7090.94382134755
171.173341258322,20.0988357901277,7090.94391748818
175.050277808264,167.991232036258,7090.9441045663
182.984834977755,1051.23398874696,7090.9444874413
194.37117062237,238.207314984251,7090.9450368788
205.559012848987,1420.48806051065,7090.94557673818
218.061833668055,1448.1543741951,7090.94618005068
230.385913271971,140.991995856155,7090.94677473818
250.991346889266,911.550335214173,7090.94776903505
343.6013326577,33.7502907565845,7090.95223784755
358.955594524061,84.3861647226163,7090.9529787538
4.86474137907514,731.101235107445,7090.95326389443
16.6309021294485,331.705135581117,7090.95383166005
23.4518884061701,337.32192039615,7090.95416080068
26.5970219858601,51.4251800864951,7090.9543125663
29.5669762125368,1315.89994456505,7090.9544558788
53.8220341801943,1433.96872154256,7090.95562628505
78.9720936107002,1036.83672758592,7090.9568398788
168.580068317815,195.395019608746,7090.96116383193
180.157126000303,274.008704614914,7090.96172247255
183.849816618498,320.176024581897,7090.96190066005
187.320699678317,272.495997988287,7090.96206814443
195.208628680141,57.095432548504,7090.96244876943
199.939443241858,386.341403313395,7090.96267705067
206.83166694984,1490.70811250596,7090.9630096288
222.716000239999,1482.61958266005,7090.96377611318
238.992139496333,164.601693386501,7090.9645615038
270.078221708978,1867.41400121093,7090.96606153505
339.593136920172,84.940977862491,7090.96943247255
347.531255989498,94.9668954586258,7090.96981551943
354.990465016669,471.658323508706,7090.97017545693
358.58795648277,84.4974160085776,7090.97034905068
4.98864174541983,373.08015010673,7090.97065791005
11.0169493979697,1393.13560687526,7090.97094880068
23.8134628248273,396.896487897536,7090.97156628505
31.29533841192,282.782464111619,7090.9719273163
37.1967138491119,301.311087191891,7090.97221208193
41.3330194709722,1807.20127751499,7090.97241167568
76.8358238542421,2314.80390411321,7090.97412483193
168.015879599892,49.3272089840957,7090.97852464442
175.91805616336,816.936185366046,7090.97890595693
188.548780587318,204.601696696116,7090.9795154413
196.293263299392,1302.12052251721,7090.97988914443
206.808559164297,1596.64936827397,7090.98039655068
222.052726736463,274.556738455445,7090.98113214442
230.842781000805,260.798993512168,7090.98155630068
235.144875625565,327.60139045962,7090.98176389443
253.667261327526,3264.79931977985,7090.98265767568
340.506689507646,80.6287051013932,7090.98684803505
346.773966448812,90.7687675022473,7090.98715045693
352.018014513163,60.2185454279258,7090.9874035038
359.903029308696,1432.29050841853,7090.98778398818
14.1573200749954,417.566481392129,7090.9884718163
21.2279612267502,269.584465861783,7090.9888130038
25.8571004925506,257.171589579386,7090.9890363788
32.9449034122408,2378.34729688302,7090.98937839443
52.6051455745766,1949.32914254764,7090.99032708193
88.3310526771347,912.868558522462,7090.9920510038
165.66967106181,56.1831761669573,7090.99578291005
175.410421535402,231.811334017173,7090.9962529413
181.463014680166,232.297139857174,7090.9965450038
188.143468873429,882.732498208583,7090.99686736318
200.11233263518,1397.44482652304,7090.99744491005
215.843505363312,35.7770792158707,7090.9982040038
220.403997632763,1567.7690257121,7090.9984240663
235.797116286665,898.261687254376,7090.99916684755
359.645373364848,162.186847285639,7091.00514303505
5.03254394756926,48.4625950480932,7091.00540298818
7.60810173546353,169.660605009447,7091.00552726943
15.2810231318091,344.159478693484,7091.00589751942
22.9092592903345,366.166874599116,7091.00626561318
27.4412566249771,1220.11822867307,7091.00648430068
45.8292626159216,1246.44428112219,7091.00737159755
68.9587687550004,143.763279059073,7091.0084876913
85.9158887335733,343.28487275026,7091.00932267568
174.413206716513,36.4598490287804,7091.01359303505
180.739740303915,161.140850662989,7091.0138983163
185.520097277287,195.87523270026,7091.01412898818
192.643195084684,193.073418364165,7091.01447270693
195.857299507495,25.7125900432476,7091.01462780068
198.615808028529,1009.21415668864,7091.01476091005
213.202324381083,1081.12208074829,7091.01546476943
229.503072976402,888.164819468074,7091.01625134755
246.172313435215,208.60316252147,7091.01705570693
264.66199468438,3163.02983804917,7091.01794791005
338.019410825982,138.368969060387,7091.02148770692
344.549618776598,60.4909455859115,7091.0218028163
350.164101558898,105.555043872219,7091.02207373818
354.764098271739,1343.03479448761,7091.02229570693
8.76711511762515,232.781932618664,7091.02297141005
13.4231304236385,317.109838388063,7091.02319608193
23.344241120066,82.9262838952793,7091.0236748163
26.4825748222497,1719.92364794704,7091.0238262538
42.3286988676267,2730.47029430984,7091.02459089443
180.94868973273,41.8577672522957,7091.0312798788
185.739408521139,218.286194675343,7091.03151105068
190.429423478555,238.680103459288,7091.03173736318
199.650788114766,979.587189142705,7091.03218233193
208.500422796725,1173.9076377637,7091.03260936318
221.680647000556,350.43512536248,7091.03324536317
233.317608985128,2073.67345517184,7091.03380689443
351.508316975481,48.3412858354182,7091.03951008193
356.114789794447,73.3692273602315,7091.03973236318
359.563006369736,93.2700375266826,7091.0398987538
9.69718185488265,322.747772951715,7091.04038776942
18.3000759057952,1349.2876815846,7091.04080289443
32.1826367178421,1097.13138574108,7091.04147278505
41.1941746937892,124.200469353575,7091.0419076288
55.2603338194307,1083.34441417668,7091.0425863788
72.8359089833566,151.277837479036,7091.04343447255
89.5236064841044,402.537170263173,7091.04423972255
175.658107696489,77.1149394340753,7091.0483960663
178.232693981764,116.874246391951,7091.04852030067
182.519893539816,108.278927490879,7091.04872717568
191.480593905501,662.503329973418,7091.0491595663
198.425921849581,343.065881258653,7091.04949470693
207.369136600558,1120.44840072656,7091.0499262538
223.521210665674,91.7979234293931,7091.05071397255
226.576973656636,1270.33383812147,7091.05086142568
253.573378377391,1680.3148872313,7091.05216411318
345.196401583946,76.8097668801815,7091.05658530068
354.317062351468,154.229878868151,7091.05702541005
359.342217176823,283.313483784298,7091.05726789443
6.30341169023083,299.308994256009,7091.05760380068
13.6573835970417,110.171156919581,7091.05795866005
17.2435418208775,1586.07038613923,7091.05813170693
35.201856409941,1525.00012617907,7091.05899826943
51.3643395853333,1175.95455595421,7091.05977817568
72.0277345748645,87.7694930623285,7091.06077526942
172.334603460478,28.2167171572478,7091.06561548817
184.468932378357,239.622877096224,7091.06620101942
189.309517425193,294.499480357757,7091.06643459755
195.948524358308,130.75922289385,7091.06675495693
201.608663881048,1025.17350164533,7091.06702808192
210.147768034054,1102.05256032003,7091.0674401288
235.029067929439,439.66016938235,7091.0686407538
242.62913288684,43.857976278483,7091.06900748817
255.215819653434,1984.78544710667,7091.06961484755
340.520728270865,94.4709865891014,7091.07373116005
350.149117862123,68.6391846138612,7091.07419576943
354.693419790866,462.323984651292,7091.07441505067
2.23714242141005,107.232729640305,7091.0747790663
11.2133854719547,522.174026240663,7091.07521220693
18.0162385158171,135.626010422385,7091.07554047255
20.9955831303034,1596.64936827397,7091.07568423817
33.4838326917395,1377.5111051828,7091.07628684755
51.6636310301038,855.053750026258,7091.07716409755
81.3515162832264,351.505852203005,7091.07859666005
176.598583111627,49.4698379482905,7091.08319272255
178.723078249414,118.9458115336,7091.08329523818
183.594748741362,123.441756816334,7091.0835303163
193.713057657181,762.105656360035,7091.0840185663
200.126047589323,827.175661299862,7091.08432801943
215.75004034264,1319.55024684771,7091.0850819413
236.401454547146,868.311145207912,7091.08607845693
251.153436093524,1562.3906612916,7091.08679030068
337.491287784655,25.298216646541,7091.09095645692
348.145904798388,73.2410729287203,7091.09148426943
353.067441397978,209.142897444892,7091.0917217538
356.366707004618,180.707643293587,7091.09188095693
4.52922399184077,405.142613901788,7091.09227483192
8.95242234398456,762.500063089533,7091.09248826943
19.2238917841342,515.802289768885,7091.09298391005
27.7354723541671,1828.36978890322,7091.0933946288
43.6777670165625,59.3938717652343,7091.09416391005
46.0823548940386,315.446446741419,7091.0942799413
63.8233952517882,2368.21384724806,7091.09513601942
75.9344101046814,70.3626115705624,7091.09572042568
170.518968615028,49.6593807741696,7091.10028451943
175.142926973309,199.204250317386,7091.10050764443
187.910945427663,205.883324277956,7091.1011237538
191.092345397679,1290.99109180686,7091.10127726943
211.33867753929,243.357500817609,7091.10225423818
214.2280039092,1282.58059728381,7091.10239366005
225.998697986636,2234.44818203689,7091.10296164443
357.869587624431,140.591649433475,7091.10932495693
3.03818873953464,135.902802900212,7091.10957436318
8.81166060953277,107.757101852624,7091.10985295693
13.5512179409077,26.4554263912364,7091.11008166005
15.036518901018,1491.51457851104,7091.11015333193
41.0265326661229,1507.55274930248,7091.11140745693
58.6752881157653,166.530886303029,7091.11225908193
67.915757374367,1690.30411889537,7091.11270497255
169.020161982596,22.8083316122785,7091.11758367568
175.019003197717,200.520378079716,7091.11787314443
184.370538102349,128.877700178442,7091.11832439443
187.615727970272,1092.73856629954,7091.11848098818
200.338413455566,1082.78919164206,7091.11909491005
214.692112891946,124.879370733133,7091.11978753505
224.897525883746,1063.17699088976,7091.12027998818
240.353139199251,2184.37623544787,7091.12102578505
352.134095310525,129.168939433377,7091.12641967568
359.639284924907,102.575975491348,7091.12678183193
4.8363810125158,21.1937290633957,7091.12703261318
6.0901602173641,581.8095449861,7091.12709311318
9.54614817277871,217.7691360572,7091.1272598788
17.4424961728803,228.874821872616,7091.12764091005
21.0280067408683,352.786383439607,7091.12781392568
25.7500785329279,1589.10018477343,7091.12804178505
44.9074490076664,1838.86261773125,7091.12896620692
73.5562388900393,836.571589779567,7091.1303486288
175.72565752489,180.603643151755,7091.13529576943
185.31680933629,169.992520060447,7091.13575858193
193.425898278339,934.350707915144,7091.1361498788
204.160411229013,1235.78669519731,7091.13666786318
220.658034196951,456.104848334249,7091.1374639413
231.448241894026,1438.99148152826,7091.13798461318
354.939664046968,86.4211827100725,7091.14394358192
359.100255198738,49.612060987192,7091.14414434755
6.98462237611883,172.842365420145,7091.14452480068
13.7308092463523,967.855129374584,7091.14485033192
22.7358711161732,240.092890013699,7091.14528486318
32.2421855528198,63.4101174346036,7091.14574358192
35.1593593524748,1395.72264856724,7091.14588434755
64.0105283240615,309.675590726144,7091.14727653505
78.633958647398,1977.50171793132,7091.14798217568
166.250522653742,68.1929096524314,7091.15221003505
170.059459825486,169.660605009447,7091.15239383193
181.590213224775,167.767383318917,7091.15295023818
187.762614822922,1196.23111416445,7091.15324808193
196.470098376042,357.021634478372,7091.1536682538
204.995926470023,235.190922293071,7091.15407966005
212.156585828658,57.3007405413328,7091.1544251913
214.191386568641,1604.16302463773,7091.1545233788
226.576665597857,1705.88332348842,7091.15512101943
263.598122936792,637.529029567929,7091.15690745693
343.607174490077,26.6323890024678,7091.16076822255
350.932975233459,190.625015772383,7091.16112172255
357.293832319036,94.2718889063165,7091.16142866005
2.15870282038964,117.355541950914,7091.16166341005
7.19421938538918,21.3042569696675,7091.16190639443
9.0609645343334,237.891623067199,7091.16199647255
14.6887233756584,1172.88290191198,7091.16226803505
34.4551741232778,1326.82054232447,7091.16322184755
49.2732122310942,945.862721479784,7091.1639368788
71.3733371586126,1503.5592770829,7091.16500330068
171.271885928268,81.4978917684783,7091.1698238163
180.290223857113,384.391157792763,7091.17025898818
187.653909960809,300.311692180699,7091.1706143163
195.409402106073,1150.10623247258,7091.17098855068
212.989834368441,1382.73892336116,7091.1718368788
228.227525834481,1435.64482524283,7091.17257216005
250.850604996241,359.120566617577,7091.17367680068
357.079572949121,136.454680887965,7091.17880278505
3.26946012427987,65.5947934857792,7091.17910147255
6.94369373823606,267.063621217645,7091.17927876943
12.7194321963734,102.02497874312,7091.17955747255
17.5023796800489,1232.86392206268,7091.17978826943
33.3339324677938,445.771558554853,7091.18055220693
43.3372900663673,405.883993082057,7091.18103491005
54.8686910838077,2266.50787027438,7091.18159134755
88.629415907656,1758.6406775294,7091.1832204413
167.599372014799,39.3711972745958,7091.1870310663
175.034943205604,829.353419273815,7091.18738986318
185.64090489554,1131.12985644648,7091.18790164443
198.625226153979,204.785285951026,7091.1885281913
204.594601044761,1516.30152878113,7091.18881623818
219.949834300654,496.196361776668,7091.1895571913
225.466203724569,1035.0956758387,7091.1898233788
245.866020199586,2546.34091589878,7091.1908077538
342.684844257446,65.73785960029,7091.19547966005
351.76988629049,69.4893448338618,7091.19591805067
355.656213228241,292.193658157913,7091.19610558192
1.02330783673585,141.258268970823,7091.1963645663
8.95883643345499,1298.42125939916,7091.19674748818
20.5653605910673,1085.56208466837,7091.19730755068
31.8069546342372,140.858671948685,7091.1978500038
38.1781735348514,67.7090258860424,7091.1981574413
42.4019069286803,1376.63791477394,7091.1983612538
88.881755413379,319.235693435616,7091.20060409755
178.433063909169,125.778873427684,7091.2049253163
189.218090661029,70.0280250454099,7091.20544573817
192.975218795283,925.947540864058,7091.20562703505
206.80273247908,878.636274848077,7091.20629426943
215.217494851639,221.871895855763,7091.2067003163
229.073503507941,1380.12756778494,7091.20736892568
245.66664943705,65.1276671481682,7091.20816961318
251.872403143841,20.3888763511406,7091.2084690663
262.888627841887,1768.18748531815,7091.20900064443
340.1628087482,113.530802814399,7091.2127294413
353.979636770188,74.764444635278,7091.21339616005
358.508719860844,128.512714359097,7091.21361470693
4.27927744915866,1317.72626144055,7091.21389316005
16.0497681009657,84.7194814301844,7091.21449036318
25.6519293455546,663.410271162235,7091.21495370693
36.3262142604605,2272.8656734472,7091.21546878505
51.9592735925106,166.643684962331,7091.21622314443
73.5131367932193,373.482800242186,7091.21726320693
178.676457219605,64.4752862211107,7091.22233776943
185.083942435153,153.619533760363,7091.22264695693
195.682132782659,278.767342543063,7091.22315836318
198.549764095268,357.862683930676,7091.22329673818
208.240000729977,267.906558049091,7091.22376433193
213.126242479557,1302.12052251721,7091.22400011318
226.764005477317,1138.54703442939,7091.2246581913
250.203070793513,999.034965865064,7091.22578922255
349.215360869977,95.0163489554789,7091.23056697255
357.951663204678,281.183298866949,7091.23098853505
5.51610938990466,108.452309632856,7091.23135355067
10.5321976365256,1136.4328367236,7091.23159559755
19.0450734051662,965.367008554097,7091.2320063788
38.4077372884977,32.0183393687223,7091.23294070693
41.4868143444452,401.415373163516,7091.23308928505
49.7131213049666,2047.99954772739,7091.23348623818
79.6211950333904,211.643411129891,7091.23492942568
175.4009237205,32.9581258118328,7091.2395511913
185.606012827832,366.372071569643,7091.2400436288
192.471360570994,304.042430121498,7091.24037491005
195.897882126676,189.339321998716,7091.2405402538
203.606746104272,1152.19545016032,7091.24091223818
220.850419528715,270.280520187072,7091.2417443163
224.517853189773,1573.89312693823,7091.24192128505
244.331903456895,1370.50981674491,7091.24287739442
352.641005156515,94.1222932926422,7091.2481037538
357.751968670762,47.7547133781453,7091.2483503788
3.40595593414832,509.35083928394,7091.24862320693
7.31397789150588,331.931621078141,7091.24881178505
16.1600506359332,242.893816171375,7091.24923864442
23.779544024801,1546.14354652693,7091.2496063163
39.573535223612,502.517583100826,7091.2503684413
47.8953651453039,109.22913962208,7091.2507700038
51.5113135402516,150.15584609035,7091.25094448818
60.3735766253865,429.631191734003,7091.2513721288
179.475281129362,33.7328880106735,7091.25713908192
184.536702307346,124.653481980985,7091.2573833163
190.882016594975,136.523514715492,7091.2576895038
198.986572285353,148.267023658555,7091.25808058193
202.879699138307,34.9804595012326,7091.2582684413
206.313020609191,1088.88009719976,7091.25843411318
222.95182327874,423.996449061548,7091.2592370038
232.908876556418,161.257410202786,7091.25971747255
236.877774167695,915.499287490462,7091.25990898818
262.23345081587,168.660960198075,7091.2611325038
346.090620099821,34.9468717852908,7091.26517895693
357.313433405068,70.9608899418512,7091.2657205038
1.51773840512587,169.438962860369,7091.2659233788
6.22847699261656,131.547162052215,7091.2661506913
15.3455759356954,236.624525529194,7091.2665906288
19.6959176981106,392.708504604045,7091.26680055067
27.9539576841994,1085.56208466837,7091.26719903505
42.9983366020631,1442.33003318561,7091.26792498817
62.6838357215362,929.835375362842,7091.26887489443
170.032526901932,44.3637938885022,7091.27405491005
178.961818051126,159.735530358418,7091.27448578505
186.98347918351,259.498977861483,7091.27487286318
193.569058033754,385.757342735715,7091.27519064443
198.013303749656,452.46520419262,7091.27540509755
204.71318633669,541.949596311042,7091.27572839443
210.94387311615,65.7735810261073,7091.27602905068
218.416682086813,1513.12606888609,7091.27638964443
241.476245993239,1989.62646358325,7091.27750236317
349.451826870299,88.5686246565598,7091.2827126288
353.703407656177,79.3958648825921,7091.28291778505
3.70287954583931,76.3804852699224,7091.28340030067
7.69185320673529,309.189812641719,7091.28359278505
12.1976221947088,1241.6112582514,7091.28381020693
30.0921468858654,306.994346610523,7091.2846736913
34.2015766182971,1465.48828627857,7091.28487198818
52.0303685570913,285.427820267969,7091.28573230068
66.6392275850996,733.564264887576,7091.28643723818
177.829884312199,64.8022954741201,7091.29180264443
183.192121709163,104.12128798043,7091.29206139442
194.51401983772,309.675590726144,7091.29260772255
198.787295718596,400.290439683815,7091.29281392568
207.11430651011,417.20632504294,7091.29321573818
214.277880150428,426.118224039485,7091.29356141005
218.114017058373,1302.12052251721,7091.29374651943
235.414356618748,1266.54187138087,7091.29458133193
349.721342821026,26.764340743668,7091.3001131288
353.876429256201,114.108569815308,7091.3003136288
7.70556198537851,230.999372408114,7091.3009809413
13.3472445415759,260.654886563572,7091.30125317568
20.1523642866658,977.12893332158,7091.30158155068
26.6961720676855,1532.86505710781,7091.3018973163
47.2507680747179,143.632536420135,7091.30288916005
66.7241737950036,1056.36888125815,7091.30382883193
175.971343225304,72.01221563502,7091.30910045693
185.231888458132,221.023435664769,7091.3095473163
192.633136113066,184.310816608857,7091.30990445692
198.970031515506,426.118224039485,7091.31021023818
207.497154770398,392.708504604045,7091.31062170693
212.157055709931,995.417415161626,7091.3108465663
221.035509135773,1035.0956758387,7091.31127498817
237.563893777444,59.3543131310881,7091.31207255068
243.093539260383,1635.34352726202,7091.3123393788
346.89784336156,117.834880741796,7091.31734836318
352.687181725494,39.7570518173573,7091.31762772255
355.457347260173,83.9956160181288,7091.31776139442
4.79042523595753,709.396985598687,7091.3182117538
10.1717672553126,146.353817953582,7091.31847142567
17.8952025659326,1089.43221110991,7091.31884411318
28.4914500212873,1904.39619629501,7091.31935542567
46.0799775105539,92.4607335139882,7091.32020414443
60.966014996568,1648.52620443412,7091.32092245693
176.159245214968,37.7261902273496,7091.3264810038
186.950424301574,384.782011808582,7091.32700172255
193.388347306387,460.369131705107,7091.3273123788
201.723453249407,179.873935191033,7091.32771458192
206.991786843668,1403.45524091146,7091.32796880068
216.694651881554,1428.92842003306,7091.3284370038
238.942108883125,295.264090954817,7091.32951053505
254.178181303786,1430.61051893767,7091.33024573818
351.513800726419,91.1302977524286,7091.33494258193
356.289948257196,77.5401479136129,7091.33517305068
359.430872356595,73.4332178398134,7091.33532461318
9.54173373905983,502.517583100826,7091.3358125038
14.3457286618856,252.452420079763,7091.3360443163
22.7672909873428,1383.60822798944,7091.3364506913
30.2909375682682,1219.13235062721,7091.33681373818
41.2249153641685,44.680304595035,7091.33734134755
55.0607464376477,281.983991712309,7091.33803939443
63.9213905150991,1367.87503546287,7091.33846695693
175.707203724815,217.7691360572,7091.34386108192
183.599989862778,47.6808870164547,7091.3442419413
189.059045532608,260.654886563572,7091.34450536318
192.315892414176,1162.58513926937,7091.34466251943
208.537632160413,215.514203705247,7091.34544528505
213.655395627558,454.123211257595,7091.34569223818
226.430537843886,1846.69313174624,7091.3463086913
260.391698940188,417.566481392129,7091.34794745693
348.603095695465,42.1652400495187,7091.35220401943
2.45359963517224,114.519470295615,7091.35287236318
5.91735893301682,319.706233709027,7091.3530395038
11.0192559062268,295.009433548543,7091.3532856913
18.8832232249131,54.3559364185597,7091.35366516005
24.575095810917,1049.51669577247,7091.3539398163
31.5019668638463,1619.08586537862,7091.3542740663
58.0612326493668,925.947540864058,7091.35555566005
173.331852596078,78.2036727042801,7091.3611179413
185.272221347629,176.499675985653,7091.36169411317
191.638259340724,202.941996541028,7091.36200130068
199.090020872237,675.534461702654,7091.3623608788
207.035911246297,261.662108647087,7091.36274430068
214.888221551339,392.325560927276,7091.36312320693
219.647531123257,871.076544228799,7091.36335286318
231.169541752887,1884.08200152423,7091.36390884755
263.413232553362,883.413397989585,7091.36546473818
336.262272328468,38.9513837850686,7091.3689800038
347.841596749879,126.820234869207,7091.3695387538
350.825474653732,181.226769702114,7091.36968273818
0.497254246506706,78.1435818830722,7091.3701494413
2.82639525012716,112.616888037209,7091.37026183193
8.91266427491335,723.246351697071,7091.37055551943
17.3086458718533,484.548401402662,7091.37096066005
23.1850881986798,604.614303068018,7091.37124422255
29.3778896555216,558.073642853429,7091.37154305068
37.7855282661064,1830.99857498092,7091.3719487538
58.5842744692733,228.546223612902,7091.3729523788
68.3671197457738,1820.46033803118,7091.3734244413
175.405653789904,58.2358258838234,7091.37860291005
178.237018749882,259.064186769464,7091.37873953505
182.952938207195,234.069791327229,7091.37896709755
193.041133180522,205.70072034598,7091.37945389443
197.03658298524,1412.84872690051,7091.3796466913
210.329815727253,958.491508384895,7091.38028814443
220.944196415467,307.4835941419,7091.38080033193
229.689241557521,1026.93142878252,7091.3812223163
242.157415069339,1800.53505438593,7091.38182395693
349.804008413207,104.211479723393,7091.38701834755
353.089674076356,80.7451397411008,7091.38717689443
1.61096880557808,345.467238149766,7091.38758808193
5.24245992308167,72.4025353560087,7091.3877633163
11.2723866587071,457.749643745231,7091.38805428505
21.4641997070142,1130.06615176658,7091.38854608193
28.9386276853609,279.843676009861,7091.3889067538
39.6093507381277,92.0023779382717,7091.38942166005
43.8848932071429,1276.00086052837,7091.38962797255
60.9870631585956,1766.82679597917,7091.39045322255
177.476491193828,46.6601896009777,7091.3960743163
182.809586075528,100.540901992741,7091.39633166005
188.798065513309,411.035927516679,7091.3966206288
196.365749789295,192.195578896381,7091.39698580067
200.890623399659,295.772711877973,7091.39720414443
205.089099911743,1411.14553375843,7091.39740673818
224.516525120209,188.344354001835,7091.3983441913
227.844933242114,1425.55822701951,7091.39850480068
239.59231329226,246.883513632667,7091.39907166005
261.12933853411,2281.31513679841,7091.40011091005
343.598348902196,187.143425756098,7091.4040903788
348.367372595607,90.2497868104923,7091.4043205038
353.452755419033,67.674324477629,7091.40456589443
359.933097111222,1325.00665994684,7091.40487859755
15.6179655184581,1121.52109821295,7091.40563545693
24.9643195155716,306.994346610523,7091.40608645693
38.3284659551613,106.17622059339,7091.40673133193
42.982538369023,2768.95417705703,7091.40695591005
78.0507942142731,48.2440164206732,7091.40864809755
173.245080577956,30.9743827808795,7091.41324161318
184.582197619992,87.6623842960278,7091.41378867568
189.980701407283,69.7592053566787,7091.41404917568
195.495128014438,185.226028959207,7091.41431526943
208.577562706655,1528.15082810065,7091.41494655068
222.850634248574,170.213426686772,7091.41563528505
228.258204614598,1154.28089308978,7091.41589622255
249.472718504773,954.720413837151,7091.41691991005
352.009118101055,94.3216962867588,7091.42189203505
357.325375023896,106.264663735089,7091.4221485663
6.05066796310338,295.772711877973,7091.42256959755
10.6937309814723,336.652872245935,7091.42279364443
18.9598660813708,61.8728956958137,7091.42319251943
21.6315944485875,1195.22547414874,7091.4233214413
29.5952942087351,1177.99792143103,7091.42370572255
48.717369795767,348.930662141811,7091.4246284413
63.5418840097096,1002.03956243661,7091.42534378505
174.153574444116,116.067655486773,7091.4306812538
186.343598108396,222.717122522198,7091.43126947255
190.508074969077,371.667335796744,7091.43147042568
194.856473877037,34.8122017324037,7091.4316802538
196.813237270557,250.809734092527,7091.43177467568
209.320915188068,1358.17046498232,7091.43237822255
225.076697217489,365.961566606288,7091.4331385038
240.573433946372,1405.16787094924,7091.43388628505
351.487883642693,94.1721770009174,7091.43923836318
357.237070020478,35.9408197647682,7091.43951578505
3.93986681380312,314.252929234371,7091.43983922255
8.37213170698437,219.659068712019,7091.44005309755
17.0190634529571,192.391005904291,7091.44047034755
21.1893687639165,1332.24709042423,7091.44067158193
34.0778432898055,1201.2467687228,7091.4412935038
51.4312871239748,120.437090855852,7091.4421308788
58.8296205349219,240.718139865592,7091.4424878788
181.208767069094,34.6092113301388,7091.44839317568
189.676633715446,65.0555026515676,7091.44880178505
192.405675836748,217.077786301978,7091.44893347255
202.115340827532,390.019988527612,7091.4494020038
213.421696271228,1098.77429377292,7091.44994758193
223.770879324157,1111.82951734179,7091.45044697255
255.990932288266,1453.12806232312,7091.45200172255
346.93914254497,23.2670913785649,7091.45639034755
348.658231810785,144.805070712017,7091.45647330068
354.537912228371,99.9786989308582,7091.45675701942
1.75912346954572,509.35083928394,7091.45710547255
7.57889966043935,146.225392905208,7091.45738630068
14.2823441473085,710.244030255325,7091.45770976943
20.6632771694158,65.6305912394295,7091.45801767568
21.5071172129259,1488.28616097774,7091.45805839443
36.109176288036,1255.09691528691,7091.4587630038
59.5271941650817,361.623175848536,7091.45989301943
69.6192747719273,417.566481392129,7091.4603800038
176.957971919914,64.8385303780863,7091.46559305068
179.527701182138,65.0555026515676,7091.46571705068
183.611226339281,108.711872837119,7091.46591409755
194.550708851776,281.71734389737,7091.46644197255
201.489884498806,377.883946356405,7091.4667768163
209.246995689449,1113.99045543692,7091.4671511288
222.743579023295,501.319707968406,7091.46780239443
233.573291088367,1405.16787094924,7091.46832497255
256.301277064385,505.499919700725,7091.4694216913
351.408783198859,68.6733933608075,7091.47401101943
359.281169515823,192.878671367858,7091.47439089443
7.25911676222324,368.009511753087,7091.47477586317
10.7908754759616,150.530768405766,7091.47494628505
18.7762702934115,55.8897858549123,7091.47533161318
20.5325973390851,845.152059447685,7091.47541636318
31.3130908392746,1438.99148152826,7091.4759365663
52.0402757644087,274.28284643527,7091.47693673818
60.4524477020563,450.467552148837,7091.47734266005
86.8504578117399,2101.32355960013,7091.47861647255
168.756044647385,40.9214849506068,7091.4825687538
174.33199445122,169.438962860369,7091.4828378163
179.327682839146,947.133149686863,7091.4830788788
193.78014328976,241.341752138524,7091.48377626943
198.350025984717,71.0931521985536,7091.48399678505
202.721415223978,1531.2953127733,7091.48420772255
222.836281860864,1567.00186160208,7091.48517834755
240.513208511631,497.708707580813,7091.48603133193
252.734641430099,435.883246163726,7091.4866210663
354.385307765137,77.1149394340753,7091.4915261288
358.749573242424,103.759757730248,7091.49173672255
2.42931153527902,189.339321998716,7091.49191428505
10.280002832637,237.891623067199,7091.49229311318
16.7273162252586,431.725266647476,7091.49260422255
24.7301966197198,161.490279482202,7091.49299039443
26.3978006571213,116.55228171481,7091.49307086318
30.910369560297,1368.75377698686,7091.49328861318
49.1147771999506,876.581029984891,7091.49416705068
66.020396550164,1712.91780759475,7091.4949828163
179.558003516187,176.499675985653,7091.50046147255
184.513863651648,520.155141181533,7091.50070061317
192.444858996697,371.262687259843,7091.5010833163
196.425737430695,498.613927923941,7091.50127541005
201.144895016463,28.1333602247802,7091.5015031288
204.834956687688,532.718313905889,7091.50170428505
210.779398392712,66.6602884002998,7091.5019911288
213.375679810681,1769.54706443411,7091.50211641005
231.883494217313,462.973770432029,7091.50300948817
245.437715152016,2139.8833816022,7091.50366353505
345.695689244127,51.5164438885662,7091.50850139443
350.514579195965,115.010626022816,7091.50873392568
358.323499424098,104.391620348032,7091.50911073818
0.992637318706953,252.303539172161,7091.50923953505
5.66095718112491,24.9476463792808,7091.50946480067
10.7537875756013,1346.61148898374,7091.50971055068
25.1796958704707,427.878316111574,7091.51040666005
28.5511702979039,523.611376479494,7091.51056934755
37.809125095821,1527.36379099849,7091.51101608193
53.6102400943022,161.838931145297,7091.51177855068
58.5631859857759,443.743791711526,7091.51201755068
80.7860336106654,69.9609190024653,7091.51308989442
176.035367102598,52.0606439902149,7091.5176860663
184.89277308929,187.344112445587,7091.51811347255
191.786939651728,334.637623167211,7091.51844614443
200.857410427139,88.1965958599018,7091.51888383193
206.166543588006,1353.73645626657,7091.51914001943
225.947889402333,1405.16787094924,7091.52009455067
358.965702079236,98.7495987758713,7091.52651320693
2.80799135962344,86.5840871222545,7091.52669861318
6.99772502665763,165.285146680461,7091.52690078505
17.0648725985301,257.755400356885,7091.5273865663
23.3175782066718,1125.801785129,7091.52768828505
37.7936764936517,982.039227714893,7091.5283868163
53.9046744406299,1404.31188899726,7091.52916423818
176.306163574864,48.968808175065,7091.53507061318
181.042159081796,167.543257045821,7091.53529914443
188.475139799993,121.524235119352,7091.5356578163
191.333704533868,252.154547242256,7091.5357957538
203.215140523651,1046.64843458835,7091.53636908193
212.877529728615,357.021634478372,7091.53683533192
216.838332188387,574.530145680541,7091.53702645692
223.796288648732,54.8719819581933,7091.53736220693
237.892238020877,2183.27489420744,7091.53804239443
347.58014821967,99.9786989308582,7091.54335780068
353.586760852613,64.1099812126456,7091.54364764443
356.078452692982,47.6316035225022,7091.5437678788
3.8232592141325,544.716105554954,7091.54414159755
10.110612167221,107.757101852624,7091.54444498818
13.0174240764466,196.736640867279,7091.5445852538
24.1706189958123,1555.44843671862,7091.5451234413
36.9616277060754,1537.56463117105,7091.54574066005
52.9570266422644,320.410670218152,7091.5465125038
68.192451482469,75.7009940843822,7091.54724767568
74.4017670513985,92.4607335139882,7091.54754730068
180.380756282473,150.15584609035,7091.55266122255
190.972470523854,143.370662564202,7091.5531723163
193.855320825334,269.723854362525,7091.55331142568
199.125920970038,511.706232941833,7091.5535657538
208.365418839108,98.1771261510112,7091.55401159755
212.35504008046,727.804205791216,7091.55420411318
223.824594016753,361.830926332019,7091.5547575663
231.601781143927,1569.3022437091,7091.55513284755
269.333670204887,1787.12800114056,7091.5569535663
344.07924530005,213.235415436053,7091.56056034755
352.630330275776,207.338354818454,7091.56097297255
357.78338870602,151.773829615287,7091.5612216288
6.23312215720977,1617.59972083786,7091.56162936318
21.0906646707195,77.2974531604298,7091.56234630068
28.6541394664143,1515.50816340773,7091.56271126943
52.0556431936763,140.05605009082,7091.56384048818
60.3596637292808,2803.48100289984,7091.5642411913
167.514070971969,45.4102519475974,7091.56941183192
177.063451789536,184.310816608857,7091.5698726288
183.225815344026,910.230169015591,7091.57016998818
195.078432514533,498.613927923941,7091.57074192568
204.283930619112,874.520900140396,7091.5711861288
216.78804671218,1523.42216619417,7091.5717895038
236.677867775322,1010.40498190486,7091.57274926943
259.07783760768,2763.73790519813,7091.57383016005
341.798769552027,77.9027675701371,7091.57782178505
345.466203137693,80.8032876720155,7091.5779987538
354.036716544886,276.602130089287,7091.5784123163
0.000262909997292837,1321.37156771961,7091.57870008193
12.50114087461,54.0960609640706,7091.57930330068
14.1651830498724,1083.34441417668,7091.57938359755
34.3817249449793,2355.99584286206,7091.5803591288
58.6461733004462,314.730852490896,7091.58152998818
65.8978223308845,584.901571620833,7091.58187991005
90.7493320174622,1971.41147850743,7091.58307909755
163.011649670479,40.9788418476165,7091.58659947255
168.414686747136,38.8306053977772,7091.5868601913
178.68550860683,1026.93142878252,7091.58735580068
188.088852586648,436.227942657297,7091.58780955068
194.773516222506,64.1099812126456,7091.58813211317
201.409608911633,1157.4019520566,7091.58845233193
212.159016966711,1660.15612368398,7091.58897103505
225.598286508777,729.866611592911,7091.58961953505
247.668945074259,2279.20571305162,7091.59068453505
347.530579873132,40.4307004542304,7091.59550326943
350.357735390515,62.7772972494611,7091.5956396913
359.653251777366,1142.76399454383,7091.59608823818
13.2621959558502,149.528889270556,7091.59674492568
16.0812563217274,343.941042313389,7091.59688095693
26.3397735496246,2238.74940807889,7091.59737597255
40.9162519339136,807.311772987873,7091.59807934755
46.2260327129318,84.7194814301844,7091.5983355663
60.1843642833024,1376.63791477394,7091.59900911318
175.208567408044,119.73301516921,7091.6045595038
184.081516117292,52.5098402259783,7091.60498766005
191.633657670722,260.510668592673,7091.60535208192
198.008438433475,1202.24752375719,7091.6056596913
211.57690685443,1196.23111416445,7091.60631442568
222.261553546677,176.606090862563,7091.6068300038
234.484605472828,1489.90120241166,7091.6074198163
356.553545211731,124.124807654447,7091.61331014442
359.801325552261,45.1248934052462,7091.61346686318
5.47085546281101,167.991232036258,7091.6137404413
12.7691326609168,600.122673777292,7091.61409261318
18.2307787656584,142.186304397107,7091.61435616005
23.265971521582,459.715654432813,7091.6145991288
28.0638141096615,146.738454720463,7091.61483064443
34.2158158868102,122.217999609653,7091.6151275038
38.1665803029243,1824.419393337,7091.61531814442
64.1170897000319,2388.43811395384,7091.61657036318
171.303877661832,120.280993498589,7091.6217425663
177.669915617231,140.324099562328,7091.6220497538
181.142417684733,955.979184702471,7091.6222173163
195.255204978042,190.822024848103,7091.6228983163
200.156018060646,1117.22409101844,7091.62313480068
209.265993204055,20.4320258628821,7091.62357439443
213.822923649063,2088.69610496265,7091.62379428505
236.455661971474,303.29996847378,7091.62490872255
250.585287223642,1652.89693043746,7091.62559053505
348.379740638813,33.6806312006832,7091.63030951943
351.529083698794,185.226028959207,7091.63046148818
359.045930364517,150.030668444323,7091.63082420693
5.9290874560699,662.956911590129,7091.63115634755
11.997870979237,236.941938291935,7091.6314491913
19.7180681990979,53.043854031376,7091.63182172255
22.8249926093979,1593.63400253909,7091.63197164443
35.3796224659563,1473.67085201466,7091.63257745692
65.4055618310045,288.309653928565,7091.63402633193
71.9665313799598,758.150764390564,7091.63434292568
175.005680477634,55.3832257832454,7091.63931498818
184.412586281895,133.038427496679,7091.63976891005
188.683595461544,269.305550082422,7091.6399750038
193.922138809301,323.909982169468,7091.64022778505
203.439138870061,467.818450644586,7091.64068701942
208.90337544741,448.796055874112,7091.6409506913
214.09950010779,47.9510355033685,7091.64120142567
217.196710321205,1209.22860613604,7091.6413508788
232.012158031806,1718.52476693601,7091.64206578505
357.56622831678,44.7590783880791,7091.64812428505
0.736942624986732,168.772329445233,7091.64827728505
8.72136605290493,258.919080620146,7091.6486625663
16.1514324894194,781.580078434985,7091.64902109755
24.2848069613776,669.275246334422,7091.6494135663
28.7141575728756,326.912413806113,7091.64962730068
39.505660468558,107.320298481373,7091.65014803505
45.4526926838857,1610.14868105269,7091.6504350038
58.5723651182648,2279.20571305162,7091.65106808193
175.604169246788,210.396880473418,7091.65671534755
180.934026075425,282.782464111619,7091.65697253505
188.986125034769,148.267023658555,7091.65736108193
194.996947110308,1570.83401841618,7091.6576511288
209.418645924886,1104.77704762246,7091.65834703505
225.78415584534,404.028088762942,7091.65913673818
226.600472305878,251.707071852181,7091.6591761288
238.33522383976,63.224647739446,7091.6597423788
250.90377741119,3337.65060034352,7091.66034886318
343.913340525926,49.2318893985377,7091.66483695692
349.882715379012,271.667299767131,7091.6651250038
359.423029580149,189.04137977227,7091.66558536318
3.15587218449371,238.207314984251,7091.66576548818
10.930526527322,2032.67624954151,7091.6661663788
28.7285568677763,80.9194655726486,7091.66702520693
34.8306924241944,1545.36561325358,7091.66731966005
59.9564664001829,2587.56482907074,7091.66853208193
174.140067572173,118.073814614483,7091.67404191005
178.583989516695,31.1445209899563,7091.67425634755
181.978130390962,145.193801426302,7091.6744201288
192.097410734009,1249.33519085602,7091.67490842568
206.780097665885,1292.85260275225,7091.67561692568
218.290451244175,780.425279955921,7091.67617234755
231.007955897342,1478.55860888058,7091.67678601943
266.532131491142,1443.1635886325,7091.67850020693
345.430202511176,102.667520318622,7091.68230736317
350.759411721662,51.1044852269382,7091.68256451943
355.947441230536,215.688480964538,7091.68281486318
1.85594046739828,1076.10520494461,7091.68309997255
12.960564364641,231.811334017173,7091.6836358163
18.4552386935577,1295.63992867787,7091.68390095692
33.1019830818799,61.68281163621,7091.68460772255
36.5285046752584,248.703307947906,7091.6847730663
46.9777439787245,570.328784199603,7091.68527728505
60.588954858436,2285.52798908765,7091.68593408193
179.629331380274,53.043854031376,7091.69167826943
181.461105337499,254.822912770791,7091.69176666005
189.556270640068,257.755400356885,7091.69215728505
196.465332231518,86.5298180330321,7091.69249067567
200.537200412712,1484.24073032061,7091.69268716005
213.863785263367,1165.6839937757,7091.69333022255
235.173822077017,608.579020511257,7091.69435851943
250.777091237955,1867.41400121093,7091.6951114413
341.095173820324,26.8519494833752,7091.69946966005
350.233967745313,92.6130144796034,7091.69991064443
354.509510214328,259.498977861483,7091.70011695692
1.78933044589078,181.434006707448,7091.70046823818
9.43181405297238,1287.2598542657,7091.70083701943
21.469972429225,84.3304800990374,7091.70141791005
25.2024912244937,1100.4146482918,7091.70159801943
41.1794331941397,1276.94277374246,7091.70236897255
60.0777583306434,1953.02685135346,7091.70328089442
183.696127571144,832.248214788223,7091.70926653505
194.650505150347,898.930818671317,7091.7097951288
205.646006218319,78.8020274034018,7091.71032570692
215.67105891189,794.550092386714,7091.71080945693
222.070125166857,1904.39619629501,7091.71111823818
243.879471768269,2707.47291253315,7091.7121706288
343.976190146848,93.8724306620564,7091.71700070693
352.068441167733,126.449295478892,7091.7173911913
359.38485148561,504.309094484512,7091.71774423817
5.99860153697883,266.641153601199,7091.7180633788
13.5672572024962,51.9251308617186,7091.71842859755
17.0608067845408,1401.74050144992,7091.71859717568
30.1199273740761,2287.63163967471,7091.71922733193
52.2113095319369,332.384147982978,7091.72029333193
64.5609698266742,76.0723775639072,7091.7208892538
66.6854650021573,1393.99847221,7091.72099176943
172.445884841007,56.6411431646152,7091.72609514443
178.169166643502,231.649158188851,7091.7263713163
187.538510934222,279.036821426715,7091.72682342568
193.726131483545,504.607078344321,7091.7271220038
201.354367566678,1318.63853169989,7091.72749009755
218.703925767329,1658.70683854763,7091.72832728505
241.312103289963,48.7765799972451,7091.72941822255
253.474603408967,2142.13002891483,7091.73000511318
339.760969871683,26.1428621806115,7091.73416878505
346.982504884237,148.267023658555,7091.7345172538
350.772661242666,61.8349260683715,7091.73470014443
357.76623643749,317.109838388063,7091.73503761318
3.38460492870132,211.998224530774,7091.73530872255
6.82602158878783,29.0371424821467,7091.73547478505
11.2401532868059,1665.94060768688,7091.73568778505
29.2541626599666,294.499480357757,7091.73655703505
34.1604803837727,1335.852650719,7091.73679378505
47.7438438714356,216.210521708504,7091.73744923818
65.9777179108214,241.497433162152,7091.73832909755
74.1593395581306,3054.72758199699,7091.73872389443
164.321994952637,84.8856540613951,7091.74307461318
175.813243908536,782.73315606836,7091.74362911317
187.287331171892,337.989664034311,7091.74418278505
191.81965231561,912.209696668498,7091.74440148818
206.12219025726,2128.61483994686,7091.74509164442
222.951715040074,894.908702697705,7091.74590373818
237.401908827157,1605.66149265406,7091.74660101943
351.305163804517,73.1769089767909,7091.7521056288
354.734599604187,73.6248700894393,7091.75227111318
0.739593191751204,150.405896071071,7091.7525608788
7.10854546652991,421.864015942575,7091.75286820693
14.0493401212434,307.239067520726,7091.7532031288
20.9661730928193,555.914758670895,7091.75353689442
27.0404613325809,1487.47791861581,7091.7538300038
40.7776329627266,472.295258457933,7091.7544928788
47.3114027377852,27.6491728817829,7091.75480816005
53.9733999268093,215.339759912503,7091.7551296288
59.8012713069049,1979.93266226604,7091.75541084755
171.493504447602,32.7257110299684,7091.76080045693
176.060472898571,233.10456342962,7091.76102083193
184.798718050032,240.092890013699,7091.76144248818
190.282383021151,114.601481082666,7091.76170709755
195.291347468102,1485.86021264663,7091.76194880068
209.292745268609,106.617707718026,7091.76262442568
211.119014546936,1033.35151546702,7091.76271255068
225.972023771079,769.173280623647,7091.76342926943
241.250838688192,265.935579113474,7091.76416653505
248.291689593443,30.9933329001311,7091.76450628505
262.828015953887,2084.08534874138,7091.76520772255
345.852354665212,49.4698379482905,7091.76921398818
351.075679099489,97.7936204238361,7091.76946603505
354.971072615974,421.864015942575,7091.7696540038
3.75076502758347,262.95143840116,7091.77007766005
7.74621479460569,177.77251892781,7091.77027045693
11.9453389248413,1337.65187815271,7091.77047308193
24.5540445201172,1314.98578692657,7091.7710815038
38.489062025502,135.348648955258,7091.77175392568
52.0199688198269,873.144778701374,7091.77240684755
65.6046275814896,2138.75916976747,7091.77306236318
169.709424205659,51.9703412249495,7091.77808584755
175.945291854941,67.3263875206054,7091.7783867538
181.573374543038,183.800419328861,7091.77865833192
185.056238500969,986.315584761144,7091.77882639443
198.881809292615,911.550335214173,7091.77949353505
213.501030135661,1639.74966937985,7091.78019897255
231.55875335711,907.584118969851,7091.78107033192
260.329294547322,2548.22918321906,7091.7824586288
345.335329649445,192.976065682693,7091.78656051943
349.900679092731,95.4602369374058,7091.7867808163
354.277572973194,43.7507460815389,7091.78699201942
357.180823057977,499.216445959405,7091.78713211318
3.16897872437783,22.3532893584011,7091.7874210663
9.06420182682332,412.496092838666,7091.78770553505
14.5352383570704,1167.74534486552,7091.78796953505
31.9427578922614,2408.49229449225,7091.78880951942
55.8101443411543,38.7397718071281,7091.7899779413
58.1878562538096,245.815728883159,7091.79009267568
69.7121335092759,1617.59972083786,7091.79064876943
168.234180414408,33.2596068741697,7091.79540286318
175.892206706349,160.43973094515,7091.79577239443
178.822008909181,257.901144884443,7091.79591376943
188.329618582131,197.308835936383,7091.79637255067
194.44308741851,1087.22242320169,7091.79666755068
202.021133509533,1076.10520494461,7091.79703322255
219.063075425218,593.068094634219,7091.7978555663
230.470782318059,1664.49642957645,7091.79840603505
247.287030966457,25.5062446857801,7091.79921748817
265.608009006431,2272.8656734472,7091.80010155068
338.640970941904,22.6533462127643,7091.8036256913
344.188101964158,172.406991461038,7091.80389336318
348.417340074582,109.572628748111,7091.8040974413
358.537915691628,859.262383468007,7091.80458580068
4.81328782199579,482.683504277048,7091.80488861318
12.9554050259157,84.8303025047237,7091.8052815038
17.5547541583002,1940.67362180306,7091.8055034413
40.6551177067228,1719.92364794704,7091.8066181288
56.0139128247543,1003.8380127142,7091.8073592538
175.159202695572,123.897531123518,7091.8131085038
185.341301546994,144.934758639081,7091.81359983192
189.700709963534,629.939156393533,7091.8138101913
199.413289236002,264.944594041694,7091.81427886318
205.166361285001,1202.24752375719,7091.81455647255
218.536336212565,1169.80314324167,7091.8152016288
240.012809684963,625.148655064578,7091.81623795693
259.952496893444,2029.12375790731,7091.8172001288
338.326325053046,69.6244034648075,7091.82098198818
342.290689374957,23.3803757604401,7091.82117328505
355.073602933714,106.793782150838,7091.82179011318
0.31311770869932,1250.29731012916,7091.8220429413
14.181431034494,208.963138459417,7091.82271214443
20.0076833315138,424.350832251008,7091.82299328505
25.0691044718027,85.6568635465571,7091.82323751943
32.5739703148052,1665.94060768688,7091.82359966005
50.5131802814777,2018.42831337729,7091.82446530068
73.9593693596479,738.465566474389,7091.82559667568
176.935519812825,71.8162682100676,7091.83058198818
181.044949507561,201.641661701224,7091.83078028505
188.482787361897,877.951711331093,7091.8311391913
201.02737925019,1321.37156771961,7091.83174451943
212.347982180139,159.853116854514,7091.83229078505
223.202303546501,1733.85039659024,7091.83281455068
249.595456520045,1540.68968694077,7091.8340881288
343.991559542962,34.4732228874101,7091.8386431288
354.59007373724,231.649158188851,7091.83915455068
1.00856838597761,199.769367714708,7091.83946426943
7.57504261383133,1099.32141167945,7091.8397811288
22.8331339008699,890.193363467517,7091.84051739443
30.9635940911449,1351.95865613724,7091.84090972255
50.9382524536484,2129.74438085212,7091.84187358193
79.5695567213141,66.6250457581619,7091.84325516005
173.685890851314,50.410415425306,7091.84779666005
178.370724863515,155.564172654721,7091.84802272255
190.353188493367,409.570571902051,7091.84860092568
198.793531594443,1380.12756778494,7091.84900820693
218.563867975581,626.589613528239,7091.84996220692
226.550234220259,1431.45073572271,7091.85034758193
247.972308144863,2633.62709418402,7091.85138128505
345.396650575768,126.0027499006,7091.85608241005
351.600137656723,170.984379432859,7091.8563817538
354.152705151012,93.2196611569402,7091.85650492568
359.389953300162,1273.17045794939,7091.85675764443
14.6266733389738,244.128356419182,7091.8574928788
18.5058765147511,1225.03618360525,7091.8576800663
37.519476852968,474.834505048705,7091.85859755068
43.054627052502,204.968708672482,7091.85886464443
48.9903260255645,2911.21682316486,7091.8591510663
178.577407666494,61.7208784081669,7091.86540417568
182.617866555805,248.098180888334,7091.86559914443
190.184903251334,169.328037702421,7091.86596428505
196.205439523758,1284.45443170477,7091.86625480068
206.26157758705,213.587564301676,7091.86674005067
212.797614063336,986.315584761144,7091.8670554413
228.187170817403,2172.2315057815,7091.86779805068
261.790525598933,298.050861768928,7091.86941955068
352.551971049388,102.484354336241,7091.87380430068
358.172606166435,132.472297020847,7091.87407551942
4.62315768751176,34.0964548262157,7091.87438678505
9.03113708847946,286.479118205563,7091.87459948818
12.7400179719904,1161.55041141042,7091.87477845693
34.2466054245758,570.855640535939,7091.87581623818
41.3282560095196,1449.81415761691,7091.87615795693
62.0450791196165,326.682458862138,7091.8771576288
179.570364510232,87.5014921630779,7091.88282870693
186.177314571007,66.8362240552334,7091.88314751943
195.471211912478,862.056814820988,7091.88359598818
210.116984911269,1039.15365201601,7091.88430270693
223.326999323908,253.640469738414,7091.88494014442
234.580898074266,75.0153342221616,7091.8854831913
240.284427749307,1530.50971896107,7091.88575841005
356.634618937385,58.837656968791,7091.89137278505
5.81939344958602,1110.74738295969,7091.89181598818
18.2878907704794,148.646706055189,7091.89241764443
21.2008550898435,166.756386477118,7091.89255820693
34.1278625565021,340.426853373543,7091.89318198818
41.9529730499509,2075.99182289187,7091.89355958192
75.4157958234148,364.314939327315,7091.89517430068
173.911290535106,46.2811421131359,7091.89992711318
180.81031415829,47.4834477293129,7091.90026001943
187.082772006975,318.528647902383,7091.9005626913
199.775667321156,442.386766108527,7091.90117517568
207.842337613524,207.700523446874,7091.90156442568
211.77399748264,1490.70811250596,7091.90175414443
233.535096946397,801.33155666573,7091.90280420693
257.048313900145,1456.43441751275,7091.9039388163
340.209622795094,29.3788847416376,7091.9079516913
349.159637498969,145.581491306501,7091.9083835663
0.299556321614496,238.049524536876,7091.90892111318
4.42031925861524,1098.22695382178,7091.90911995693
11.5194553828744,243.511877329183,7091.90946251943
19.4248699617095,126.968296987329,7091.90984398818
25.5791383646937,1476.93113294878,7091.91014095692
44.4256545390994,286.479118205563,7091.9110503788
55.4807359869913,1085.00808337908,7091.91158383192
79.9660359112486,2030.30858791919,7091.91277083193
162.531864439113,37.2878637688867,7091.91675497255
170.354708306726,102.300848348058,7091.91713245693
178.24231353717,907.584118969851,7091.9175130663
188.869970284408,527.899779445562,7091.91802589443
198.078706517443,788.473175639126,7091.9184702538
216.627644375148,2086.39194809734,7091.9193653163
252.415074749778,2039.76280310769,7091.92109220693
344.025469477764,53.043854031376,7091.92551278505
351.879398828185,108.452309632856,7091.92589176943
0.397779313420239,127.190077914285,7091.9263028163
4.43338110428767,1024.58685979911,7091.92649755068
17.9212216684762,555.914758670895,7091.92714839443
24.9831200128773,51.4708310694889,7091.92748916005
27.4994211922315,1190.18439548313,7091.92761058193
38.664596934318,2172.2315057815,7091.92814934755
72.2433424145589,491.325591323033,7091.92976966005
174.18932036507,47.5328873483782,7091.93468897255
183.011755235436,99.6964039101655,7091.9351146913
188.109766537431,269.584465861783,7091.9353606913
196.532624099191,345.68473084029,7091.9357671288
202.021469902438,1016.92954057597,7091.93603198817
211.906961977475,1074.4277689767,7091.9365090038
221.780473116703,372.071540244434,7091.9369854413
234.929611950814,1845.39039604914,7091.9376199413
349.078565815554,62.2135884476016,7091.94312809755
357.454795209647,44.7065787168022,7091.94353228505
359.21468411746,87.8229919343276,7091.94361720693
6.03081325804252,358.492180385639,7091.94394611318
15.8871627047274,315.208109613607,7091.94442172255
19.2842178606779,354.274498626239,7091.94458564443
24.6325316181617,1553.90145195611,7091.94484372255
40.9604799496818,56.4750399223435,7091.94563161318
43.6827221180848,1322.28117344368,7091.94576297255
66.4311078774057,569.273517214697,7091.94686067567
179.705460137991,41.8858142614553,7091.9523266288
185.261010120828,243.666142818455,7091.95259470693
192.205042903997,284.636758607348,7091.95292978505
198.8092685714,91.3876543884307,7091.95325095693
202.372112692554,1094.38791362493,7091.9534228788
215.298148731985,1177.99792143103,7091.95404661317
234.660165034861,387.118753719662,7091.95498091005
251.681707091851,1933.22380326322,7091.95580226943
344.512528953739,93.0683655142595,7091.96028173817
350.091069267877,55.552590305652,7091.96055092568
353.97804382378,251.707071852181,7091.96073848818
5.53340652435837,184.819826110072,7091.96129608193
10.1826218020814,1295.63992867787,7091.96152042568
19.9570481556963,1185.12188951314,7091.96199208193
35.7869819357577,76.6873647917166,7091.9627559413
42.8615087210314,204.417940907753,7091.9630973163
59.2943704015313,2400.49069510917,7091.96389026943
173.523304504885,88.9390922020894,7091.96940228505
182.677964961506,269.863104085388,7091.96984403505
188.572540521192,388.862109179655,7091.97012847255
195.628934186694,337.32192039615,7091.97046897255
203.945259354096,396.517596534807,7091.97087026943
213.606029551377,1809.86081677048,7091.9713364413
229.785674494705,227.227042737255,7091.97211717568
240.55159666187,1360.82412005578,7091.97263667568
354.352782217799,135.971914283495,7091.97812805068
0.770629248384207,54.8291655133593,7091.97843773818
6.83520325356431,178.826314867209,7091.9787303788
16.1945095383224,1291.92223585761,7091.9791820038
31.7874168088311,1129.00155890827,7091.97993442568
50.7854744621882,331.024679889325,7091.98085116005
57.6427270161481,56.9306546349679,7091.98118205067
68.5754096134407,2302.30279285593,7091.98170959755
166.168455291233,36.4598490287804,7091.98641886317
172.436703697323,196.545529851377,7091.98672133193
178.571867515612,175.324768592056,7091.9870173788
181.859476033216,153.006773917497,7091.98717601943
189.144800943677,1417.09799450496,7091.9875275663
204.79761251627,532.153709986716,7091.9882828788
214.775713195402,1276.00086052837,7091.98876436318
229.726512006551,296.280472378285,7091.98948580068
237.453185332538,2036.22252392677,7091.98985864443
349.988373879131,75.1404702348246,7091.99529645693
1.27951040934781,295.264090954817,7091.99584130068
5.26492213271262,182.260595504857,7091.99603361318
10.014193698669,144.545320157619,7091.99626278505
18.6685729779957,1414.55003266344,7091.99668039443
31.555752267581,95.2138853871354,7091.9973022538
33.796493996613,536.653999017034,7091.9974103788
46.5230652285135,382.823828193324,7091.99802448818
56.0050941729465,1871.27380257834,7091.99848203505
83.4357235472536,1833.62369732265,7091.99980567568
164.476746709314,34.6261734562869,7092.00371623817
169.511615731554,227.227042737255,7092.0039591913
175.821311322401,340.647565710839,7092.00426366005
185.157951122629,338.656075404842,7092.0047141913
191.5094177827,1275.05805913586,7092.00502067568
200.978818323956,1567.7690257121,7092.00547761318
213.674304073049,159.617846717808,7092.00609022255
222.462091711556,1629.45046344731,7092.00651426943
243.485883488467,977.743996877223,7092.0075287538
353.427294224693,100.447414275173,7092.0128338788
359.616857628472,68.6391846138612,7092.01313255068
4.22721611865301,209.142897444892,7092.01335501943
10.714681572816,42.3597407150922,7092.0136680663
13.4770757273683,143.763279059073,7092.01380136317
18.2596994019678,1257.01171693748,7092.01403214443
42.0908944934147,704.293401376788,7092.01518209755
49.9840044027572,1550.80304153898,7092.01556297255
80.6659759420379,1892.99620423355,7092.0170435038
161.965073015105,33.9929785708737,7092.02096651943
168.735545452944,122.601748198115,7092.02129322255
176.528922920826,293.988638988552,7092.02166928505
185.685202460522,1187.14960084532,7092.02211111318
194.955461890236,279.574974282326,7092.0225584413
200.246785740407,1297.49477828511,7092.02281376943
215.519772094153,890.868490088792,7092.0235507538
230.964699823242,2854.48886749862,7092.02429603505
358.763073737083,184.616391618597,7092.03046283193
4.53233608909395,89.2554086195929,7092.03074122255
11.4498167165177,1392.27218642901,7092.03107501943
30.1554769606931,402.537170263173,7092.03197764442
36.7038180687757,454.784709891243,7092.0322936288
43.1284650145634,131.261182478859,7092.03260364443
47.1556478448491,317.346732225943,7092.03279797255
56.3899647310085,69.8937435705815,7092.0332435663
69.0252225197254,3622.37839723889,7092.03385326943
165.813814515627,57.6277081609788,7092.0385332538
171.750484915917,283.048084970261,7092.03881972255
177.779116339847,104.211479723393,7092.0391106288
183.602778277348,225.900159689374,7092.03939164443
186.22949748458,1370.50981674491,7092.03951839443
203.321305620996,248.552151083103,7092.04034314443
210.098254164961,1632.39965988993,7092.04067016005
226.0590057939,2640.92236967883,7092.04144033193
255.820395141815,308.459757736301,7092.0428764413
355.373766075267,72.9196980575608,7092.04768030068
358.352463033905,155.201407281425,7092.04782403505
5.01996497721968,78.4435572054321,7092.04814576943
7.44171462263122,274.69357344323,7092.0482626288
13.0578164503114,1343.92985629006,7092.0485336288
30.4663074504261,311.852155210346,7092.04937366005
34.358462913848,1017.52062331428,7092.04956147255
53.2690927198444,2312.7251225219,7092.05047398817
177.174339780732,117.914580877176,7092.05645292568
183.614529449075,41.4631419476397,7092.0567636913
189.678779682876,1086.66919906852,7092.0570563163
201.32254158265,962.872559462369,7092.05761817568
214.955123635195,900.935104297673,7092.0582760038
237.168580947668,221.193383054263,7092.05934789443
241.439590127316,1697.40332900403,7092.05955398818
348.781481430206,78.5632323085927,7092.06473367568
351.07403227212,39.5497523619781,7092.06484430068
2.2217223994995,210.218203955392,7092.06538222255
10.1604890492818,203.865715975304,7092.06576530067
15.9203610511796,301.560415527646,7092.06604323818
22.0296203695717,1311.32293912373,7092.06633803505
32.0608253601937,127.190077914285,7092.06682208193
47.6436946624373,1495.54024719833,7092.06757401943
87.8012190777208,413.951123379164,7092.06951178505
171.1483929121,53.0881102966951,7092.0735336288
177.471040828287,181.537535004495,7092.07383872255
187.021392959994,237.575487060937,7092.0742995663
193.120290463349,1018.11126196338,7092.07459386318
204.482988196206,270.697297910516,7092.07514216005
212.687600137121,821.340162548978,7092.0755380663
229.168659812931,1454.78218360751,7092.0763395038
242.992611559197,2287.63163967471,7092.0770065663
346.413852426161,81.2091921487124,7092.0819970663
348.774078874893,37.6950519409558,7092.08211095693
356.637074766352,286.479118205563,7092.0824903788
7.17406568855819,977.743996877223,7092.08299883193
13.4031334226383,314.491988007148,7092.08329941005
19.3838414802929,34.0102460083536,7092.0835880038
23.8044493221332,1847.99497926491,7092.0838013163
43.4779675811894,206.612116304683,7092.08475064443
59.1809691458928,2335.49068973105,7092.0855083788
170.845031123162,55.552590305652,7092.0908966288
178.19252688615,387.700760384746,7092.09125117568
183.8348570605,146.738454720463,7092.0915234413
193.238201040318,1420.48806051065,7092.0919771913
208.591815250831,220.171700315852,7092.0927180663
213.637369859488,1360.82412005578,7092.09296153505
234.483068039398,1747.66623395328,7092.09396742568
349.667555450444,27.4573835890024,7092.09952555068
353.832679853885,112.700279664146,7092.09972653505
6.2137494028099,108.798248188435,7092.10032397255
10.07481942112,238.207314984251,7092.10051028505
13.5955687016694,120.748716581076,7092.10068017568
17.8397019164968,1351.95865613724,7092.10088497255
35.0694517014595,1281.64268087261,7092.1017163788
51.5528271454498,692.238544264256,7092.10251176942
78.2467964887584,230.510832643915,7092.10379986317
176.147782298288,60.8007602598271,7092.10852398818
181.359773527997,86.2034957305191,7092.10877548818
191.042886363036,146.096829078957,7092.10924273818
193.725947934822,250.959503178549,7092.10937220693
201.946426369673,313.774228821728,7092.1097688788
206.036103861562,51.6075411571837,7092.10996622255
214.090793293513,1256.05470469026,7092.11035489443
234.048937506233,1387.08033947665,7092.11131795693
353.642375745475,59.709376332151,7092.11708883193
2.21195833739114,38.5879141140411,7092.11752180068
5.6349179932386,322.747772951715,7092.11768697255
10.3071235645675,202.014044381471,7092.11791242568
19.324490028489,362.868013414896,7092.11834755068
22.8960769569967,246.426434813429,7092.11851989443
26.323569939907,1484.24073032061,7092.11868528505
51.8009978205292,1481.80823167365,7092.11991467568
62.6579096971941,594.081006610736,7092.1204385663
178.763626917758,55.6792806305495,7092.12604114443
180.878084049584,224.732704667829,7092.12614317568
185.506575734928,143.108316863483,7092.12636651943
193.554789060753,266.076854993358,7092.1267548788
199.582125286075,1217.15804102251,7092.12704572255
212.672331283026,1180.03773419417,7092.1276773788
236.153167668447,917.467435357366,7092.12881042568
249.642951049395,1789.81740539541,7092.12946136318
338.935538091418,31.50068747515,7092.13377009755
344.43960284584,73.1126964526041,7092.1340356913
353.988012160788,148.393700105665,7092.1344964413
359.020938290876,213.763437506564,7092.13473930067
6.46978557840162,46.6853500302733,7092.13509873818
8.24845529952928,1202.24752375719,7092.1351845663
18.3696785347273,579.739034556326,7092.13567295693
28.3024462824957,337.989664034311,7092.1361522538
39.3196423700737,1431.45073572271,7092.1366838788
55.5255156223745,2000.47578502449,7092.1374658788
177.84734832707,41.1218732676577,7092.14336841005
182.169518963752,187.944909635362,7092.14357697255
194.145830296554,401.789657100693,7092.1441548788
202.599449418958,1494.7360016393,7092.14456280067
212.324333360918,1380.12756778494,7092.1450320663
235.583362225658,911.550335214173,7092.14615441005
268.399219290535,1928.2411223287,7092.14773791005
338.289638043534,55.2558589161922,7092.15111041005
347.806961951065,94.4709865891014,7092.15156966005
352.44322497884,292.450785810416,7092.1517933788
359.404419529944,202.941996541028,7092.15212928505
3.50640165362966,246.883513632667,7092.15232722255
13.0347349566543,1477.74525949274,7092.1527870038
26.2887871774415,716.564918512574,7092.1534265663
30.4438735372248,102.85036017299,7092.1536270663
39.1727283385716,910.230169015591,7092.15404826943
51.5249791059162,1910.70004262883,7092.1546443163
96.5340979258325,314.730852490896,7092.1568161913
177.445939644536,75.3901038819116,7092.16074222255
180.540883232115,116.713375075683,7092.1608915663
185.168079681156,322.747772951715,7092.16111484755
196.592300686085,1055.22990345719,7092.16166611318
208.16741558951,381.250031544766,7092.16222466005
219.005870461936,1559.30901524215,7092.16274766005
243.706162478638,1101.50688570343,7092.16393955068
348.66548477043,54.4854057704658,7092.16900426943
353.928637419477,88.4093770414651,7092.16925823818
0.708824016505272,80.2784019815483,7092.16958541005
5.01966141092302,277.957379335447,7092.16979342568
11.9581894774971,46.6350187633413,7092.17012823818
15.2127697332297,777.72421835931,7092.17028528505
22.6917310009432,257.171589579386,7092.17064617568
27.4154218006863,344.377776295701,7092.17087411318
31.5607940389764,377.286785147035,7092.17107414443
43.5209149933739,1568.5357457329,7092.17165126943
62.8194651697225,2221.49476591937,7092.1725825038
175.92446656527,94.4709865891014,7092.17804028505
178.29084523566,171.861233577708,7092.17815447255
183.263867139056,195.779281675357,7092.1783944413
191.6611439723,341.30878678873,7092.17879964443
198.25805606481,1283.5178475612,7092.17911797255
211.201253872176,1602.66311333146,7092.17974253505
226.633553122696,317.346732225943,7092.18048720693
235.260408856746,125.928170668921,7092.18090348818
238.990013370331,460.042504091263,7092.18108345693
245.546125783148,1804.53763043431,7092.1813998163
351.912711650891,147.886355938986,7092.1865324413
2.45132154308527,316.398018895825,7092.18704097255
7.01472813191547,143.893924553495,7092.18726117568
15.1380645602163,1443.1635886325,7092.18765316005
28.1544426532989,53.9221202411344,7092.1882812538
30.5363640839413,255.999943465923,7092.1883961913
39.7502811867981,332.836064265152,7092.18884080068
47.791370750649,1805.86989806386,7092.1892288163
69.00815126666,452.132886685774,7092.19025261318
177.300091160648,58.2761408574051,7092.19547814443
182.808689204437,121.137100350666,7092.19574395693
186.612769277738,207.881364899798,7092.19592751943
195.200768186551,240.405723106463,7092.19634192568
200.937002314387,1247.40862084138,7092.19661872255
220.062315916786,495.286756052593,7092.19754159755
225.536590500096,1409.4401201703,7092.1978057538
250.835600936946,454.454085474509,7092.19902653505
272.051420292359,2171.12416933674,7092.20007016005
339.7218209464,64.0366787374447,7092.20333553505
348.485323054998,197.118293909782,7092.20375841005
354.662257942512,160.673765958741,7092.20405647255
357.43048066043,294.75458185324,7092.20419005068
3.35419877307631,1323.19033507855,7092.20447589442
19.6180333976135,113.778771126949,7092.2052606913
23.4794272249996,697.430391216614,7092.20544701943
29.7382852055837,89.727801577677,7092.20574903505
34.0190085821175,999.034965865064,7092.20595559755
48.7764948450901,2606.08734592438,7092.20666770693
75.5685775844802,1812.51658126769,7092.20796053505
168.998765522363,59.7486990439045,7092.21246892568
176.769152734335,97.5531599944901,7092.2128438788
180.514947626324,22.3270065630166,7092.2130246288
182.061447974038,204.968708672482,7092.2130992538
185.88463266973,1148.01324002656,7092.21328373818
198.848877878551,1278.82493483611,7092.2139093163
212.847361435071,52.9995561326935,7092.21458480067
220.088972497244,1821.78094831897,7092.21493423818
248.30645189466,588.488313635338,7092.21629584755
261.337401358463,2525.47671664161,7092.21692464443
342.224940224812,79.8089233589039,7092.22082780068
345.561119726843,66.8362240552334,7092.22098878505
352.884006188542,326.682458862138,7092.22134214442
0.164797847332956,263.5224538583,7092.22169347255
4.85578423197687,1491.51457851104,7092.22191983193
15.6566774777727,296.280472378285,7092.22244101942
20.892306619239,79.5731536218369,7092.22269366005
29.8727591123783,811.026967806328,7092.2231270038
45.8046919597364,1753.16205996978,7092.22389578505
65.8139976294908,2912.86883502551,7092.2248613163
169.689539199625,85.711680808398,7092.22987373818
175.012919846744,220.000961892453,7092.23013061318
180.567174630972,649.673537189699,7092.2303986288
191.581780283639,358.911206310708,7092.2309301288
196.106653856308,1277.88424286734,7092.23114847255
220.721137146421,2508.27714154411,7092.23233622255
239.03078194413,305.521941079689,7092.23321973818
267.242432853572,2129.74438085212,7092.2345810663
341.355613610868,89.4131574336043,7092.23815733193
347.21100853624,95.0657746967565,7092.2384398788
358.905608083973,1180.03773419417,7092.2390041913
9.97623229211639,238.207314984251,7092.23953839443
15.2050614429882,40.6623970605757,7092.23979070693
21.402072342425,1710.10750005252,7092.24008973818
41.0046625616655,322.514820405573,7092.24105076943
50.4054160688764,504.0109996024,7092.24150439443
57.7869115586599,325.991567073913,7092.24186058193
73.7816628766971,74.3865247176956,7092.24263239443
87.5725863987885,2521.66487690886,7092.24329786318
166.102813135785,54.1394637454395,7092.24708726942
178.052248503766,918.122522453046,7092.2476638788
187.47890654857,163.80069522981,7092.2481187538
192.960304818462,732.744143139286,7092.2483832538
205.904474090752,1744.91177062919,7092.24900786318
214.998258931149,22.8982544731027,7092.24944667568
225.172262593369,1330.44075756317,7092.24993761317
252.759290582766,1415.39968634419,7092.25126880068
345.100193044701,74.6386910610575,7092.2557246288
351.284251731885,40.1976715802554,7092.25602303505
354.557288916465,66.2361485104235,7092.25618097255
358.956201701003,314.013676172564,7092.25639323817
8.3533933837708,202.385733172328,7092.2568466913
11.7232487658245,209.3225037747,7092.25700930068
17.0181344781348,556.99522771846,7092.25726480068
23.0344612702678,52.4650947686389,7092.25755511318
26.2479180749274,1404.31188899726,7092.25771017568
40.9578047430046,447.118286839299,7092.25841998817
60.003461953561,2345.76580382395,7092.25933901943
171.538325089636,68.3648970767337,7092.26472103505
176.459214108771,70.4959979280773,7092.26495848817
185.874215102234,985.095671701686,7092.26541280067
199.326113160564,389.441479065056,7092.26606191005
204.816901818266,321.113607926193,7092.26632686317
219.780005298907,2018.42831337729,7092.26704889443
233.228665228782,1404.31188899726,7092.26769784755
255.59495925651,342.846723233592,7092.26877711318
347.723768394649,24.21917701112,7092.27322270693
351.02368154405,75.7630139180954,7092.2733819413
356.067293298251,150.280940469649,7092.2736253163
5.26469628902031,327.830734780932,7092.2740691288
9.34045006603704,200.145219841907,7092.27426580068
16.9201152401356,536.934052774996,7092.27463155068
23.058193302412,836.571589779567,7092.27492773818
30.3334802069119,128.731830750795,7092.27527880067
39.3547323797445,2019.6193606381,7092.27571411318
65.3007084874851,188.144735902007,7092.27696611318
73.4515684987587,468.139582654459,7092.27735942568
178.58249702361,47.7301184687029,7092.2824470663
182.855125210942,112.199013968528,7092.28265323818
186.134314767964,250.809734092527,7092.28281147255
195.975445301169,277.28055962406,7092.28328634755
203.796670123403,1012.78241348979,7092.2836637538
213.445783307039,1447.32370532807,7092.28412936318
226.987699572249,106.793782150838,7092.2847828163
246.40541058383,1528.9375321359,7092.28571980068
352.814091216786,162.534027903227,7092.29085445693
356.465658383908,44.6540131260331,7092.29103066005
0.611030622198303,123.973331600524,7092.2912306913
8.45395050173426,710.667191761161,7092.29160914443
21.1079890283741,1481.80823167365,7092.2922197538
32.3874684695538,159.853116854514,7092.29276403505
45.3403805115016,124.427176895203,7092.2933890663
48.2238783934375,345.68473084029,7092.29352820693
63.9922889014274,1968.97009807628,7092.29428909755
179.371060287878,304.783087656801,7092.29985659755
189.054173122917,170.874453475633,7092.30032384755
195.403049310381,1316.81354709201,7092.30063020692
203.67630820995,177.561007563831,7092.30102942567
215.060377228729,1406.02340881202,7092.3015787538
238.031541973655,826.448465218732,7092.30268720693
249.418201427346,1841.47652682043,7092.30323666005
338.896653446495,29.1783437689208,7092.30755436317
349.531433955708,92.8662632904143,7092.30806753505
354.667654464788,160.556803963097,7092.3083153788
359.341802852877,181.123060993826,7092.30854092568
5.35132972980758,34.9804595012326,7092.30883091005
7.41689206813055,1119.37470403944,7092.30893058192
18.0821104043028,519.866094617072,7092.30944522255
29.2650955324764,898.261687254376,7092.30998484755
37.4933452720613,228.217139630615,7092.31038189443
46.4835119997821,27.3931571870278,7092.31081570693
49.2682488674844,2179.96798390629,7092.31095008193
63.7508232982866,254.822912770791,7092.31164892568
179.81865512084,47.0611466463211,7092.31724967567
183.144796654606,94.8183961901883,7092.31741017568
186.84720143199,317.109838388063,7092.31758883193
196.623894411441,193.947261029059,7092.31806059755
200.627763139044,1308.56903091114,7092.31825380067
208.544510960145,372.071540244434,7092.3186358163
224.017933624041,950.934442300877,7092.31938247255
235.266651466882,1688.8807019555,7092.31992526942
355.892596612124,119.024762268438,7092.3257521913
4.5748232458032,101.285653475447,7092.32617114443
7.76788022946424,169.992520060447,7092.32632522255
16.6984665395689,97.6013020403954,7092.32675616005
21.0662938789954,839.441516298223,7092.32696692568
27.7027103395024,1286.32549056817,7092.32728716005
51.3519261627341,423.641788316331,7092.32842833193
58.8224684698658,1992.04253092944,7092.3287888163
177.193860492131,148.393700105665,7092.33450072255
183.251310773033,96.4880328413464,7092.33479301942
192.74823482187,1131.12985644648,7092.33525128505
200.537726656232,247.946663201049,7092.33562716005
208.906832326047,1110.74738295969,7092.3360310038
226.529359466717,110.171156919581,7092.33688136318
234.491440219181,1916.98301676979,7092.3372655663
269.296117549917,2020.80996380971,7092.33894503505
338.649988735295,67.2914918231626,7092.34229164443
344.600259041382,77.418897681536,7092.34257876943
350.412911470302,58.3566875378416,7092.3428592538
355.247344182391,409.203393392232,7092.34309253505
1.22222375207144,330.342891929902,7092.34338084755
9.12342885061587,367.600838657722,7092.34376211318
14.4345048659378,1278.82493483611,7092.34401839443
33.3017446327219,2414.47617455037,7092.3449288163
53.9680539416322,111.358561261099,7092.34592605068
62.3698640265465,283.578660553729,7092.34633147255
183.724486409905,37.6950519409558,7092.35218733193
187.127046244754,169.328037702421,7092.35235151942
190.18831395231,134.582983646325,7092.35249923818
200.793628099486,181.744411187346,7092.35301098818
204.939647880536,429.631191734003,7092.35321105067
208.813993995567,1222.08776431876,7092.3533980038
226.799832167603,331.931621078141,7092.35426589443
231.195183090002,341.30878678873,7092.35447798818
239.72586824473,259.788413004003,7092.3548896288
263.254627996426,1629.45046344731,7092.35602498818
342.901339907876,97.6013020403954,7092.35986826943
352.744089448764,137.004352307457,7092.36034322255
0.38042072109933,661.595167539275,7092.36071170693
11.6527764380012,141.656741892149,7092.36125564443
16.4020480039575,1508.35022250106,7092.3614848163
29.773965785977,194.044127987958,7092.3621300663
34.9448335646125,508.464770287986,7092.36237958193
43.8410963388463,403.283323402448,7092.36280886318
52.4067526099009,1880.24862346481,7092.3632221913
79.6805945920072,1890.45357146256,7092.36455164442
164.476479262486,110.851224033315,7092.36864339443
178.17641315047,394.998395103485,7092.36930447255
183.189910924484,919.431308865626,7092.36954639443
190.964831425822,175.645983868655,7092.3699215663
195.097575185543,1753.16205996978,7092.37012098818
215.476667992791,309.918174457025,7092.37110436318
221.927867094323,1753.16205996978,7092.37141566005
236.319451891018,307.239067520726,7092.37211011318
254.392394025946,2958.74347244762,7092.37298220693
343.771437450406,29.6969358826171,7092.37729511318
348.831563316695,128.658833586925,7092.37753928505
353.952888721372,306.504349678605,7092.37778641005
1.46423067050102,1365.23514715492,7092.37814886318
13.7760055672284,161.954991084734,7092.37874295693
18.5294866134756,568.2164183618,7092.37897233193
27.8651549864759,180.291254148202,7092.3794228163
31.1132590983861,203.311992241773,7092.37957955068
38.7447333099748,2744.52705006922,7092.37994780068
70.2417260734891,358.911206310708,7092.38146766005
179.57697089391,78.6229970017871,7092.38674353505
183.369070069098,166.192073991489,7092.38692651942
192.277637550521,241.652975407902,7092.38735639443
199.228146477512,213.939158055787,7092.38769178505
206.229492977069,1422.18015142248,7092.3880296288
222.873476554137,114.190865097008,7092.38883276943
231.23481080613,1003.23893637011,7092.38923623817
260.832030234221,2578.25361060782,7092.39066442567
344.990987315162,75.0779230451748,7092.3947254413
348.4194517253,152.514778584134,7092.3948908788
358.146926064476,131.261182478859,7092.39536026943
1.0809377852941,310.886677512556,7092.39550184755
5.62944919432816,1467.12852977515,7092.39572133192
20.5666481373767,1174.93148543701,7092.39644211317
32.8402139401064,995.417415161626,7092.39703436318
49.1435529703369,1703.06124758213,7092.3978210663
76.4521071900328,208.783240696064,7092.3991388163
179.723749470197,47.1110234157024,7092.40412209755
181.956396047723,157.604054806804,7092.40422983193
186.975074691559,298.050861768928,7092.4044720038
197.998929234365,419.720758149111,7092.4050128163
206.181198462131,1311.32293912373,7092.40540764443
223.176188438768,1426.40155242901,7092.40622772255
252.597257011226,699.582280994093,7092.40764741005
338.692577589297,23.7293552862727,7092.41180186318
352.353654689739,115.499686204057,7092.4124610663
356.140249148334,46.1286529807037,7092.41264378505
359.980595536569,191.804142013474,7092.41282909755
4.01684494558847,60.1014307766157,7092.41302386318
14.1066589265988,495.286756052593,7092.41351073818
15.8238054133511,208.422959446786,7092.41359359755
23.8885328135676,333.738064961508,7092.4139827538
31.4494172120472,1436.48226647031,7092.41434759755
47.5215582583956,63.7425875971154,7092.41512314442
52.5664652865969,649.673537189699,7092.41536658193
79.1367405053065,1089.43221110991,7092.41664870693
166.885741405907,63.335996169922,7092.42088295693
178.738682385489,264.234495395144,7092.42145491005
183.769989507894,138.843422869961,7092.4216976913
187.087388234306,262.665444950017,7092.42185776943
193.643176838046,164.715782680069,7092.42217411318
199.795826271043,450.801118656585,7092.4224710038
205.483489376756,542.50404168954,7092.42274545693
214.337981119461,1291.92223585761,7092.42317272255
226.984572075051,1320.46118483942,7092.42378297255
239.881789408293,414.676709636908,7092.4244053163
0.620207756796471,128.293223267129,7092.4302314413
3.76210332111921,156.287163766144,7092.43038305068
8.03214107353991,95.2138853871354,7092.43058909755
15.9919551624726,545.818723551861,7092.4309731913
27.5813175521495,1079.45241634155,7092.43153242567
41.0257680771257,1489.09384822815,7092.43218117568
59.4341738513726,374.286851512196,7092.43306945693
81.4316520934425,99.2241219743839,7092.43413092568
175.657756670865,32.9937362153476,7092.43867772255
179.94689900798,83.8836916594587,7092.4388846913
184.746036794667,145.710499221963,7092.43911626943
194.039934136139,515.219145125201,7092.43956473818
204.468449847226,53.1323318675447,7092.44006795693
207.398899630514,677.755851441475,7092.44020936318
221.724751674846,1456.43441751275,7092.44090064443
243.93140903442,1663.05091919838,7092.44197220693
273.556799588243,350.220630274123,7092.4434017538
345.990634717859,77.7216693781391,7092.44691316005
351.395938458048,70.1620497811639,7092.44717398818
355.754051638285,137.688360712929,7092.44738428505
1.41354358056926,341.30878678873,7092.4476573788
9.23153038743593,275.649503223008,7092.4480346288
13.4277401982923,1301.19670593842,7092.44823711317
25.1291396989232,1284.45443170477,7092.4488017538
45.1925211073951,625.629381634241,7092.44976989443
55.9762526229516,223.895083029113,7092.4502902538
67.0601528901198,2204.10512064007,7092.45082509755
170.244367322923,36.2984503565755,7092.45580416005
172.501947010815,147.37729092662,7092.45591309755
181.234687521072,140.725223141125,7092.45633448818
184.00841491789,221.70244806663,7092.45646833193
187.323870789846,1120.44840072656,7092.4566283163
202.787255485478,507.577146979798,7092.45737448818
211.186475135481,433.115709963516,7092.45777978505
217.169773665742,447.118286839299,7092.4580685038
229.127304185229,1578.47068749106,7092.4586455038
252.316066970544,2094.44550591797,7092.45976445693
344.371372013891,76.1957719142003,7092.4642065038
356.976191900256,384.586640311824,7092.46481473817
1.82260547276227,168.994832017155,7092.46504859755
9.2610909075546,1296.56774205955,7092.46540753505
15.8531459016215,362.038593548775,7092.4657256288
23.9842536723522,149.151455075547,7092.46611798818
30.383319927319,1891.72544295957,7092.46642676943
47.5758318947273,227.557542253898,7092.4672563788
65.8365818612379,723.246351697071,7092.46813753505
68.0180669817298,2078.30730403202,7092.46824280067
169.578067491736,115.986692472703,7092.47314348818
176.185341361587,211.820894158166,7092.4734623163
184.734483482858,51.0124893715602,7092.47387484755
189.391793987479,914.84231301564,7092.47409958193
200.245467735689,1397.44482652304,7092.4746233163
214.512710789632,1287.2598542657,7092.47531176943
237.177878294972,1811.18919861945,7092.47640545693
353.419270500551,71.4227496589892,7092.48201458193
7.06804289380429,164.715782680069,7092.4826731913
10.3860892383678,303.052055672381,7092.48283330068
17.3450171259405,1406.87828054098,7092.48316909755
32.8359253291527,82.3008466932507,7092.48391659755
39.5241508648458,280.11210018164,7092.48423933192
44.8349031087879,381.052828180017,7092.48449559755
59.6309223502262,1910.70004262883,7092.4852095663
181.996393908025,338.877925720737,7092.49111859755
187.651028751867,56.5581505240775,7092.49139145693
193.790402088143,329.431565360139,7092.49168770693
201.083498341034,338.656075404842,7092.4920396288
208.203358133064,148.140236189143,7092.4923831913
213.247293658645,1747.66623395328,7092.49262658192
230.670679763164,1299.3470743794,7092.49346733193
257.334211279513,160.205335109076,7092.49475395693
344.410989702869,23.2165658226036,7092.49895576943
351.660372107472,91.0787348318287,7092.49930558193
2.82036690434388,160.205335109076,7092.49984409755
6.38288725411802,188.44409366281,7092.5000160038
10.8073807671733,528.184440629076,7092.5002295038
18.6444721587348,109.40101602408,7092.50060767568
26.0654720542118,1483.43037853493,7092.50096576943
46.089996637446,485.168405450764,7092.50193203505
52.5832905795834,1499.55503569998,7092.50224536318
86.6396508279804,142.582196049901,7092.50388872255
175.049217267572,44.9945879166247,7092.50815484755
181.773061500048,96.2931054337979,7092.50847930068
185.890262574909,230.510832643915,7092.50867797255
192.995551033915,195.202604080791,7092.50902083193
204.518533053077,85.3271966971825,7092.50957686318
207.220375400482,1535.21662049627,7092.50970723818
219.446665417392,688.755552591402,7092.51029720693
245.474240733735,1364.35418518488,7092.51155314443
349.042166018904,55.042925078963,7092.51655072255
357.592927147858,114.765315306631,7092.51696333193
4.12281128939773,75.0153342221616,7092.51727842568
8.0554425480447,329.431565360139,7092.5174681913
15.1623500147337,51.150424174029,7092.5178111288
17.87261132272,260.077570590767,7092.51794191005
22.8381857304585,1390.54368020197,7092.51818151943
44.9334535595342,923.346565873118,7092.51924770692
57.6104823797799,1403.45524091146,7092.51985942568
177.081845502106,61.4921377706246,7092.52562441005
184.431607966322,294.75458185324,7092.5259790663
192.27355641863,259.20918189648,7092.52635747255
198.179141411505,373.08015010673,7092.5266424413
206.010404277396,1443.99658896788,7092.52702033193
221.316014917743,1184.10692362403,7092.52778545693
236.762237845439,1352.84783375766,7092.52853080068
356.242343737423,140.858671948685,7092.53429620693
1.78170341724757,99.9786989308582,7092.5345635038
12.2950564276965,239.46603033842,7092.5350708163
15.4146093165652,442.386766108527,7092.53522134755
25.0812080772129,192.976065682693,7092.53568780068
30.2815422178844,1429.76974704112,7092.53593873818
44.6970886977165,1120.44840072656,7092.53663434755
67.4500077464042,47.7547133781453,7092.53773226942
73.9879870394496,1681.74563164314,7092.5380477538
167.397775118638,29.4387812738162,7092.54255516005
175.06098239349,208.963138459417,7092.5429249413
181.549743083957,86.8008234733431,7092.54323805068
188.601603422397,218.286194675343,7092.54357833193
197.965766767901,1512.33103817816,7092.5440301913
207.653412930003,345.90205699736,7092.54449766005
215.922138502509,64.2563571795485,7092.54489666005
218.807579238901,1433.96872154256,7092.54503589443
244.487386284129,400.665778332865,7092.54627505068
260.132750247976,2023.18872766227,7092.5470300038
340.201058409801,52.2407846148543,7092.5508936288
344.756046038049,63.85302703249,7092.55111342568
350.916142929007,51.8345887046134,7092.55141067567
354.147085310678,274.145817158455,7092.55156658193
358.777519850478,74.512715442232,7092.55179001943
5.41199345653004,1242.57937272887,7092.55211016005
13.0240392743479,435.5382721144,7092.55247747255
27.6192984342559,526.188648208858,7092.5531817538
34.1598681622126,1553.12740446334,7092.55349736318
58.7979893263875,154.59490632086,7092.5546862538
69.5898160311459,2082.93093884038,7092.5552070038
174.642070811501,39.9632792136284,7092.56027620693
184.721846748854,982.651182646066,7092.56076259755
195.685938562638,179.350881368556,7092.56129166005
203.791141871168,46.5846285158111,7092.56168276943
209.078903821504,1572.36423881102,7092.56193792568
233.91001372478,1739.38996539391,7092.5631361288
354.83924165469,97.40860201779,7092.5690146913
359.475504682464,75.3901038819116,7092.56923841005
3.74975199056792,159.028207269429,7092.56944466005
10.2411030782498,429.28119392549,7092.56975789443
18.5966088799645,328.05991256879,7092.57016108193
24.2010536563038,728.62987865463,7092.57043151943
31.8273469226778,275.922035219978,7092.57079951942
38.5719148229239,1586.07038613923,7092.57112497255
56.979996863487,1673.14317955913,7092.57201323818
175.413559775975,52.8220037154803,7092.57772814443
189.172426425727,382.234383033975,7092.5783920663
193.793146768642,869.694982696956,7092.57861503505
208.718041042198,1428.92842003306,7092.57933522255
227.323321264456,1560.07995411045,7092.5802330038
359.170573065885,80.6287051013932,7092.58659517568
4.74458005296013,49.753881570247,7092.58686414443
11.1990172075559,364.314939327315,7092.58717559755
19.1400505208696,182.157469663657,7092.58755878505
22.1087095112427,396.517596534807,7092.58770203505
26.327585882021,195.87523270026,7092.58790561318
36.6110361448915,1498.75289956469,7092.58840183192
51.7431666814958,1497.95043036249,7092.58913201943
68.5769009069043,92.0023779382717,7092.5899443163
176.399321221938,36.7485798735689,7092.5951471913
182.680845687052,233.426750151366,7092.59545030068
192.995705279502,664.768295965956,7092.59594803505
202.909692251652,1407.73281920303,7092.59642642568
221.122195005115,1436.48226647031,7092.5973052538
233.723776913809,349.145989897437,7092.59791333193
359.606187113823,46.9612265741048,7092.60398767568
1.71740619258514,88.8333989701451,7092.60408955068
9.87636135536462,140.05605009082,7092.6044832538
19.8599667510914,240.874181711703,7092.6049650038
25.1263574532012,486.715001635218,7092.6052191288
30.5841178867279,1267.49089002232,7092.60548248818
43.4411831207332,163.571128863893,7092.60610289442
54.511483519801,1507.55274930248,7092.60663708192
179.272798941449,174.68060331538,7092.61271491005
187.529219882158,166.418032132576,7092.6131133163
195.830649982851,1255.09691528691,7092.61351389443
209.059445246501,164.373223365821,7092.61415223818
212.779983181353,1086.11575289075,7092.61433176943
231.941886983154,1576.94635127825,7092.61525641005
250.496329519758,346.986744892419,7092.61615173818
357.333730165063,54.70050801204,7092.62130708193
0.282636952589881,74.5757275377734,7092.6214493788
3.84386202836429,28.1959004755361,7092.62162122255
6.23420245728429,218.97371416113,7092.6217365663
18.1295620865472,311.369791061722,7092.6223105663
22.1120595659248,484.548401402662,7092.62250273818
31.7666774661557,399.162342068493,7092.62296861318
42.7191122662951,1453.95528949877,7092.62349711318
60.7846068678699,1995.6611918559,7092.62436884755
170.335183065149,50.2237071375866,7092.62965511318
176.5985743351,50.3171462828966,7092.62995734755
186.262582585444,462.973770432029,7092.63042367568
192.207995793088,456.434279261231,7092.6307105663
195.864743830033,190.427770774271,7092.63088701943
205.060851546802,1314.07096315428,7092.63133076943
217.654338266295,1908.18094658596,7092.63193845693
247.293976344066,342.627454186228,7092.6333686913
269.881430236626,1941.91240865393,7092.6344586288
335.992702026688,59.7879940000823,7092.63764876943
340.787630333084,25.5981607438782,7092.63788014443
344.722528255263,58.1147109601776,7092.63807001943
352.129280664488,389.248466792225,7092.63842742568
357.500584715577,129.096192069689,7092.63868661318
0.873354379314257,144.934758639081,7092.63884936318
4.89956574467611,25.1819017027533,7092.63904364443
8.76937853264392,1537.56463117105,7092.6392303788
22.6114635494657,127.779606340361,7092.6398983163
26.7251027244922,372.273462057038,7092.6400968163
33.3229862442296,27.9658969593033,7092.6404151913
36.6818321930942,1686.03031536207,7092.64057726943
69.1039404373408,2646.3806701571,7092.64214176943
173.452239639493,58.0742849642935,7092.6471770038
176.899161016174,786.18211940551,7092.64734333193
186.334885639711,260.510668592673,7092.64779864443
198.797554434934,1417.09799450496,7092.64840001943
210.388535869991,206.975561689582,7092.64895933193
216.42429109359,2321.02936870149,7092.64925058193
250.541882520666,820.607803930784,7092.65092345693
344.101593071123,46.3065072398017,7092.65543809755
354.903457819539,161.954991084734,7092.65595933193
358.263922776087,62.7024335231319,7092.65612148817
5.13736574614633,235.510250190529,7092.65645316005
11.2009682864027,307.239067520726,7092.6567457538
14.4617008391856,180.187018083977,7092.65690309755
19.6617112461733,339.321210018895,7092.65715401943
24.5910192635854,83.2654431515145,7092.6573918788
27.9152179051993,566.096169940522,7092.65755228505
39.5712844744663,1895.53550633548,7092.65811473818
70.0495816505334,309.189812641719,7092.6595854413
87.8369263668747,890.868490088792,7092.6604437538
166.824044241953,41.5480184978723,7092.66425520693
175.467737897167,112.533440899121,7092.66467230068
179.769184941471,127.558852369702,7092.66487986318
188.584496087559,846.573644519566,7092.66530523818
200.482446114037,862.753923858151,7092.66587936317
213.662994240032,1733.85039659024,7092.6665153788
240.849149646824,794.550092386714,7092.66782722255
274.091136213747,1898.07125572372,7092.66943128505
339.188893361577,40.5467118214098,7092.67257251943
343.904165238434,138.708031172108,7092.67280005068
353.794514298826,163.111010809125,7092.67327730068
357.820401892808,1154.28089308978,7092.6734715663
7.09422322235687,21.6595803792519,7092.6739190663
9.47970651513806,146.866435679627,7092.67403417568
22.5119511775487,1292.85260275225,7092.67466303505
36.9511355314423,400.290439683815,7092.67535978505
42.3318299703416,2099.03339154494,7092.67561942568
73.7222904148886,66.9415634035886,7092.67713414443
180.632223652366,51.9251308617186,7092.68229298817
185.970499479281,134.513150618076,7092.68255058193
191.085348664743,89.8324470366418,7092.68279739443
198.895564091484,999.034965865064,7092.68317426942
211.498441198786,1021.64843251984,7092.68378241005
223.138641236421,184.310816608857,7092.68434409755
248.436680246043,2027.93803971701,7092.68556483193
346.040411585645,69.320139906015,7092.69027461318
355.784076265528,31.7050587173018,7092.69074478505
1.11360932278489,926.596632755405,7092.69100195693
8.3140968584927,139.518410713357,7092.69134941005
18.0573172349823,273.459588306935,7092.69184870693
23.8110368644377,122.831397830758,7092.69212634755
26.2651671912646,200.332889166432,7092.69224476943
36.1998777934884,91.1818190396652,7092.69272416005
39.3589350503545,2053.86285756504,7092.69287659755
55.5725796450852,1722.71807930002,7092.69365897255
172.206425472687,30.5737136996331,7092.69928703505
178.749261864176,139.113803809821,7092.6996027538
186.890731449944,997.830595927951,7092.69999561318
195.86049831897,125.404867046264,7092.7004284413
201.145346025319,1209.22860613604,7092.70068345693
215.890203847419,295.264090954817,7092.70139495693
223.179738238171,306.749459166866,7092.70174670693
240.217794444945,2410.48869753513,7092.70256886317
348.855559830984,55.7214448193566,7092.70781108193
355.978657638381,96.5367091820823,7092.70815480068
3.59458912741338,89.0446605339434,7092.70852230068
6.94177806263311,436.916558488321,7092.7086838163
16.7068140284385,1452.30028003596,7092.70915501943
32.5963281884199,942.679045934369,7092.7099217538
42.4241826249044,977.743996877223,7092.71039598818
86.2122266927677,2971.72042529326,7092.7125089413
169.445420674825,391.558563350713,7092.71652528505
177.458986655704,96.8767080444799,7092.71691197255
188.662371529484,1466.30863007147,7092.71745258192
196.727422814168,879.3203387647,7092.7178417538
206.585715077613,347.203293893372,7092.71831745693
216.092353323335,340.426853373543,7092.7187761913
225.428021696335,61.3008740990573,7092.71922667568
230.153979197306,2846.05095046686,7092.71945472255
258.449819825653,1636.81357356893,7092.72082011318
343.214942822401,88.5155698737705,7092.7249103788
346.0404793321,69.1844845301937,7092.72504672255
358.008695438004,138.301065044644,7092.72562423818
0.913888377241676,955.979184702471,7092.72576442568
16.1444560813075,1488.28616097774,7092.72649936318
31.1749113219951,432.421043417008,7092.72722464443
40.0148317693721,333.287369924662,7092.72765120693
51.9008010108255,2073.67345517184,7092.7282247538
178.431901677836,50.9203269827285,7092.73436398818
188.024996305996,815.462863901217,7092.73482689443
199.861099326719,200.332889166432,7092.73539803505
205.225603462606,261.230925779898,7092.73565689443
212.33056807484,48.2926754141744,7092.73599973818
215.171647269399,1460.55667560319,7092.73613683193
226.980874362997,401.789657100693,7092.73670667568
252.092400815037,1460.55667560319,7092.73791841005
345.815309895786,69.8937435705815,7092.74244092568
353.603506493845,127.632474034023,7092.74281673818
1.17021934260255,281.71734389737,7092.74318186318
4.27422950891541,139.113803809821,7092.74333164443
9.86151255501532,1137.49043517686,7092.7436012538
28.3505462237248,920.738263410215,7092.74449342568
41.0346987305525,161.954991084734,7092.74510548817
48.7166867810235,1736.62229041582,7092.74547617568
183.040735318417,57.5053130114078,7092.75195786318
186.261639656431,110.341562276073,7092.75211328505
190.691961732852,825.720658514939,7092.7523270663
206.203269757063,434.847491348478,7092.75307555068
214.862506134832,1449.81415761691,7092.75349339443
228.39049868517,325.299176484606,7092.75414617568
242.285040319938,857.16067577124,7092.75481664442
343.326626457487,30.1677190173155,7092.7596923163
359.491700030095,198.069172174797,7092.76047234755
4.91254649283903,180.395448579063,7092.76073392568
11.747456446737,140.591649433475,7092.76106373818
15.7908295800343,903.600638757496,7092.76125884755
29.7339421992289,1189.17364844151,7092.76193166005
48.7501330100532,70.4959979280773,7092.76284926943
52.9061908347603,1299.3470743794,7092.7630498163
82.3298499175218,2837.58794239475,7092.7644696288
173.993996612846,255.41210812996,7092.76889280068
178.540889014196,1089.43221110991,7092.76911220693
188.007051426998,77.6612107955543,7092.76956898817
196.229472716304,70.562597431767,7092.7699657538
201.281827277859,1400.02387460925,7092.77020955068
212.882199063029,505.202490952428,7092.7707693163
225.057651394285,2849.42913708619,7092.77135683193
358.935482556758,134.652775041211,7092.77785948818
4.55838433733688,87.124904513125,7092.7781308163
8.09597157674573,97.7936204238361,7092.77830151943
15.560361511435,1263.69037456442,7092.77866170693
27.750385175715,280.648199124656,7092.77924992568
32.5961510923735,126.077273621128,7092.7794837538
42.610518124136,129.894206502001,7092.77996698818
50.6357411563552,1398.30491630022,7092.78035423818
71.8065411605465,2448.10838267995,7092.7813758163
168.960505124041,75.8249921184451,7092.78606389443
171.443778003828,142.97697747967,7092.78618372255
175.694711171554,172.079739346742,7092.78638884755
185.735306549985,945.226785731279,7092.78687334755
192.150563107963,1109.66424937686,7092.78718291005
207.940021017407,398.031052561976,7092.7879448163
215.173536890379,126.671992339844,7092.78829386318
223.076037225227,1611.64170897621,7092.7886751913
249.147974083402,2976.57232195547,7092.78993326943
349.564289569666,94.2718889063165,7092.79477876942
355.926441891547,182.569584450398,7092.79508576943
2.67651450838736,256.439924850582,7092.79541148818
7.0576178691422,1206.24166211059,7092.79562289442
19.0747288062446,162.880459120274,7092.79620276942
26.1443985684676,53.0881102966951,7092.79654391005
27.9645155120482,1380.99853774776,7092.79663173818
43.142950369548,2351.90911190841,7092.79736416005
89.520799711558,174.357597804153,7092.79960208192
186.066331020323,62.627472652288,7092.80426080067
192.66000505977,896.251406423687,7092.80457897255
202.28580417842,916.811848661325,7092.80504345693
219.388621710329,416.124107394111,7092.80586873818
229.450912146062,371.869479653952,7092.80635428505
235.706532035887,2266.50787027438,7092.80665614443
353.089342526285,34.2167856548503,7092.81232034755
358.662054277057,145.839396115122,7092.8125892538
4.53655378712382,95.705957048331,7092.81287272255
14.1128104941197,313.774228821728,7092.8133348163
17.8858051223095,298.302910151094,7092.8135168788
25.2158153459829,1678.88303259645,7092.81387058193
43.7009633057812,94.0224217926833,7092.8147625663
54.6575104257493,952.198098147505,7092.8154138163
55.0538497189872,1247.40862084138,7092.8154329413
175.49404220803,46.8610948656245,7092.82124467568
183.04585999008,311.128345309442,7092.82160908193
189.890484103167,298.302910151094,7092.82193936318
201.093221396492,990.573512105186,7092.8224799413
213.785145321141,1377.5111051828,7092.8230923788
233.508529763232,1297.49477828511,7092.82404411318
261.368850501724,1714.32135154248,7092.82538848818
345.463369991215,77.2366684498316,7092.82944639442
349.823102254528,132.684876974487,7092.82965676943
357.235359342651,282.516537941646,7092.8300144413
2.88027998960774,336.20609074525,7092.83028683193
7.52399058843237,1148.01324002656,7092.83051091005
20.9833361424204,1399.16456198819,7092.8311603788
34.359139595655,45.8989617146965,7092.8318058163
40.013774477193,1443.1635886325,7092.83207867568
62.0730997627143,2684.27813310268,7092.8331431288
180.693499079556,292.707635907163,7092.83886705067
190.559238951747,550.207324145902,7092.83934311318
197.013028488191,1325.00665994684,7092.83965453505
210.717819474617,1362.59026284336,7092.84031584755
229.902389685556,918.122522453046,7092.84124158193
237.981364647417,1403.45524091146,7092.84163142568
356.72578193563,98.4637787970755,7092.84736133193
0.978981729191393,65.0915918387618,7092.8475665663
7.51501816778127,330.797583769638,7092.84788195693
10.95578717202,223.727175674426,7092.84804798817
20.4102926088725,315.446446741419,7092.84850420693
25.5788936862805,1337.65187815271,7092.84875361317
40.3056183509134,1231.88814704633,7092.84946423818
60.2362390183567,436.227942657297,7092.85042597255
73.7826885352375,335.310723631466,7092.85107964442
80.9394622603532,55.3832257832454,7092.85142498818
175.275469573944,33.1712192436218,7092.85608234755
186.075067696525,179.350881368556,7092.85660347255
189.853243232233,184.819826110072,7092.85678578505
194.39106905485,293.732871359254,7092.8570047538
203.648700043691,41.8297028959014,7092.85745147255
205.743728781746,913.526920776064,7092.8575525663
214.971569599476,1376.63791477394,7092.85799784755
234.263967441078,645.961117928806,7092.85892878505
252.839133645452,1538.34656124729,7092.85982511318
342.842152371805,26.7204296883206,7092.8641681288
349.561139543534,108.711872837119,7092.86449234755
1.55979347639705,168.103045372625,7092.86507133193
9.08603049223383,274.556738455445,7092.8654345038
15.2882223368851,138.572500696377,7092.86573378505
18.8883042378972,1506.75483201468,7092.8659075038
41.835183490609,1437.31915258627,7092.86701478505
77.624880491074,62.1002346767874,7092.86874178505
92.1948827315406,2090.9978193373,7092.86944484755
166.294787429812,69.3540155860539,7092.87302047255
171.720167219619,240.249348193444,7092.87328226943
180.899436977529,149.528889270556,7092.87372520693
185.449243660563,1042.61954625429,7092.8739447538
192.291924956891,758.943408118995,7092.8742749413
208.293476227826,1398.30491630022,7092.87504708193
223.610824085709,1770.90564434934,7092.87578620693
242.143611633811,298.050861768928,7092.87672601943
276.24044752176,3276.56457521641,7092.87837391005
338.320516124111,21.5644932466397,7092.88137422255
342.273505378624,93.9224531482097,7092.88156526943
348.018869893344,349.791140497047,7092.8818429413
359.953813173997,171.970521156695,7092.8824197538
6.91058287981516,1385.34539395607,7092.88275597255
24.557914123815,2291.8329456445,7092.88360886318
43.4977988027192,1220.11822867307,7092.88452422255
59.7843602788315,40.9788418476165,7092.88531134755
72.9782338380656,1910.70004262883,7092.8859490038
171.565339951667,36.0712779090555,7092.8907136913
178.040392582608,813.986877901129,7092.8910266288
191.401412241855,282.782464111619,7092.89167236318
196.659886955006,181.847772950938,7092.8919265038
201.792274681396,40.2560554335629,7092.89217455068
208.905521580821,1891.72544295957,7092.89251833193
234.650871536265,1500.35683876837,7092.89376259755
268.100460836973,1884.08200152423,7092.89537920693
343.517778086489,84.0515226863126,7092.8990414413
346.785371325148,71.8162682100676,7092.89919936318
353.709164404319,199.392807820331,7092.89953398818
359.025833148997,255.559212680723,7092.8997909413
3.23907886363726,427.878316111574,7092.8999945663
9.54795533962712,1496.34404866816,7092.90029947255
27.1180178566123,120.202861553231,7092.9011486288
30.5740950080998,1476.11689538252,7092.90131566005
46.8600099168989,1255.09691528691,7092.9021027538
69.0849460175744,117.755125095265,7092.9031768788
78.9255518220536,730.689897476822,7092.90365247255
174.22243367428,127.485175194231,7092.90825814443
179.970061306326,87.0170116518132,7092.90853592568
189.106196399463,213.411566196697,7092.90897747255
195.50979978558,871.766492327453,7092.90928695693
213.613307321828,229.694291364879,7092.91016189443
218.096831910964,1343.92985629006,7092.91037858193
235.992780838896,1436.48226647031,7092.91124348818
266.334810421778,1357.28484007558,7092.91270991005
343.246913692016,36.5884544883954,7092.91642705068
346.670984124282,168.438013536942,7092.91659253505
353.300250906777,22.1951259454789,7092.91691292568
2.45416752313881,240.561986997179,7092.91735533193
6.91150479996994,338.656075404842,7092.9175707538
15.6748749243545,1623.53597232823,7092.91799428505
34.097156330006,91.7467421479579,7092.9188846288
40.0313280600289,1505.95669268228,7092.91917142568
55.9283130645009,884.773532217054,7092.91993972255
180.248160374651,38.8608346890695,7092.9259480663
185.465576012186,226.23260209631,7092.92620022255
195.42774260641,291.936336216381,7092.9266816913
203.077020944899,1032.76953655751,7092.9270513788
219.336101936442,201.641661701224,7092.92783717568
222.896928261877,1375.76416925356,7092.92800926943
240.341873661889,97.8896408376784,7092.9288523788
251.745635040606,1459.73322318582,7092.92940351943
353.951438208693,220.000961892453,7092.93434309755
359.830972234416,109.31511251755,7092.9346272538
4.38238981642371,152.883927739822,7092.93484722255
10.1510319588088,53.1323318675447,7092.93512601943
13.2721702676814,389.055343497091,7092.93527686317
16.8200646446562,1408.58680275358,7092.93544833193
38.815457794525,964.744062414979,7092.93651136318
48.067010930379,1575.42046075321,7092.93695848818
73.5903731638371,252.452420079763,7092.93829891005
172.32264092205,31.7235716862374,7092.94307061318
184.493593240651,202.014044381471,7092.94365883193
188.111320425348,284.372608794214,7092.94383367568
193.286060399617,229.857827216406,7092.94408376943
200.537033137273,44.0450037553219,7092.94443420693
205.611550096974,1303.04367296219,7092.94467945692
221.127364381249,1329.53659193191,7092.94542933193
240.97087259073,449.799697488373,7092.94638836318
262.564080510063,1975.06810906134,7092.94743195693
345.693889635754,88.1965958599018,7092.95144959755
350.350703034296,224.899848744187,7092.95167466005
355.902734174333,126.746127482313,7092.95194298818
0.924553282223055,1091.0865544389,7092.9521856913
12.0489834300503,490.406992792458,7092.95272333193
16.8916943216185,144.545320157619,7092.9529573788
24.1678844265162,323.909982169468,7092.95330903505
30.8673073192091,1860.96360543786,7092.9536328163
44.0821953511453,411.401440691961,7092.95427148818
61.7667060786958,2712.79732011465,7092.95512617568
175.010295008726,113.116301048155,7092.96059920693
181.494400071335,41.6327215757573,7092.96091258193
187.041905014357,974.66457127382,7092.9611806913
198.935465879282,967.855129374584,7092.9617555038
213.456162672331,1880.24862346481,7092.96245728505
239.194723351071,1717.12477570196,7092.96370122255
0.211414489024087,248.854353790406,7092.96954992568
4.92351219681572,70.2289684739732,7092.96977766005
7.49471717310188,108.798248188435,7092.96990192568
12.4748306004256,1270.33383812147,7092.97014261318
32.553701205267,324.836768594849,7092.97111301942
39.7535925282126,1598.15494171767,7092.97146098818
54.5604098664933,349.361206630761,7092.97217659755
68.3446292289793,2153.3277383412,7092.97284278505
169.626764263575,61.6447240475715,7092.97773772255
178.719577088497,223.895083029113,7092.97817717568
185.510493866564,816.199829944964,7092.9785053788
190.29921369642,376.68870800367,7092.9787368163
197.490501936737,333.512772954236,7092.97914803505
204.951942929711,1284.45443170477,7092.97950864443
220.656241089177,2223.65903468358,7092.9802676288
248.891647739465,732.744143139286,7092.98163223818
344.562587695071,42.7735555308395,7092.98625598817
357.595134561208,159.617846717808,7092.98688584755
3.15848117496618,27.8396403152747,7092.98715472255
7.47970916357946,97.2638358742728,7092.9873635663
10.3751840760734,372.878644627761,7092.9875035038
22.0269165714089,1106.40852035715,7092.9880666288
31.3896849683505,676.868228133287,7092.9885191288
43.1691209251858,427.175128603352,7092.98908842567
58.0942660660971,2531.1841511666,7092.9898097538
83.3866727164083,51.0124893715602,7092.9910321288
171.885525211387,52.0155134242639,7092.9953092538
178.961592589624,758.943408118995,7092.99565123818
192.254719218363,138.978689667724,7092.9962936913
196.480573691899,359.53887089768,7092.99649792567
203.324835002003,67.3961164654457,7092.99682870693
208.550009823669,2266.50787027438,7092.99708123818
228.037888057945,63.6319538727115,7092.99802308193
235.411714719972,1387.08033947665,7092.99837945693
357.034270067075,102.117023170756,7093.0042574413
2.02084950626546,35.4473325692162,7093.0044984413
7.03361618248707,97.3121166980562,7093.00474070693
9.59544549990396,332.384147982978,7093.00486451943
21.5048481108397,1272.22565815543,7093.00544009755
27.4858983233945,130.974578405052,7093.00572916005
33.3715750961465,480.185780027398,7093.00601361318
42.7802521058316,82.6993959424094,7093.00646833193
49.2756726797984,238.522618323245,7093.0067822538
54.4584951783104,1740.77197101496,7093.00703273818
175.333904188443,38.0670495125912,7093.01287461318
183.485267431923,265.086397277514,7093.0132685663
188.177320536801,82.4149082312431,7093.01349533193
194.186497838875,273.047029430984,7093.0137857538
201.462364678935,1412.84872690051,7093.01413739443
216.645179897809,191.510043934251,7093.01487117568
222.739708488778,1161.55041141042,7093.01516572255
238.423962007694,934.993971135611,7093.01592373818
254.301548938928,212.175416125504,7093.01669109755
356.035419090909,99.3187615483393,7093.02167803505
0.430036176834987,23.8650592343514,7093.02189042567
1.92368228346266,101.192866586164,7093.02196261318
12.1855479763286,240.561986997179,7093.0224585663
13.3031961647256,241.186015603745,7093.02251258193
24.7037245563277,393.091059702755,7093.0230635663
35.0085891396605,1617.59972083786,7093.02356159755
58.8306273110096,859.262383468007,7093.02471291005
63.8440406298185,1116.14728570686,7093.02495520693
176.966068770103,62.9267679630452,7093.03042236318
182.404298266889,208.963138459417,7093.0306851913
191.49808107451,747.368000819648,7093.0311246913
200.341306308073,1022.23685072289,7093.03155208193
213.045380343462,321.581372642044,7093.0321660663
220.6186831272,487.640650082,7093.03253208192
233.129100485431,2050.34700329065,7093.03313670693
354.733227704359,72.9840840540952,7093.03901380068
359.132694327413,62.4396853665665,7093.03922642568
2.89655306414755,125.85353592609,7093.03940833193
9.0887182122459,96.4393356839288,7093.03970759755
18.7230586183097,406.623984483545,7093.04017322255
24.2411432242747,482.37203120749,7093.04043991005
29.6619145755855,1587.58595159014,7093.04070189443
54.6067737372975,940.763689172286,7093.04190747255
72.4370927144104,1587.58595159014,7093.04276920692
172.819160508019,53.3528915491743,7093.04762064443
181.994414899558,343.503753219565,7093.04806408193
185.95645658574,222.548340866879,7093.0482555663
193.803594495926,478.618089605476,7093.0486348163
203.7285816066,1493.12606723129,7093.04911448818
217.401909048111,1378.38385150246,7093.0497753163
234.541659282678,331.478455795065,7093.05060367568
254.078679079175,1791.1606642329,7093.05154789443
350.55754582308,108.711872837119,7093.0562106913
356.248919238451,114.928913608203,7093.0564857538
1.99266727843117,505.797181915568,7093.05676334755
9.85887988410541,170.103015006973,7093.05714351943
15.0520480241865,311.852155210346,7093.0573945038
21.3596312526386,1565.46631213672,7093.05769934755
37.6785227880847,86.3124086092348,7093.05848803505
42.6621924673613,1451.47205365959,7093.05872889443
62.9728691779729,2005.27883187362,7093.0597105038
175.226404158313,66.2006838236806,7093.06526422255
180.145737171946,101.655996120886,7093.06550197255
190.579598501953,1143.81581983736,7093.06600623818
204.713305205527,1010.99983940145,7093.0666893163
218.315506667051,1766.82679597917,7093.06734670693
239.545002011662,337.767230851327,7093.06837272255
254.08186381556,1866.12569841316,7093.06907528505
340.368374334209,61.8349260683715,7093.07324548818
347.048399191302,34.8459178178828,7093.07356833193
354.340107702097,94.6200340301573,7093.07392073818
358.183498245536,508.760311657142,7093.07410648817
5.85120467456238,168.549521561978,7093.0744770663
11.20796258743,25.2517555476839,7093.07473595692
13.2958340893747,773.460573366691,7093.07483686318
20.0017229562972,1433.96872154256,7093.07516095693
35.1622304925688,105.555043872219,7093.07589366005
39.4685866802344,173.276643034015,7093.07610178505
48.599872273881,177.13724931312,7093.07654309755
63.8790308776211,2380.36879096626,7093.07728153505
171.272506043711,55.1281971461481,7093.08247183193
180.925921145262,570.855640535939,7093.0829383788
192.368155217431,280.915873895893,7093.0834913788
201.954000628586,1459.73322318582,7093.08395466005
222.118869051998,862.753923858151,7093.08492922255
235.007870710625,1414.55003266344,7093.08555214443
255.576217536837,423.641788316331,7093.08654620693
346.985740010095,27.5214625394815,7093.0909640038
350.759621123561,71.2910980249504,7093.09114639443
353.956411647072,98.7495987758713,7093.09130089443
4.09057387843815,276.873690641111,7093.09179067568
9.17511317723326,217.7691360572,7093.09203641005
16.6805229680996,593.574800422658,7093.09239914443
21.9163666961723,69.2862503481884,7093.0926521913
25.3595118239264,726.564031161558,7093.09281859755
36.9284795254429,1233.83903094521,7093.09337772255
49.6461321518785,328.05991256879,7093.09399236318
59.454731237136,332.157940041711,7093.09446641005
73.0999316267644,2323.10082282083,7093.0951258788
171.532500323973,33.8545129430212,7093.09988309755
177.954855065465,271.390521167092,7093.10019348818
185.047087492188,215.339759912503,7093.1005362538
194.723133578818,346.770084869163,7093.10100389443
200.051441099691,1552.35302390366,7093.10126141005
214.953631915412,1306.72983544855,7093.1019816288
229.90914742843,334.637623167211,7093.10277803505
235.492861947577,55.1281971461481,7093.10304789442
240.268649791337,1846.69313174624,7093.10327870693
272.378807099334,22.5233772604971,7093.10483058193
352.236496826987,40.1099327362875,7093.10869008193
352.546218227085,113.199324913715,7093.10870505068
359.101772572156,111.189703277947,7093.1090218788
7.84671468127664,1024.58685979911,7093.10944451943
18.1509326972961,198.258798267403,7093.10994251943
25.109642180328,56.7240074356157,7093.11027883193
30.694973211851,1337.65187815271,7093.11054876943
47.7435528258814,1840.17001636505,7093.11137272255
190.376406170721,315.208109613607,7093.1182661288
199.100980299179,332.157940041711,7093.11868778505
207.535231025502,180.291254148202,7093.11909541005
211.439725322744,1476.93113294878,7093.11928411318
225.122105195923,1566.23425340285,7093.1199453788
239.671898985917,58.8775625476323,7093.1206485663
1.91422047332846,104.481569229709,7093.1265565038
7.27615118816217,108.625414219077,7093.12681564443
17.6220749223848,361.623175848536,7093.12731566005
23.0868150339509,492.242524519071,7093.12757976943
27.1597486411076,213.235415436053,7093.12777661318
35.024344772043,1441.49614467182,7093.12815670693
52.093292253825,79.0401008532449,7093.12898164443
58.9110429491485,1607.15862840277,7093.12931114443
180.944835883181,48.1465527168989,7093.1352090038
183.920165942492,185.833667898372,7093.13535280068
188.543356147073,213.587564301676,7093.13557623818
206.48101075557,1697.40332900403,7093.13644316005
219.426589895711,175.645983868655,7093.1370688163
236.396930912938,132.826402654551,7093.13788898818
240.253900047424,1610.14868105269,7093.13807539442
264.854767972489,2329.30386090402,7093.13926434755
339.462065511234,21.7407532948632,7093.14287009755
343.270539650812,113.199324913715,7093.14305416005
347.979270872783,203.496719475282,7093.14336247255
357.450344770898,130.038785295383,7093.14382020693
1.0793874669528,1064.87219042606,7093.14399559755
11.1382207485182,1649.98437135466,7093.14448173818
31.8921418405554,248.854353790406,7093.14548476943
40.8675967702716,74.8899969815753,7093.14591855068
45.662136007044,1956.71767677652,7093.14615026943
71.9587124673384,2746.27898200208,7093.14742117568
172.234091234513,218.80203204816,7093.15226745693
181.86972481284,808.799860418929,7093.15273314442
193.232103813466,1505.15788721606,7093.15328228505
208.490571246979,220.342313839161,7093.15401972255
214.859258191598,1537.56463117105,7093.15432751943
228.472775202117,1359.05564579986,7093.15498545693
260.320412857386,207.157041520745,7093.15652464442
348.483356677599,27.4573835890024,7093.16078553505
357.31979259682,44.94235886221,7093.16121259755
5.70813478567381,173.601646946686,7093.1616180038
10.846341881343,201.641661701224,7093.16186633193
14.3234335431698,189.636792380377,7093.1620343788
23.1042618883033,151.029230788247,7093.1624587538
29.5909533707141,1269.38692890377,7093.1627722538
47.6786192362259,1439.82681333199,7093.16364642568
62.8433296670379,916.155762364923,7093.16437933193
175.560262816873,73.1769089767909,7093.16982691005
185.245361335171,243.048470238705,7093.17029498818
189.927392100955,268.606942244176,7093.17052126943
192.811551577366,311.611070280549,7093.17066066005
206.728970505792,1100.96098904222,7093.17133328505
218.79517361281,1381.86895259906,7093.1719164413
237.356150726481,1300.27222322582,7093.17281348818
261.299749687575,2650.01331989367,7093.17397067568
343.018996737026,75.7009940843822,7093.17803397255
345.945490441396,87.7694930623285,7093.17817572255
354.29819131181,287.003310006639,7093.17858030068
359.283101711579,295.518526316485,7093.1788217538
2.52314837454207,366.782132443788,7093.1789786913
9.79260786326904,1677.44995671626,7093.17933080068
24.4837870164988,73.1769089767909,7093.18004239443
26.9738228458594,482.683504277048,7093.1801630038
37.4126826947587,1021.05979227218,7093.1806686288
48.7173615135298,1799.19878995349,7093.1812161913
76.198079603886,209.3225037747,7093.18254726943
177.50238931447,65.7021242966849,7093.18747889442
183.185696959487,158.436361252789,7093.18775417568
187.839312337635,159.382257391982,7093.18797958193
196.254917292327,780.810416323163,7093.18838720693
206.3847404486,1362.59026284336,7093.18887786317
215.817456860817,223.727175674426,7093.1893347538
225.450821309942,49.3272089840957,7093.18980136318
228.460219463596,237.733610575219,7093.1899471288
233.625132472443,1647.06659422365,7093.19019730068
357.296912247709,51.6075411571837,7093.1961875663
1.8756877950592,166.981581339876,7093.19640934755
4.27120612902233,293.988638988552,7093.1965253788
16.8946136173913,1403.45524091146,7093.1971368163
30.1189974532547,169.881955724982,7093.19777736318
36.3932813008173,1303.96626829565,7093.19808126943
50.0234774764643,144.415271408072,7093.19874147255
58.5281159724639,344.159478693484,7093.19915341005
72.8492898376978,197.308835936383,7093.19984708193
179.16630366351,45.2288657915023,7093.20499673818
183.88572641563,148.393700105665,7093.20522533193
186.989642102235,179.246090192819,7093.20537567568
201.520496348541,240.249348193444,7093.2060795038
204.997320575282,1021.05979227218,7093.20624791005
218.510095638387,1112.91043047856,7093.20690242567
237.347140966692,269.584465861783,7093.20781483193
260.846833979755,1871.27380257834,7093.20895308193
347.368079063373,141.656741892149,7093.21314389443
354.174951257615,119.968160405826,7093.21347359755
0.0843911084202809,66.9064595393287,7093.21375983193
2.29280997805102,1169.80314324167,7093.21386680068
14.565889843024,360.790897158125,7093.21446126943
26.09282992732,278.767342543063,7093.21501959755
29.8409483435445,433.46259914756,7093.21520114443
40.4388428235001,2968.48146064121,7093.21571447255
185.969969365153,165.852567790559,7093.22276353505
196.818512569207,228.381730194016,7093.2232890038
199.822104181027,1020.47081895762,7093.22343448817
211.384528654259,202.199965104732,7093.22399453505
217.475261502671,1432.29050841853,7093.22428955068
233.573235103575,341.08854629622,7093.22506928505
252.598705045542,2274.98087035372,7093.22600978505
345.171650161008,79.3366830564857,7093.23049372255
349.523970839718,139.248806929615,7093.23070453505
357.087305509776,113.696177472811,7093.2310708788
0.826068994093214,337.767230851327,7093.23125197255
8.27295035239366,1378.38385150246,7093.23161267568
18.8401991844616,52.4203111473831,7093.23212451943
22.4789612568452,352.360030042576,7093.23230076943
33.5723466807177,1005.63324334502,7093.23283809755
43.4353918383662,1536.7823680279,7093.23331583193
179.567996080871,35.4804449709256,7093.23990966005
189.114907653085,634.219676776127,7093.24037208193
200.463458067023,372.273462057038,7093.24092176943
208.329700300129,425.765311895532,7093.24130278505
218.733721010687,1451.47205365959,7093.24180672255
229.110967126283,885.45282217467,7093.24230936318
251.101606127978,1261.78578696567,7093.24337451942
348.413006559784,105.109101977696,7093.24808797255
351.784022795204,44.3637938885022,7093.2482512538
355.254717892367,69.9609190024653,7093.24841936318
7.3110204459053,530.172794555028,7093.24900333193
14.3111211965037,278.227607619641,7093.24934239443
17.8808499799234,739.279304440288,7093.24951530068
26.9448513424573,436.227942657297,7093.24995433192
38.1395286043463,1554.67505535967,7093.2504965663
53.6358806447142,1667.38367557429,7093.25124716005
78.599143097706,25.5522426134691,7093.25245630068
181.331589254101,76.931981618511,7093.25743233193
186.641020483089,88.6216378059856,7093.2576895038
191.722383979827,909.569419782486,7093.2579356288
199.011843683343,332.384147982978,7093.25828870693
208.531980660595,71.5541584317414,7093.25874983192
211.303633487239,1387.94697956968,7093.25888408193
232.602649661414,541.949596311042,7093.25991573818
242.439242849397,1960.40139677223,7093.2603921913
352.031142514067,55.3832257832454,7093.26570047255
354.364401901685,150.904760909398,7093.26581348817
0.691912313874976,125.029736564031,7093.26611997255
7.04612005863419,661.140586721842,7093.26644748817
17.5756264626674,602.123073623062,7093.2669575038
22.5392462591185,142.97697747967,7093.26719792568
26.8583406630988,357.862683930676,7093.2674071288
39.6459440737627,2021.9996788029,7093.26802651943
49.5893129411911,279.306022754611,7093.26850814443
66.4302004828881,661.595167539275,7093.26932386318
175.094667444382,42.3874581267913,7093.27458722255
185.143199165198,177.031139747541,7093.2750739413
192.56362851628,186.741400121093,7093.27543336317
199.339209924701,1018.70167856788,7093.27576155068
210.488725202895,898.930818671317,7093.27630159755
228.075107312227,83.2090160662879,7093.27715342568
240.586577717251,1690.30411889537,7093.2777594413
262.752703174719,1106.9517524831,7093.27883309755
345.830027718582,73.1769089767909,7093.28285709755
348.362644792133,113.530802814399,7093.28297976942
356.219209468035,154.229878868151,7093.2833603163
3.3231826834918,487.023754658367,7093.28370441005
6.67484384205551,375.889819270725,7093.2838667538
17.4266114365058,149.779993963151,7093.28438753505
21.8208682590274,1334.05109181695,7093.2846003788
34.6904082806361,1688.8807019555,7093.28522373818
51.3958099839093,167.318811583606,7093.28603289443
60.0030306313465,1019.29165108317,7093.28644980068
170.608493325913,50.7817642103614,7093.29180717568
180.872511969635,130.902844119873,7093.29230433193
187.776159735927,251.258791550413,7093.29263872255
191.57556922787,113.448014871231,7093.2928227538
201.087641586635,1048.37027947724,7093.29328348818
213.909116409963,1183.09084751189,7093.29390451943
226.852851086881,422.931578647479,7093.29453147255
255.973915311253,2302.30279285593,7093.2959420038
344.366477701045,145.323142408671,7093.30022345693
351.611098083718,68.3305356741215,7093.30057436318
355.586961757111,91.0271510945471,7093.3007669413
1.24446249528926,332.384147982978,7093.30104097255
7.69487789900426,1449.81415761691,7093.30135341005
23.3925231517682,84.0515226863126,7093.3021137538
27.1280607962016,613.988693221046,7093.3022946913
40.407284172965,2572.65098113635,7093.30293789443
71.8335428765706,2128.61483994686,7093.30446008193
174.86591870321,196.545529851377,7093.3094999413
180.787294262981,60.1014307766157,7093.3097867538
186.204146384455,277.957379335447,7093.3100491288
194.032968739717,1411.14553375843,7093.31042833193
208.666082549717,1590.61286364448,7093.31113711318
230.506719414734,284.372608794214,7093.3121950038
237.729404018601,62.8520777090635,7093.31254484755
241.216550940481,1981.14702421037,7093.3127137538
352.745252735108,47.6069426935677,7093.31811584755
354.913671024944,168.438013536942,7093.3182208788
1.71796251723613,128.950572442221,7093.31855045693
7.70030667237646,1098.22695382178,7093.31884022255
19.0762767816562,250.659853984203,7093.31939123817
25.1466867524265,1257.96795202859,7093.31968526943
38.454942800805,54.226154816428,7093.3203298788
42.2591910713507,184.310816608857,7093.32051414443
56.5219769680571,2026.7518774375,7093.32120498817
82.8952597461603,943.316647017411,7093.32248242568
164.6851464438,55.3408013859169,7093.3264440663
177.785980150205,210.575404335778,7093.3270786288
181.968943540274,704.720060085151,7093.32728123817
195.659140585614,1024.58685979911,7093.32794434755
207.306404997039,194.044127987958,7093.3285085038
218.329466818526,1750.41625638528,7093.32904242568
236.279402573641,1380.99853774776,7093.32991186318
351.056538162353,40.1976715802554,7093.33547130068
354.715623074824,55.8477500356425,7093.33564853505
6.62353639284932,200.145219841907,7093.3362253163
10.2406852366167,330.342891929902,7093.33640051943
16.7285205181765,299.810759551988,7093.33671476943
24.2837905321944,1428.92842003306,7093.33708072255
37.8478567085713,1326.82054232447,7093.33773772255
45.9311988033024,79.2181806263947,7093.3381292538
70.9834948727094,1109.12223849624,7093.33934270693
165.523242440317,36.3953728266253,7093.34392191005
177.306315240355,225.900159689374,7093.34449264443
189.442941541227,344.159478693484,7093.3450805038
196.143037943363,788.473175639126,7093.34540503505
206.15737555111,1010.99983940145,7093.34589009755
224.567963074247,1414.55003266344,7093.34678184755
240.1894782579,70.1620497811639,7093.3475385038
262.77139117514,1918.23734674301,7093.34865622255
341.521234071238,90.7687675022473,7093.35247061317
345.21838411215,23.355250025614,7093.3526496913
349.571027378604,101.192866586164,7093.35286051943
355.703051120231,393.473281734558,7093.35315753505
5.54512822475117,129.60459094824,7093.3536342538
8.79065876669602,160.088012290949,7093.35379145692
17.1040042328022,1817.81634189804,7093.3541941288
32.8822958206436,43.264909016516,7093.3549583788
36.1126649264013,1118.2998971293,7093.35511484755
48.8480094605612,134.722524802733,7093.35573170693
58.1129814853015,481.436279731184,7093.35618047255
67.3589209833755,270.280520187072,7093.3566283163
176.696300908575,35.1479123583687,7093.36192426943
181.576693705553,94.6200340301573,7093.36216066005
191.271349375345,163.915367390466,7093.36263023818
194.024614813257,220.683124552146,7093.36276359755
200.747614794984,844.440350977749,7093.36308923818
216.237192492733,217.423745674239,7093.3638395038
219.756597963665,1019.88140155385,7093.36400997255
237.755566717847,1274.11459160953,7093.36488178505
265.798550926877,325.299176484606,7093.36624009755
352.319473460305,99.41330397778,7093.37043089443
359.561835728772,141.39123205581,7093.3707816913
4.65836066169649,156.046536803345,7093.37102855067
9.40842902415021,105.999112265387,7093.3712586288
11.7684630067309,511.999886931847,7093.3713729413
25.1483329709156,1511.53578542562,7093.37202101943
41.4914713793816,392.325560927276,7093.3728126288
51.8822661051072,1581.51491902458,7093.37331592568
72.4635299947324,56.8067606843137,7093.3743128163
174.74500194031,30.8033043516787,7093.3792670038
187.047759577278,263.807475864297,7093.37986291005
189.968124227178,112.366352333915,7093.38000436318
195.724336063869,288.830542816143,7093.38028317567
209.005494967095,316.398018895825,7093.38092647255
212.973616572192,1510.73997756157,7093.38111867568
228.435129399111,1368.75377698686,7093.38186758193
243.563734190582,400.665778332865,7093.38260036317
358.29054650436,90.0413632543007,7093.38815736318
1.12929709350528,95.951038781017,7093.38829486318
6.29098422491481,202.385733172328,7093.3885448788
16.1588681987197,338.211958439416,7093.38902284755
20.7724829219647,442.386766108527,7093.3892463163
29.8747715605102,1596.64936827397,7093.38971366005
49.0802092005388,437.260450070198,7093.39064391005
55.1790066674367,121.678750408805,7093.3909393163
73.795726219126,999.636595722109,7093.39184105068
167.421912281432,92.359078718296,7093.3963760038
178.545298177704,58.1147109601776,7093.39691478505
183.384400006358,329.203386773003,7093.39714917567
192.47872446659,621.773355025113,7093.39758967568
198.996237595252,257.317667173851,7093.39790536318
203.62791715704,345.68473084029,7093.39812970693
217.827153756426,1216.16972048599,7093.39881747255
230.337978985963,1648.52620443412,7093.39942345693
356.203661257498,110.171156919581,7093.40551998818
2.23181249671374,125.104843151647,7093.40581197255
8.64577578581507,94.7192602129832,7093.40612264443
14.4077942018931,24.6636044920479,7093.40640173818
15.9962041222555,485.787632342749,7093.40647867568
25.9576378282266,141.524042485131,7093.40696117568
29.7451116863123,1773.61958453304,7093.4071446288
46.3721251311606,152.391543828401,7093.40794998818
60.6739438444307,1536.7823680279,7093.40864272255
174.920426688033,117.435575153202,7093.41417645693
189.240955377779,70.8283709460744,7093.41487009755
191.812605230341,1036.25674707786,7093.41499466005
200.276275420868,362.660818042926,7093.41540461318
214.080990213949,326.912413806113,7093.41607326943
222.266914497671,2101.32355960013,7093.41646976943
246.300163545537,404.771466344656,7093.41763386318
258.119043322256,274.008704614914,7093.41820633193
347.927432503886,33.3301442001499,7093.42255636318
354.544624494292,75.6389187395179,7093.4228768788
358.812105272364,104.66125188735,7093.42308358193
7.18319349395571,223.559143419649,7093.42348905068
14.107809238269,942.041000762117,7093.42382445692
24.4731197200072,465.886607070587,7093.42432651943
29.9212626648568,107.931316661869,7093.42459041005
34.3184227019647,110.851224033315,7093.42480339443
46.9544109996786,1876.40747384421,7093.4254154413
70.4608783178065,1805.86989806386,7093.42655401943
173.844669147191,74.9526898879971,7093.4315838788
177.899243629199,320.645149320953,7093.43178026943
184.803536533425,279.843676009861,7093.4321146913
190.082322189633,1080.00930421071,7093.4323703788
205.832871419281,1543.02937094286,7093.43313328505
219.822105012298,1757.27254969615,7093.4338108788
243.140827653052,240.718139865592,7093.43494036317
257.692649990041,1948.09501863347,7093.43564520693
342.502580161771,25.483214496913,7093.4397531288
345.301330096014,142.97697747967,7093.4398886913
354.929210591049,97.3121166980562,7093.44035503505
1.09833162277756,1246.44428112219,7093.44065384755
14.8265937214495,47.7055062120257,7093.44131880068
19.9018280510555,468.139582654459,7093.4415646288
29.8268095673052,550.207324145902,7093.44204536318
35.877541798368,306.013547834993,7093.4423384413
39.5330782832114,2329.30386090402,7093.4425155038
64.6666658256295,51.9703412249495,7093.44373289443
81.5611024821438,1832.31152472985,7093.44455120693
165.979091511964,26.7204296883206,7093.44864014443
171.316265099146,172.515945973117,7093.44889866005
180.106714157991,331.705135581117,7093.4493244413
190.181697886025,1205.24434876756,7093.4498124413
199.444734384303,283.048084970261,7093.45026111318
208.460347998366,1578.47068749106,7093.45069780068
227.637075629631,297.293412110378,7093.45162666005
239.713055810215,2071.35264496117,7093.45221158193
268.36088745722,331.705135581117,7093.4535991913
347.977517048867,66.9766395122728,7093.4574555663
354.225026339021,149.403184268593,7093.45775817568
1.16770688432345,99.5077631404939,7093.45809445693
4.92969653597553,960.371560054796,7093.45827667568
15.7863043585158,321.347531917482,7093.45880253505
21.4363856536951,1287.2598542657,7093.45907620693
36.1185324252074,50.8279980604431,7093.45978736318
41.4957065921846,249.30696396197,7093.4600478163
50.8993902952322,449.465409335659,7093.46050330068
68.9225529048718,3087.61705092309,7093.46137628505
169.19044743834,188.244586585284,7093.4662329413
180.069313664984,175.21756268124,7093.4667598788
187.906200676285,141.524042485131,7093.46713947255
192.583364734404,1707.29252957358,7093.46736601943
213.586892826083,372.677028126489,7093.46838336318
217.898245161767,429.98091198676,7093.4685921913
235.017523785756,2064.37444916219,7093.46942139443
257.215907792277,2637.27706339978,7093.47049661318
343.225914603781,41.235945213991,7093.47466986318
347.556622091428,233.587676978786,7093.4748796288
351.318289155337,270.419520109755,7093.47506183193
3.30813908430744,1163.6190899722,7093.47564258193
15.5696059031668,1589.10018477343,7093.47623648818
34.9927886178616,48.5594203736284,7093.47717728505
37.591858278427,486.715001635218,7093.47730317568
43.2990371911588,2058.54133739081,7093.47757961318
86.6422415569538,178.72121838014,7093.47967901943
179.565191745625,36.5242072697392,7093.48417991005
181.661673494357,161.722801816921,7093.48428145693
186.848199769375,192.488636141519,7093.48453267568
196.77027799593,104.750971785528,7093.48501326942
202.666169311713,1408.58680275358,7093.48529884755
221.201597352838,1031.60457953777,7093.48619664443
240.883170897481,1437.31915258627,7093.48714995693
347.738579611807,35.2479989640386,7093.4923256913
356.928389255559,83.3218424811655,7093.4927708163
4.50269183379737,261.662108647087,7093.4931376913
8.57339559033182,278.767342543063,7093.49333486318
14.3315429534847,252.452420079763,7093.49361376943
17.9632081330595,63.4841484936643,7093.49378967568
23.299736544754,1608.65443188385,7093.49404816005
45.7026396035542,960.997392773777,7093.49513328505
58.7218591740965,1472.85472706926,7093.49576389443
173.534479189298,66.3778268461535,7093.50132505068
183.036228815371,284.636758607348,7093.50178528505
188.084043374527,249.156167919651,7093.50202978505
192.077326710975,615.944073523167,7093.50222320693
201.419719193355,1180.03773419417,7093.50267572255
215.229917940526,1302.12052251721,7093.50334464443
238.198312957884,886.809792266519,7093.50445716005
344.911138978531,27.35025400602,7093.50962598818
1.86751203120032,216.03664690506,7093.51044730068
5.44627319633758,91.4390299588952,7093.51062064443
10.7721562875959,288.830542816143,7093.51087861318
19.5251855061491,167.206484769089,7093.51130258193
23.0152357177226,274.419820200933,7093.5114716288
30.6311517769204,1342.13906655134,7093.51184051943
46.8626767201697,457.749643745231,7093.51265183193
54.4385921995725,593.574800422658,7093.51301878505
91.0652483009615,955.979184702471,7093.51479286318
174.067087913647,32.8510621483424,7093.51881320693
179.373293340305,126.077273621128,7093.51907022255
184.514335043884,147.122078408835,7093.51931923818
190.090544346604,235.031077933101,7093.51958933193
196.734510894419,1112.91043047856,7093.51991114443
210.614388068487,424.350832251008,7093.5205834413
220.037749511242,868.311145207912,7093.5210398788
254.675989894319,2253.73875117896,7093.52271764443
346.360857710916,27.8607224096783,7093.5271585663
349.679292557196,200.707686581758,7093.52731930068
356.463906309781,102.85036017299,7093.52764792568
1.28042725924853,122.601748198115,7093.52788122255
5.09177242260302,1184.10692362403,7093.52806583193
19.294557449617,313.534642693014,7093.52875376943
28.5627553517948,439.318137424038,7093.5292026913
33.7502493524895,531.022614769228,7093.52945395693
42.0435945286981,91.6442893794667,7093.52985566005
49.125954477985,2428.38127384459,7093.53019870693
176.38036643376,38.5269975644587,7093.5363625038
181.710120540389,242.893816171375,7093.53662066005
191.863815077039,172.62481721847,7093.53711247255
194.297721052078,280.915873895893,7093.53723036318
202.667518922695,1469.58523128404,7093.53763576943
221.092945369384,112.950079844687,7093.53852823818
224.402025246202,446.445436175225,7093.53868851943
239.059978124702,2006.47787274022,7093.5393985038
358.92879990529,150.530768405766,7093.5452045663
4.13435866941951,57.0131060417811,7093.54545670692
9.06539740418204,277.957379335447,7093.54569555068
12.3154441745396,1263.69037456442,7093.54585297255
29.5418211032711,287.003310006639,7093.54668736318
33.6025246773029,162.765065314652,7093.54688405067
39.2406703761786,189.140758610762,7093.54715714443
46.8175536188127,104.211479723393,7093.54752414443
49.7379181936054,1828.36978890322,7093.54766559755
78.6799475721303,3005.51850074271,7093.54906745692
171.431927495888,873.144778701374,7093.5535600663
181.883832794084,942.041000762117,7093.55408211317
189.64200899677,173.276643034015,7093.55445789443
200.505068499078,62.4396853665665,7093.5549840663
203.82221306949,2181.07087945896,7093.55514473818
227.342874098128,1819.13883956497,7093.5562840038
253.255182482912,1335.852650719,7093.55753911318
342.564532255444,36.0387067410706,7093.56186497255
350.141415498078,74.5757275377734,7093.56223197255
354.957291234504,102.941662138978,7093.56246523818
5.3135692969708,352.146700688394,7093.56296686318
9.47588725920879,491.937102164997,7093.56316847255
18.2479489668745,102.02497874312,7093.56359336317
22.7589816513435,467.175353957572,7093.56381186318
29.716178532453,1836.24504490609,7093.56414884755
54.3310488885114,857.16067577124,7093.56534111318
64.0950603599037,563.434687794739,7093.56581405067
76.7465327942103,135.695260583546,7093.56642684755
177.24991461559,58.837656968791,7093.57129491005
183.634845195522,186.43932231388,7093.57160417568
191.869802403203,237.733610575219,7093.57200305068
199.264424960107,902.934949031931,7093.57236122255
212.434291842814,1081.67808043902,7093.5729991288
221.595714065547,283.048084970261,7093.5734428788
232.507161391434,423.641788316331,7093.57397139443
245.271861222506,2000.47578502449,7093.57458967568
349.503361207767,44.9684837977582,7093.5796383163
354.594402186601,64.1466116335643,7093.57988491005
359.509956822325,204.417940907753,7093.5801230038
7.59813773321241,302.058461576493,7093.58051476943
11.7588427567317,277.28055962406,7093.58071630068
16.4598781201192,623.222140561097,7093.5809440038
22.3099623518273,57.2187054681539,7093.58122736318
25.4006520160462,107.057362974672,7093.5813770663
43.5483325183758,2475.46250164987,7093.58225608193
71.9735802370034,1970.19134340337,7093.58363291005
175.512167043768,749.376449782346,7093.58864798818
192.113373731993,305.521941079689,7093.58945209755
195.347613815568,1359.94016048357,7093.5896087538
209.227490914528,1673.14317955913,7093.59028105067
230.701348368987,805.074340526346,7093.59132117568
244.106057401672,1864.83650743696,7093.59197045693
340.537309907527,24.5681912314222,7093.59665880068
351.811020565775,67.5005815131691,7093.59720486318
358.883380370113,182.054302189094,7093.59754742568
1.82019684472917,352.786383439607,7093.59768967568
11.3577534099279,1190.18439548313,7093.59815164442
22.4463001303056,1100.96098904222,7093.59868873818
40.3836550385217,37.6014740177677,7093.5995575663
45.65727929083,1687.4560637703,7093.5998130038
180.007277218278,51.6075411571837,7093.60632048818
191.526152684088,106.17622059339,7093.60687842568
196.072992307683,1073.30799803407,7093.60709866005
215.138105405793,358.282459256287,7093.60802211318
219.914948288102,1322.28117344368,7093.60825348818
243.763033435652,1630.92572780243,7093.60940861318
347.709690583745,29.4188284843955,7093.61444345693
350.993286216576,63.85302703249,7093.6146025038
358.120163011624,341.528916258937,7093.61494770693
7.72610769029917,242.274200701331,7093.61541298818
13.0974753154426,1088.32787226731,7093.61567316005
23.4814956985494,1354.62430161937,7093.6161761288
40.2401240040039,1157.4019520566,7093.61698786318
57.2574656520431,58.837656968791,7093.6178121288
62.3391516614166,324.141935514888,7093.61805826943
175.27948668232,23.4305474328123,7093.62352873818
188.402256167531,174.141950859408,7093.62416436318
197.915296289527,159.617846717808,7093.62462514443
201.227602043784,855.756632223148,7093.62478558193
210.734190410905,1056.36888125815,7093.62524605067
226.503449654583,293.732871359254,7093.62600986318
239.802028108202,1333.14947969865,7093.6266540038
353.098497256782,93.0683655142595,7093.63214172255
356.793711696122,47.0860885004587,7093.63232070693
3.66864937854331,134.792232930891,7093.63265370693
10.3135836895893,940.763689172286,7093.6329755663
19.5211355841409,184.004755876543,7093.63342155068
28.2393255141378,744.950601205829,7093.63384383193
38.4039879214137,73.3692273602315,7093.63433617568
42.4608205176281,1667.38367557429,7093.63453267568
72.9583445418131,2063.20915907554,7093.63602508193
169.345538072773,69.2523469125739,7093.64069376942
179.47213546427,153.252174839302,7093.64118426943
183.204769781456,959.745283246605,7093.6413650663
194.238476998488,254.527815490846,7093.6418995038
201.98568525544,1257.96795202859,7093.6422747538
215.129745381524,2138.75916976747,7093.64291141005
238.777505042355,891.543117109705,7093.64405683193
343.012553455243,24.9946747327146,7093.64910564443
357.794379088499,122.525087298264,7093.6498216288
2.76896675557614,79.5731536218369,7093.65006258192
5.80159107656509,290.128671087686,7093.65020947255
11.1110223055535,30.2842750876664,7093.65046664443
18.8704888216612,1244.51338123777,7093.65084248818
29.5922560563729,280.11210018164,7093.6513618163
37.4214009618243,861.359039650011,7093.65174103505
50.0022271684482,1320.46118483942,7093.65235041005
79.5632977330101,264.802735294722,7093.6537822538
178.228266010308,45.2028969810669,7093.65856126943
184.010929854218,254.527815490846,7093.65884136318
190.043919909589,282.782464111619,7093.65913358193
197.851451623978,299.308994256009,7093.6595117538
204.393481270951,1240.64236661781,7093.6598286288
218.334972178322,86.2579729865587,7093.66050391005
221.074043830616,1353.73645626657,7093.66063658192
240.683358283966,1252.21943925169,7093.66158639442
350.182030879321,24.806030493596,7093.66689016005
353.043039797462,104.031026848528,7093.66702873818
3.21931525085173,139.383671271531,7093.66752164443
7.98970652850064,205.151950982696,7093.66775270693
14.445283223454,1246.44428112219,7093.66806539442
27.0241739787232,40.5467118214098,7093.66867467568
31.3690752144348,1189.17364844151,7093.6688851288
53.6664928696574,1077.78019842186,7093.66996514443
72.6577338626476,358.072627104633,7093.67088501942
175.585666727159,43.4004117366715,7093.67587051943
185.407743541781,112.950079844687,7093.67634626943
193.481085566671,260.077570590767,7093.6767373163
197.498426874594,721.998294483939,7093.67694958193
207.532442259602,968.476188134559,7093.67743559755
223.654609753518,310.160591654451,7093.6782165038
227.675957923242,1390.54368020197,7093.67841128505
264.417454435224,319.941212412189,7093.68019092568
352.708079849066,73.1769089767909,7093.6844674413
356.850720109151,105.198440236709,7093.68466809755
5.59826533606015,279.574974282326,7093.68509180068
6.1563378516196,72.7907456532506,7093.68511883193
12.6799801474134,362.246121987653,7093.6854348163
23.9436906231584,359.53887089768,7093.68598039443
28.9708597544832,1576.94635127825,7093.68622389443
55.1980113361726,285.427820267969,7093.6874942538
61.9864961416824,1420.48806051065,7093.6878230663
180.184326140368,61.0705583325988,7093.6935481913
182.829848135603,269.863104085388,7093.69367633193
192.37901778447,873.144778701374,7093.69413886318
204.462094895417,21.0547516921178,7093.6947241288
206.941162816597,300.561880939298,7093.69484420693
211.984783772638,1398.30491630022,7093.6950885038
231.286674472081,1463.02447934232,7093.69602342568
351.256465427833,34.1136702219913,7093.7018343788
4.30310480637955,170.764458129469,7093.7024663163
8.80478248383337,196.162780463638,7093.70268436318
13.5229148849785,182.569584450398,7093.70291289443
17.4907139398854,41.5197425052138,7093.70310508193
23.1307951276699,1325.00665994684,7093.70337826943
37.6264876103374,1145.91647282225,7093.70408039443
52.6512199369493,922.69519802457,7093.70480814443
168.165785512364,23.367816362474,7093.71040330068
180.565963934423,103.759757730248,7093.71100392567
186.745085148655,146.096829078957,7093.71130322255
196.00586357028,789.99679020697,7093.71175178505
202.017562984779,757.754081703865,7093.71204297255
216.807775824265,1185.12188951314,7093.71275936318
236.875483968985,286.216633726966,7093.7137313788
251.502146061663,1880.24862346481,7093.71443984755
349.416667791276,90.8205038951948,7093.71920909755
354.086089818653,209.860379074556,7093.71943526943
357.737110075083,72.5969007131511,7093.71961211317
9.2966312961758,1265.5920755833,7093.72017201943
23.2084443939987,1221.10344058513,7093.72084586318
34.8063532561672,231.649158188851,7093.7214076288
45.3390854625302,282.782464111619,7093.72191780068
49.9710876120616,100.727606811013,7093.72214216005
64.329036179653,2436.29116880584,7093.72283761318
170.183785298724,52.8664473309348,7093.7279648788
176.983560562604,300.811792142142,7093.72829423818
184.809802253469,196.162780463638,7093.7286733163
192.913144638098,1465.48828627857,7093.7290658163
202.717156726839,119.575988000165,7093.7295406913
210.761143417263,52.1507906303675,7093.7299303163
214.324097933171,1423.02547523343,7093.73010289443
232.492101313142,1505.15788721606,7093.73098289443
252.642713869591,207.519515460497,7093.73195892567
356.243237034957,86.3668095374415,7093.7369770038
359.499735485082,89.5706148140718,7093.73713473817
2.8465579025967,277.416062344216,7093.73729684755
11.0360305763928,135.764469111344,7093.73769351943
16.1522332490252,393.473281734558,7093.73794133193
19.255503685035,354.910351108018,7093.73809164443
28.1669222840495,1559.30901524215,7093.73852328505
43.4306903262001,1374.88986862166,7093.73926261318
58.0986433496487,102.117023170756,7093.73997308193
76.8750425576665,1258.92340996359,7093.74088255068
174.463866308533,58.5174478318073,7093.7456094413
179.727167865703,182.775308776861,7093.7458643788
187.55050622932,1070.50335262926,7093.7462433163
204.160745261709,236.147629228967,7093.74704786317
210.354382811748,1348.39617249582,7093.74734786318
224.352971374225,1409.4401201703,7093.74802591005
244.971655179249,267.625838157315,7093.74902461318
359.82782416432,83.547030405029,7093.7545878788
6.43179016989352,261.805688239747,7093.7549077538
19.7464978980393,337.767230851327,7093.75555267568
26.3778836365091,1322.28117344368,7093.7558738788
40.6651860139717,1264.64161365192,7093.75656591005
56.7873535078878,136.523514715492,7093.7573468163
73.6572737587537,607.095318461148,7093.7581639413
176.269727355338,43.0199348366855,7093.7631667538
183.054663695666,110.426674748698,7093.76349539443
196.199046409494,1099.86819651908,7093.7641320663
216.001912044497,599.119975852602,7093.7650912538
225.124301375559,281.183298866949,7093.76553311318
234.055720226917,2157.7908349002,7093.76596572255
357.146523869478,197.689364878073,7093.77192784755
0.877222735309227,73.8796315791213,7093.77210855068
10.2657448895079,190.920473874812,7093.77256330067
15.9255037794462,345.90205699736,7093.7728374413
19.0065158489062,1554.67505535967,7093.77298667567
36.9625806960447,76.931981618511,7093.77385641005
40.9797353002079,362.038593548775,7093.77405098818
53.8531464122955,2100.17891966174,7093.77467453505
177.945899925979,21.6052956775181,7093.7806851913
182.843712348458,242.584202725382,7093.78092242568
190.730922634693,162.880459120274,7093.78130445693
196.496812028588,354.274498626239,7093.78158373817
203.065616270523,56.2249621860467,7093.78190191005
204.693059007449,900.935104297673,7093.78198073817
212.808014513299,1724.11362964198,7093.78237380068
240.862611805997,872.455885314594,7093.78373267568
278.131535185651,1732.46283985407,7093.78553786317
333.261038304029,22.2875242567033,7093.78820816005
344.3618431709,161.722801816921,7093.78874584755
350.477737638002,84.6640188512104,7093.78904208193
354.064886046923,184.106840883658,7093.78921583193
359.479157504001,24.5083710270766,7093.78947808193
2.84920601374354,1325.91382318026,7093.7896413163
20.006872278809,322.747772951715,7093.7904723788
28.2905398602586,910.890474159487,7093.79087361318
39.0987599343278,279.574974282326,7093.7913971288
46.3149927833195,2014.85073070273,7093.79174666005
178.924643089711,26.3665009964109,7093.79816984755
193.353237809877,233.265712301645,7093.79886872255
197.606202252142,1035.0956758387,7093.79907472255
209.674440439537,296.787400211329,7093.79965926943
217.093812184448,39.9926515515237,7093.8000362538
223.5671311302,1550.80304153898,7093.80034980067
242.646438013928,393.091059702755,7093.8012739413
269.664246184502,959.118673371506,7093.80258259755
341.361406940862,36.5242072697392,7093.8060553788
349.221197456647,100.447414275173,7093.80643608192
359.319407352017,226.896029742463,7093.80692520693
5.45530207146241,214.465459280611,7093.80722241005
9.96665730612135,1039.73218923414,7093.80744092568
17.8154799512803,49.4698379482905,7093.80782109755
32.4985944860239,1328.63176016684,7093.80853230068
48.9949608710509,1424.7145685431,7093.80933133192
70.7094669422141,69.9609190024653,7093.81038311318
180.007491463107,57.9528335042934,7093.81567716005
193.504782427172,203.681307930914,7093.81633092567
198.857762738691,353.424900456645,7093.81659020693
202.653301215263,204.601696696116,7093.81677405068
209.69920908749,68.6049550502332,7093.81711533193
212.704090975177,1162.58513926937,7093.8172608788
229.409492716004,1380.12756778494,7093.81807003505
249.53236291426,354.698492799344,7093.81904472255
356.707131053904,83.3218424811655,7093.82423592567
1.42913450797389,206.065775554265,7093.82446464443
8.03148757482877,158.554919194032,7093.8247844413
17.5103336964176,386.535886631734,7093.8252435663
21.5545854081794,22.3795391940396,7093.82543945692
25.3775436927554,906.921426846452,7093.8256246288
33.4412081228866,726.150140017978,7093.82601520693
43.214897151484,521.886089899226,7093.82648861318
51.3230783522689,261.805688239747,7093.82688134755
57.9976905479711,53.747613998345,7093.82720464443
75.4553610863913,3138.60448741821,7093.82805023817
168.696057761662,120.124674096722,7093.83256651943
171.46835572624,164.144461911597,7093.83270080068
176.915208320115,387.118753719662,7093.8329646288
187.804719829641,1567.00186160208,7093.83349208193
206.601764540598,605.111349916143,7093.83440255068
211.907324754215,1444.82914521404,7093.83465953505
228.540467366195,300.811792142142,7093.8354651913
244.46295454888,3181.22572728896,7093.83623642568
346.205082380242,155.322421591109,7093.84118451943
352.485172769638,97.4568134526343,7093.84148870693
359.426885551709,1239.6726978281,7093.8418249413
14.7022666775273,225.733737257983,7093.84256483193
25.5582293621338,1387.08033947665,7093.84309066005
36.0809614611019,2151.09285939263,7093.84360034755
57.2999764756866,180.811587924268,7093.8446281288
68.4994924410702,55.1281971461481,7093.84517059755
180.908206916079,39.3711972745958,7093.8506153163
182.953397626646,104.750971785528,7093.8507143788
187.046682337474,173.601646946686,7093.85091264443
201.179788937591,1104.77704762246,7093.85159720693
217.366796079802,1366.99562780507,7093.8523812538
242.225863517745,341.30878678873,7093.85358534755
247.887557896592,1693.14728903913,7093.85385958193
349.085143247442,64.5480960348443,7093.85876126943
354.189087623365,55.7635777831411,7093.85900848817
356.576218788652,236.30669643282,7093.85912411318
6.68152550172314,1203.24716856857,7093.85961358193
17.4661968207134,277.009387650295,7093.86013595693
24.8911424002077,38.9815194012932,7093.86049559755
29.3834651082005,1461.37979495364,7093.8607131913
52.8376735498245,1744.91177062919,7093.86184923817
83.4648884958694,2094.44550591797,7093.86333272255
169.08741103529,96.6339716579334,7093.8674800038
172.031646952905,177.983780491608,7093.86762261318
176.761069849974,231.973384945405,7093.8678516913
186.104752720883,904.930408385241,7093.86830426943
198.392994059597,1412.84872690051,7093.86889947255
212.726426108879,857.861837122442,7093.86959373817
226.778241273538,2302.30279285593,7093.87027436318
261.142606727627,24.1827842473175,7093.87193886317
358.667881181174,70.2289684739732,7093.87666267568
1.71727991462282,81.0354838787219,7093.8768103788
4.2398968807796,139.653011377305,7093.8769325663
15.9987757878056,395.758703586324,7093.8775021288
24.5927704128563,967.855129374584,7093.87791839443
31.5667417064258,1512.33103817816,7093.8782561913
60.2674773678673,206.065775554265,7093.87964636318
67.1678992191681,1037.99591144593,7093.87998059755
165.683662044018,40.1976715802554,7093.88477755067
176.906404214291,168.994832017155,7093.88532114443
183.699727760849,240.874181711703,7093.8856501913
189.558844374275,70.9608899418512,7093.88593398818
192.164043126864,224.565421813594,7093.88606017568
204.78261183663,1317.72626144055,7093.8866713788
220.20831768687,518.128373538929,7093.88741855068
226.845187416983,1462.20247021489,7093.88774001943
359.805165346771,65.487289202526,7093.89418017568
3.01972772819214,113.448014871231,7093.8943358788
8.94271615157363,188.742979578826,7093.89462276943
15.613134744161,350.220630274123,7093.89494586318
20.9006301943431,189.537691097641,7093.89520197255
27.4004011473143,101.192866586164,7093.89551680068
30.6036730328117,1012.78241348979,7093.89567195693
47.6061757948536,1747.66623395328,7093.8964955038
65.8245024873119,38.6487265802149,7093.8973779413
80.1547086967094,886.131612531926,7093.89807205068
171.444409531513,45.8733710739789,7093.90249383193
180.64841292333,137.620123630278,7093.90293964442
189.156922547362,967.855129374584,7093.90335176943
205.075216126932,58.3969192446965,7093.90412280068
208.242035897816,1507.55274930248,7093.9042761913
228.751363283891,1408.58680275358,7093.90526959755
247.143563418296,932.418253718481,7093.90616045693
342.977523174745,36.2012676780044,7093.91080234755
352.996699673756,74.8272485640022,7093.91128764443
358.73129828183,258.773918959676,7093.91156541005
6.97496532103859,89.727801577677,7093.91196470693
12.3163325488895,1158.44056569614,7093.91222342568
30.4533677307828,886.131612531926,7093.91310192568
41.0444879056734,1526.57619878482,7093.91361492568
65.4312904168192,1913.21580800263,7093.91479614443
171.544752991137,38.4354492677375,7093.9199359413
178.328399018044,229.202962165331,7093.92026451943
185.010753206935,133.742711350138,7093.9205881913
191.254391444164,34.7108557174902,7093.92089061318
193.927978347783,910.890474159487,7093.92102011318
201.402602026724,1482.61958266005,7093.92138216005
225.096813984671,755.369988780785,7093.92252983193
238.109348388953,1613.13329360979,7093.92316930068
266.133622621508,286.479118205563,7093.92452670693
345.341214108596,27.1563535547692,7093.92836326943
353.34616802001,57.9933462363513,7093.9287510038
357.770425239824,151.029230788247,7093.92896530068
4.59536219750108,194.237681494513,7093.9292958788
8.48412781849549,908.908170949019,7093.92948423818
15.215192418709,708.548997252478,7093.92981026943
23.1985331015065,32.7257110299684,7093.93019695693
31.2886495388565,408.099914972482,7093.9305888163
41.204276085645,1613.13329360979,7093.93106909755
57.4122512809848,1105.32116792683,7093.93185416005
180.035306225162,49.2318893985377,7093.9377936288
189.497055308993,293.220725477994,7093.93825192568
196.205861542657,592.560944756571,7093.9385768788
205.037924120015,785.417009208089,7093.93900467568
213.150621549212,1400.88252109649,7093.9393976288
236.65483071558,2179.96798390629,7093.94053609755
348.791283162767,58.6777709754571,7093.9459676288
1.92179475382774,82.3578913400347,7093.9466036288
6.67218562891758,147.249740178879,7093.94683372255
9.64480908021422,1159.47806911265,7093.94697770693
25.1466450746721,99.6964039101655,7093.9477285663
28.5883075002207,1183.09084751189,7093.94789526943
40.7510631830138,205.70072034598,7093.94848439443
50.8286275378907,498.915297963975,7093.94897251943
69.9330960403085,2919.46644637164,7093.9498978788
162.97540271777,34.9132528443263,7093.95440455068
171.76520663868,107.407797933501,7093.95483030068
178.993697746827,311.611070280549,7093.95518042568
185.469919982273,182.157469663657,7093.95549411318
191.547104220555,1293.78241453537,7093.95578847255
201.315309332616,305.275860146281,7093.95626161318
209.607364120296,51.4251800864951,7093.9566632538
209.880593836242,1132.19233988104,7093.95667648817
231.566389823534,2655.45296862513,7093.9577268788
0.404695508812232,99.8846838573542,7093.96396739443
5.44651855924173,68.2961603937216,7093.9642280663
11.5230576220358,1214.1906369223,7093.96452239443
28.4584626215764,102.208970453876,7093.9653426913
31.7762523299226,1260.83243845443,7093.96550339443
51.7158940792169,2536.87870710451,7093.96646920693
175.757679142479,26.2996100591772,7093.97247739443
182.46164659754,269.584465861783,7093.97280211318
195.576351426711,1091.63744710372,7093.97343734755
205.522946209131,1475.30188066014,7093.9739191288
220.983813860563,1289.12680530391,7093.9746680038
244.95125557201,942.041000762117,7093.97582891005
261.001809112566,1660.15612368398,7093.97660634755
338.145822500355,25.1118535687933,7093.98034295693
347.413052639302,136.454680887965,7093.98079183193
354.415734054296,159.264323951191,7093.98113101943
0.420659163730193,220.000961892453,7093.9814218788
5.28137429610769,1169.80314324167,7093.9816573163
17.7570377244519,76.9930091903959,7093.98226159755
19.9880375483763,1454.78218360751,7093.98236966005
40.2605873331192,1097.13138574108,7093.98335159755
49.8094344693494,131.689908977606,7093.98381411318
56.7117918846665,308.215980515669,7093.9841484413
67.8477585527303,85.547111061679,7093.98468783193
73.9465559820742,2183.27489420744,7093.98498323818
165.925299017556,27.9868853786391,7093.98943839443
176.160930202705,303.795127942763,7093.98993417568
183.53200400453,161.490279482202,7093.99029120693
186.378173961567,236.465680369946,7093.9904290663
196.5847724751,1503.5592770829,7093.9909234413
207.045568140359,476.414629968502,7093.9914301288
217.560880796329,441.366249104291,7093.99193945693
222.988700825983,1384.47708852851,7093.99220236318
250.840069417377,1739.38996539391,7093.99355139443
347.690172830565,77.9630388025865,7093.9982425038
356.819981604625,50.0832222916081,7093.99868472255
359.077756061066,287.003310006639,7093.99879408193
5.50720341165219,154.473336899663,7093.9991055038
16.2609065701189,1416.24911798033,7093.9996263788
29.8498118149958,1258.92340996359,7094.00028458193
49.2307358356894,77.8424477654305,7094.00122333192
55.5537300570206,395.758703586324,7094.00152959755
84.4970498616283,2289.73306981572,7094.00293151943
175.588795814191,890.868490088792,7094.00736755068
183.881818327548,193.073418364165,7094.00776923817
189.389639516792,123.289448095143,7094.00803601942
200.56141319909,68.3305356741215,7094.00857714442
202.865962540391,1533.64931865241,7094.00868876943
224.460144246871,469.422167803657,7094.00973472255
234.723517752659,377.684994390393,7094.01023184755
247.006275174837,2546.34091589878,7094.01082678505
347.326105921958,123.897531123518,7094.01568595693
356.731079975981,74.8899969815753,7094.0161415038
2.03760795282887,87.4477851242617,7094.01639853505
5.49927070582885,1298.42125939916,7094.01656620693
23.3066237297112,306.749459166866,7094.01742873818
27.3682951045281,353.212181725127,7094.01762547255
33.8590336382279,316.398018895825,7094.01793986318
42.9501322210221,76.7485866526307,7094.01838020693
47.4482614708486,1439.82681333199,7094.01859808193
64.9643200153501,2899.62831523383,7094.0194465038
173.335234383257,49.612060987192,7094.02469564443
175.519459359875,432.421043417008,7094.0248014413
185.250889694471,859.961823973521,7094.02527280067
199.190122600298,1513.12606888609,7094.02594797255
213.807752311259,1512.33103817816,7094.0266560038
230.648639777848,423.286822259783,7094.02747172255
245.336270503451,164.601693386501,7094.02818314442
3.87055696521212,56.4334343144957,7094.0339245663
6.59317683034391,93.2700375266826,7094.0340564413
11.098725523169,60.335438034631,7094.03427467568
18.5736717898531,264.376659453447,7094.03463673818
26.1131351546424,838.72497835813,7094.03500192568
37.8249165515107,474.834505048705,7094.03556920692
54.0016009985831,1458.08476403886,7094.0363527538
170.804572183452,32.2740480174222,7094.0420103163
185.058648323739,227.227042737255,7094.04270073818
192.093910837976,176.499675985653,7094.0430415038
199.146592977714,1231.88814704633,7094.04338311318
212.192909730962,168.103045372625,7094.04401503505
217.698150293364,1024.58685979911,7094.0442816913
233.401279500218,719.495740764131,7094.04504230068
245.350161086163,240.249348193444,7094.0456210663
273.714748625273,2815.46563840607,7094.0470123788
337.697927436964,20.8867576012572,7094.05011151943
341.924439872009,158.791729765184,7094.05031623818
347.873880340164,101.099982552366,7094.05060441005
357.09143234211,1136.4328367236,7094.0510508788
10.0045213711413,198.069172174797,7094.05167634755
13.6448963822436,706.84980091329,7094.05185267568
27.431868962079,1838.86261773125,7094.05252047255
41.3511015029006,113.448014871231,7094.05319467567
55.0135561900462,1966.52583106527,7094.0538564413
177.43112439382,166.305094695396,7094.05978595693
190.325503446375,163.685939802427,7094.06041051943
192.70876359629,195.009994263806,7094.06052595693
201.659214936761,1576.94635127825,7094.06095948818
220.224643412731,703.011704406009,7094.06185873818
239.205561710583,1589.10018477343,7094.06277811318
352.379125867637,92.0534204418288,7094.0682598788
2.99282699682136,80.3368829793705,7094.06877397255
10.261318722317,198.448243948768,7094.06912603505
16.5430220128785,1242.57937272887,7094.06943030068
26.2825170035146,320.645149320953,7094.06990205068
41.9437101041111,1441.49614467182,7094.0706606288
60.2759094063768,86.0944440739253,7094.07154858193
77.3771232669309,939.484601225615,7094.07237691005
85.0878794092701,347.635920050493,7094.07275039443
166.101948479131,74.6386910610575,7094.07667445693
177.656630884067,262.235927417365,7094.0772341288
183.693169367066,274.830352919864,7094.07752651943
191.474894249723,80.9194655726486,7094.0779034413
194.888814354632,393.091059702755,7094.07806880068
208.061261976843,1578.47068749106,7094.07870683193
227.184117830439,458.077881182462,7094.07963308193
230.527391745219,693.10657213606,7094.07979501943
271.65346744741,2628.14192630856,7094.08178703505
336.766985113392,25.643993872837,7094.08494092568
343.7119237729,208.062053697056,7094.0852773163
353.286900291051,103.940682449899,7094.08574109755
359.893769548765,360.165453017203,7094.08606111318
6.44773482959456,1805.86989806386,7094.0863785663
25.4294083146488,106.17622059339,7094.0872952538
31.6417557660564,415.039030920994,7094.08759616005
36.022463978448,1599.65918289373,7094.08780834755
53.926915162124,59.709376332151,7094.08867558192
67.3229144383887,3220.29736210538,7094.0893244413
168.967925572428,45.5135755472735,7094.09424780068
172.388619944848,253.788573489899,7094.09441348818
183.466843894979,402.537170263173,7094.09495008193
189.318218440109,1472.85472706926,7094.0952335038
208.60849601833,315.446446741419,7094.09616786318
214.348578618048,1503.5592770829,7094.09644589443
232.049801100419,335.534766637835,7094.09730328505
244.76095177912,3264.79931977985,7094.09791897255
343.079463448394,31.8897130924256,7094.10268120693
346.838549772798,67.5701300467679,7094.10286328505
352.365403526263,256.293375411332,7094.10313098818
4.48493278937722,337.767230851327,7094.10371801943
9.37435793051828,1305.80923851653,7094.10395484755
21.664212245505,1772.26322506385,7094.1045501288
37.3108890478479,78.5034190431411,7094.1053080038
46.2190817318709,1721.32141873504,7094.10573948818
84.4660837524848,321.347531917482,7094.10759205068
175.771913861815,78.5632323085927,7094.11201461318
185.243017915108,252.452420079763,7094.11247336318
193.817012250261,62.5148682820154,7094.11288866005
195.669619542406,904.930408385241,7094.11297839443
209.927889248253,167.431069009183,7094.11366901943
215.191835980911,1511.53578542562,7094.11392398818
242.048351518883,1487.47791861581,7094.11522483193
354.022220982494,138.843422869961,7094.12064848818
0.886835894668412,40.6045960743562,7094.12098098818
6.16723441448785,200.707686581758,7094.1212367538
13.1205603177801,1195.22547414874,7094.12157355068
25.3513814887518,247.187714741415,7094.12216597255
32.6734223290647,1387.08033947665,7094.1225206288
47.2484707958347,48.2196678419644,7094.12322659755
58.2354030904524,326.452309629133,7094.12375876942
85.0635311322979,1015.74637589863,7094.12505823818
170.48471590635,120.904217193463,7094.12921530068
178.344829047433,53.5725422357025,7094.12959601943
183.20909253233,234.550934230526,7094.1298316288
188.419490112616,153.986018380792,7094.1300840038
196.224763712799,1010.99983940145,7094.1304620663
205.088117113532,135.556718627861,7094.1308913788
211.270786717837,893.564000570279,7094.13119084755
232.275605122937,1538.34656124729,7094.1322082538
271.545525105355,1507.55274930248,7094.13411036318
342.708484688979,32.2922348583443,7094.13755726943
351.347641260171,298.050861768928,7094.13797572255
2.28973415883681,275.513140080008,7094.13850572255
6.38301890721876,326.912413806113,7094.13870398818
14.8195919525935,1733.85039659024,7094.1391126288
28.8317290500937,49.0167420541532,7094.13979133193
38.2037994171302,582.325965226005,7094.14024528505
49.5975117772089,1102.05256032003,7094.14079716005
68.4619768008567,2051.51939880466,7094.14171089443
173.185741927704,79.2181806263947,7094.1467833788
176.033524861013,186.43932231388,7094.1469213163
187.751757975202,252.749959850362,7094.14748891005
194.917022373773,1542.24999437957,7094.14783597255
215.838936404697,1095.48625726319,7094.14884936318
230.05720553075,129.966523654268,7094.14953805068
234.739530992768,1935.71025874917,7094.14976484755
355.001584191133,83.6032423845445,7094.15558995692
0.0374631539858861,59.4334026438048,7094.1558338788
5.5920591905365,202.199965104732,7094.15610292568
14.1296014110761,194.720739532528,7094.15651645693
19.3151599228622,1341.24289452586,7094.1567676288
30.0801535396987,275.376721425857,7094.15728905068
44.29487420057,2094.44550591797,7094.1579775663
66.1216399428218,69.1844845301937,7094.15903478505
89.7458508861284,280.11210018164,7094.1601790663
176.097416168469,35.6784775334962,7094.16436166005
181.092971926229,140.858671948685,7094.1646036288
186.523695208023,202.756741951582,7094.16486667568
194.578327256437,134.09347243698,7094.1652568163
199.592270365375,1303.96626829565,7094.16549967568
213.469889462791,936.921207284058,7094.16617186318
229.200438402541,935.636901289172,7094.16693380068
243.458708108389,128.950572442221,7094.16762442568
358.194300390241,61.6447240475715,7094.17319492568
2.38403812292916,45.4619432377346,7094.17339786318
5.72989273965912,243.048470238705,7094.17355992568
17.1003789324027,235.510250190529,7094.17411067568
22.1972264530711,310.402814562849,7094.17435755068
31.4370368591215,106.087708062752,7094.17480509755
37.6339002114903,1261.78578696567,7094.1751052538
53.3476747763345,1353.73645626657,7094.1758663788
181.099190614745,156.40734540856,7094.1820542538
184.409560880092,154.59490632086,7094.18221459755
196.447476007344,142.713910133985,7094.18279767568
200.52237332944,1031.60457953777,7094.18299505067
215.966143980668,1797.86163734263,7094.18374309755
241.478769192799,207.338354818454,7094.18497884755
256.443178099529,1635.34352726202,7094.18570367568
346.748026100969,119.575988000165,7094.1900777538
350.126461779387,38.0361887819536,7094.19024139443
354.684269311162,93.5717128780489,7094.19046216005
2.65373883363974,200.894828550346,7094.19084817568
7.62671359955217,1240.64236661781,7094.19108905068
20.7933547174832,344.595962875616,7094.19172680068
28.4276581278598,54.4854057704658,7094.19209658193
32.6986873711128,1803.20447462634,7094.19230345693
61.784912382035,690.499268873879,7094.19371230068
73.1212045368174,381.644049696206,7094.19426139443
185.280560488487,47.0860885004587,7094.19969403505
187.463495189238,273.871564315797,7094.19979976943
191.930333653244,68.0550060749852,7094.2000161288
199.800769451911,220.171700315852,7094.20039734755
208.10250183435,1369.63207442165,7094.20079945692
229.067642284952,384.977272283038,7094.2018149413
242.865260222778,1623.53597232823,7094.2024832538
4.6654000665715,159.853116854514,7094.20838286317
7.90028536318792,165.96581053907,7094.20853955068
12.8722923658689,23.1278815543412,7094.2087803788
18.2188209225121,1319.55024684771,7094.20903934755
25.8440919511713,332.610189390792,7094.2094086913
29.8099554796157,158.199009447912,7094.20960078505
40.9762452078233,471.658323508706,7094.21014164443
49.1879388609446,2108.1796308664,7094.21057136318
78.9228828674525,62.8894367138422,7094.2120116288
175.814922386898,49.6593807741696,7094.21670476943
187.235409341939,110.596691527132,7094.2172579413
193.473563587524,1091.0865544389,7094.21756009755
204.902115161052,362.246121987653,7094.21811366005
213.430947587618,335.086514091643,7094.21852676943
227.841154994159,1549.25139383977,7094.2192247538
256.849636959698,2366.18169502378,7094.22062983193
340.217933432752,84.7194814301844,7094.22466792568
348.771927515561,128.512714359097,7094.2250822538
357.983350425484,464.594279714348,7094.22552842568
3.54472076709964,84.552989609854,7094.22579780068
6.19185562594637,536.653999017034,7094.22592601943
12.1771030332266,1613.13329360979,7094.22621592568
26.6279561574966,105.73289466187,7094.2269158788
30.0544570717502,177.878184404179,7094.22708184755
42.7327040634654,1724.11362964198,7094.2276959413
50.2541026272658,683.057832517875,7094.2280602538
78.5154770864501,355.122015127662,7094.22942914443
171.853271883961,30.3423813852177,7094.2339501288
184.14280357365,157.8422947901,7094.23454539443
189.74578743378,208.062053697056,7094.23481678505
200.652396018617,1046.0737831508,7094.2353450663
212.558051222437,1003.8380127142,7094.23592173818
226.630834402671,294.75458185324,7094.2366033788
252.902825342758,1849.29593860517,7094.23787591005
344.862535851574,60.3743582905381,7094.24233014443
349.208082225219,64.8022954741201,7094.2425406288
356.532381179738,60.6460506813455,7094.24289539443
0.643085516067803,341.528916258937,7094.2430945038
8.20996857619939,704.293401376788,7094.24346101943
19.2533533128821,137.89289154964,7094.24399592568
23.5566410300798,409.937417344963,7094.24420436317
33.2048444403099,2283.42256214376,7094.2446716913
58.5800483251089,1629.45046344731,7094.24590078505
187.127565705538,1007.42536535137,7094.25214741005
197.750944354374,825.720658514939,7094.25266197255
211.264687218263,177.13724931312,7094.25331653505
223.135825796378,67.5353661883094,7094.25389153505
226.471035092671,1816.49284503038,7094.25405308193
245.019689118628,1911.95836940494,7094.25495151943
353.288343960395,145.323142408671,7094.26019570693
356.540648844959,259.643723188319,7094.26035323818
2.86009460110866,110.256394292296,7094.26065933193
9.37180122549115,1360.82412005578,7094.26097473818
26.2352697214818,230.836641468279,7094.26179155068
31.2621162650629,1589.10018477343,7094.26203503505
52.8850080554148,2450.07236721051,7094.2630823788
183.013009738676,313.774228821728,7094.26938536318
192.932829926133,330.342891929902,7094.26986584755
196.61643131936,393.091059702755,7094.27004426943
202.822004503257,1433.12983702515,7094.27034484755
222.818098694616,500.719687934748,7094.27131339443
231.623386677012,1616.11235505177,7094.27173989442
358.869088838813,54.3127071095384,7094.27790326943
1.28880106578823,143.370662564202,7094.27802047255
12.3434762983947,942.679045934369,7094.27855592568
19.3168024540305,195.395019608746,7094.2788936913
23.3826673944086,197.308835936383,7094.2790906288
31.3698791301311,253.343984679688,7094.2794775038
40.393879987978,578.181280630474,7094.27991459755
47.8014059419708,1830.99857498092,7094.28027339443
66.1248954502628,42.8832351573316,7094.28116092568
78.0666802185061,1847.99497926491,7094.28173934755
163.320487708245,26.4554263912364,7094.28586876943
168.600563677874,208.062053697056,7094.28612451943
179.211361554919,142.05410459045,7094.28663847255
182.306889960186,425.058654940358,7094.28678841005
190.55216990056,1488.28616097774,7094.28718778505
204.539790554857,1365.23514715492,7094.28786530068
225.796225522395,1380.99853774776,7094.28889489443
240.229981608907,335.310723631466,7094.28959401943
253.630819588667,3130.93262427344,7094.29024311318
343.239174649973,89.88471772442,7094.29459595693
349.961206830915,66.4485619306099,7094.29492155067
357.706157011216,1336.75248648046,7094.2952966913
17.3822466393229,307.4835941419,7094.29624973818
22.8145828973899,384.977272283038,7094.29651286318
29.2685467662862,1836.24504490609,7094.29682547255
57.6418582712615,3109.35011071933,7094.29819978505
171.051232266417,58.6377335576316,7094.30369297255
183.839158227271,231.486885216015,7094.3043123788
186.706618862734,871.766492327453,7094.30445126943
196.33288641905,244.435999219306,7094.30491753505
205.323660927059,53.043854031376,7094.30535301942
209.617271124606,1449.81415761691,7094.30556098818
219.99354947697,2187.67670645548,7094.30606358193
255.358251976124,808.056177525884,7094.30777653505
338.417189168808,24.2676156947397,7094.31179964443
354.295482206137,161.140850662989,7094.31256873818
0.680412786069144,149.779993963151,7094.3128780038
8.22632783062586,151.773829615287,7094.3132435038
11.0195938483324,243.203041039308,7094.31337880068
18.6103482512865,1115.06937017225,7094.31374647255
33.7876634165259,1275.05805913586,7094.31448161318
41.5419686038413,925.298004883501,7094.31485720693
73.2221019089828,51.7438904223955,7094.3163916913
169.175095641586,25.228492905871,7094.32103934755
183.040456479846,81.0934236428196,7094.3217109413
192.117038726833,174.141950859408,7094.32215058193
201.616852826443,873.144778701374,7094.32261072255
211.626029142951,145.064335543843,7094.32309553505
217.209657851117,1303.04367296219,7094.32336598818
235.46798512337,1203.24716856857,7094.32425036318
350.557060694402,37.9434574038218,7094.32982491005
357.6513563151,98.4637787970755,7094.33016853505
2.24013208250634,77.6612107955543,7094.33039080068
11.0983240793395,338.434114066644,7094.33081986318
17.0616356702597,1131.12985644648,7094.33110870693
29.2853599859765,1113.99045543692,7094.33170078505
42.9868474521321,902.268815217155,7094.3323644413
69.7251151079891,266.076854993358,7094.3336783788
176.174711482531,31.926513516245,7094.33883445692
189.491677362437,207.157041520745,7094.33947948818
191.788484597888,209.3225037747,7094.33959073818
196.70629727271,186.640758403911,7094.3398289413
203.31510209444,49.1841602168197,7094.34014905068
209.351640577439,952.829259937005,7094.3404414413
225.938008267005,1312.23965027516,7094.34124483192
248.878983589021,718.241133235153,7094.34235601943
352.59015352431,46.710500051228,7094.34737945693
356.600211198111,63.6319538727115,7094.3475736913
358.838307914844,116.954612661146,7094.34768209755
9.00232514663208,308.703312912328,7094.34817441005
13.6575534634986,235.988451002811,7094.34839989443
22.2902583549231,705.572766879214,7094.34881803505
28.7793839499042,540.004652105353,7094.34913234755
33.2771906495408,187.143425756098,7094.34935020693
42.0837689829114,1823.10067042835,7094.34977676943
71.8254872944844,945.226785731279,7094.35121736318
170.278194413653,108.625414219077,7094.35598609755
186.349393494702,405.142613901788,7094.35676453505
195.320812888301,661.140586721842,7094.35719908193
203.470930195343,124.728824490994,7094.35759384755
207.49163318958,318.292614487348,7094.35778859755
211.582014648268,577.140446544888,7094.35798672255
223.906385551406,472.295258457933,7094.35858367568
227.703859591994,761.711083097083,7094.35876761318
237.772391565154,2496.74458885352,7094.35925530068
350.683371251591,35.5795948259185,7094.36472434755
356.3718402254,195.971128214012,7094.3649998788
4.71905714172381,804.327215941925,7094.3654041913
12.3246504306754,238.207314984251,7094.36577258192
20.3644435555378,74.764444635278,7094.3661620038
29.444574230152,2255.87193369847,7094.3666018163
57.2665875246329,1406.87828054098,7094.36794942568
80.6724082177859,938.844335607314,7094.3690831288
170.291439820877,134.722524802733,7094.37342398817
180.17900153439,286.741325128403,7094.37390291005
185.135201850288,291.420998443925,7094.37414297255
193.897013515471,908.246422515191,7094.37458384755
202.277134118781,1211.21590535012,7094.3749897538
220.237069981291,1644.14371006671,7094.37585967568
235.142123193815,64.657161569226,7094.3765816288
259.547313131248,1663.05091919838,7094.37776373818
341.676236918806,86.8549190902179,7094.38174180067
352.056708911839,159.500107566046,7094.38224459755
355.563210985683,48.0244490008719,7094.3824144413
2.57460219465102,1075.54642969632,7094.38275405068
12.5095839309572,963.496726846813,7094.38323526943
23.7965204989295,203.496719475282,7094.38378197255
36.7254162522969,1552.35302390366,7094.38440820693
68.4655504271309,45.3843837511236,7094.38594559755
74.9620955402184,2510.19383057383,7094.38626026943
161.956573238757,26.6544269295066,7094.3904740038
174.956760357741,271.113437255721,7094.3911036913
181.099751969994,142.318379303674,7094.39140123818
188.90986434878,39.5497523619781,7094.39177953505
191.994747471165,1372.26352503461,7094.39192895693
204.567509059302,1354.62430161937,7094.3925379413
223.506168700706,311.128345309442,7094.39345526943
232.021775104886,65.3077314449746,7094.39386773818
233.997932564043,1906.92017731919,7094.39396345693
261.193807817232,2051.51939880466,7094.39528073818
344.085968423225,156.287163766144,7094.39929576942
351.196393356003,159.970606206095,7094.39964017568
0.136844626632566,316.398018895825,7094.40007322255
4.83400897464888,1081.12208074829,7094.40030073818
12.1844373486433,1525.78838452655,7094.40065676943
25.7030189535814,65.1276671481682,7094.4013115663
35.5512252252326,61.5303155648839,7094.40178858193
40.1222587042863,1949.32914254764,7094.40200998817
64.6368050606674,2198.64282335891,7094.40319739443
172.275128295581,115.662250610438,7094.40841105068
182.543017954674,109.40101602408,7094.40890839443
190.180224654745,1268.43935355225,7094.4092783163
206.753688947222,1418.79397119737,7094.41008108193
223.740062434737,214.640596962745,7094.41090384755
234.222148740869,2039.76280310769,7094.4114115663
352.108751027405,68.8441803564643,7094.4171299413
0.612421797727318,42.855840404199,7094.41754183193
3.88956571323719,150.15584609035,7094.4177005663
8.67157003699981,942.679045934369,7094.4179321913
23.887595468613,991.786652804194,7094.41866920693
33.6087030705166,191.411914096662,7094.4191400663
54.0948043643645,864.14658762024,7094.42013234755
65.7527140586716,2337.54926526331,7094.42069701943
170.341961110326,108.711872837119,7094.42576298818
181.007598453163,910.230169015591,7094.42627959755
191.931626663502,374.688224891173,7094.42680872255
200.723043485578,524.18513973862,7094.42723455068
209.825755114486,1733.85039659024,7094.42767545693
229.075387012532,565.033075883292,7094.42860784755
243.579466701429,1027.5166273388,7094.4293103788
344.091880866972,32.0183393687223,7094.4341788788
358.951772133356,130.543506560166,7094.43489864443
3.00441112645514,279.306022754611,7094.4350949413
11.4461455006223,290.387602852604,7094.43550383193
17.1820344972252,243.511877329183,7094.43578166005
21.8766181432915,940.124311732404,7094.43600905067
32.539352309096,108.798248188435,7094.43652551943
37.1265150251221,1272.22565815543,7094.43674770692
66.3962910727494,196.162780463638,7094.4381654413
82.4778128489368,1572.36423881102,7094.4389443788
173.394605106051,52.6884473550648,7094.44334809755
174.678171974456,259.643723188319,7094.44341026943
182.347314560728,211.288014861921,7094.44378173817
193.479732838718,1390.54368020197,7094.44432095693
205.952815565112,1054.0898154332,7094.44492511318
223.193063654163,276.873690641111,7094.44576017567
239.564267046121,1461.37979495364,7094.44655314443
274.02508552207,2304.39090032064,7094.4482223163
346.458385951713,208.963138459417,7094.4517307538
350.034889002643,113.28228632923,7094.45190398817
355.053025752251,164.373223365821,7094.45214705068
1.60828138405572,1330.44075756317,7094.4524645663
17.2578614760925,408.099914972482,7094.45322258193
22.2998694934148,1610.14868105269,7094.45346680068
37.2384715684131,329.659632924972,7094.4541903788
50.5635020292514,2639.10049369542,7094.45483580068
81.9929865727406,265.511307384614,7094.45635814443
173.617428576482,48.0244490008719,7094.4608123788
186.656648512029,343.065881258653,7094.46144395693
191.088002587098,270.280520187072,7094.46165859755
194.571923669094,1033.93327233192,7094.46182734755
209.93053183194,832.970303843439,7094.46257126943
217.758386386416,1250.29731012916,7094.46295042568
241.015495256313,1515.50816340773,7094.46407692567
350.77868777364,25.0884608227198,7094.4693935038
354.474224800725,63.6319538727115,7094.4695725038
4.88566499183555,162.995783536957,7094.47007680068
10.989301199782,201.081803985481,7094.4703724413
17.7684310358305,1219.13235062721,7094.47070080068
33.1725236574535,1091.0865544389,7094.47144692568
44.5833330177358,826.448465218732,7094.4719996288
70.8617757126978,2368.21384724806,7094.47327247255
170.669341065888,41.3496979712047,7094.47810683193
172.921308942941,245.356679418052,7094.47821591005
182.076279410799,112.866868628991,7094.47865934755
187.295064197315,1346.61148898374,7094.4789121288
200.069441585592,303.547659230574,7094.4795308788
208.939569216283,512.586750822663,7094.47996051943
216.863231617132,1332.24709042423,7094.4803443163
235.495435230306,2693.22297796748,7094.48124680067
354.161336477566,104.840622294766,7094.48699459755
359.776901184594,59.1561313822986,7094.48726659755
7.03926374295834,1270.33383812147,7094.48761836317
21.3530181276396,992.998461235572,7094.48831167568
28.8092544929552,221.532903132982,7094.48867283193
42.5449359970719,415.401046893749,7094.48933814443
50.8040871353194,93.8724306620564,7094.4897381913
54.8089834803274,1456.43441751275,7094.48993217568
178.840445810897,34.8122017324037,7094.49593986318
186.961530408771,266.500183032647,7094.49633322255
195.2810049669,277.686845739922,7094.4967361913
202.678530775945,151.526027836191,7094.4970945038
207.797636738271,1300.27222322582,7094.49734245693
230.457386548016,1310.40556183848,7094.49844305068
252.539639830522,1474.48653287086,7094.49951264443
350.972024072049,85.3271966971825,7094.50428039443
356.905335303231,894.236573678597,7094.50456778505
6.20675944258503,118.232840184973,7094.5050183163
16.5688440468857,778.496933584449,7094.50552022255
25.0754181069017,1500.35683876837,7094.5059322538
44.5647308208665,2378.34729688302,7094.5068762538
93.0915581719848,784.651121854552,7094.50922673818
166.130028627344,65.0193926476916,7094.51276448818
177.249543508246,268.046751461526,7094.51330308193
184.14190074106,323.445603633843,7094.51363692568
188.392284481374,163.456206903057,7094.51384280068
196.437238972583,344.595962875616,7094.51423247255
200.468909912554,325.530130629303,7094.5144277538
211.749717388502,1283.5178475612,7094.51497416005
226.107988543838,2247.32699116714,7094.5156696288
259.67298772773,909.569419782486,7094.51729541005
336.085377633096,27.5853905690182,7094.52099658192
354.217251448643,100.260189039858,7094.52187483192
358.599572599753,670.621447262931,7094.52208709755
11.7913753739279,1095.48625726319,7094.5227260663
23.2702502223888,954.090473292979,7094.5232820663
30.4468051168833,59.0369073072416,7094.52362967568
46.3331627726984,2149.97442071763,7094.52439916005
73.7693640548471,181.226769702114,7094.52572808193
93.601907536953,114.190865097008,7094.52668870693
180.437673267286,77.8424477654305,7094.5308947538
185.912268219355,287.26507284027,7094.53115992568
195.658537477502,277.28055962406,7094.5316320038
199.71569266146,1050.66177980007,7094.53182851943
210.517783568398,275.513140080008,7094.53235173817
221.609878678849,1141.71128107188,7094.5328890038
248.916723289706,2666.2989593973,7094.53421166005
347.378343280094,83.0394850104277,7094.53899364442
351.037428192565,208.062053697056,7094.5391708788
4.08406760866512,1159.47806911265,7094.5398028163
12.6487069743572,979.587189142705,7094.54021766005
20.0230066160663,236.941938291935,7094.54057484755
26.168901518014,22.6921918755618,7094.54087253505
39.9081315248659,2538.77385780754,7094.54153801943
72.6808611811553,1878.96920245123,7094.54312542567
177.832051838849,274.145817158455,7094.54821861318
184.283434968241,313.294806764119,7094.54853109755
189.109633474913,48.3169858289667,7094.54876486318
197.482979810712,1428.92842003306,7094.5491704413
211.03188443824,1599.65918289373,7094.54982670693
227.459540234709,196.066968216613,7094.55062241005
245.170440274285,1904.39619629501,7094.55148026943
345.185105381704,28.547716274252,7094.55632466005
349.006450690008,55.2558589161922,7094.5565097538
355.708805168796,230.347754759386,7094.55683439443
4.3386068080807,109.658331026719,7094.55725239443
7.53510438851324,1097.13138574108,7094.55740722255
15.5278000783258,269.723854362525,7094.55779436318
25.8363354927014,271.113437255721,7094.55829367567
36.1235803413122,58.5174478318073,7094.55879195693
41.8317270172753,2230.1387403445,7094.5590684413
67.6237110749302,895.580332116452,7094.56031772255
177.46690467674,56.6411431646152,7094.56563817567
184.335390641839,225.066881798242,7094.56597086318
190.197410507405,364.521191009715,7094.56625480068
199.483673173017,196.066968216613,7094.56670459755
205.834732340286,1322.28117344368,7094.56701222255
214.700343742564,1474.48653287086,7094.56744164443
235.698387880153,241.808434386925,7094.56845872255
0.743090615321957,94.2220468314048,7094.57451548818
3.91087811188324,56.5581505240775,7094.57466892568
6.38672019317992,92.9168339491859,7094.57478884755
19.1407747038163,259.354121512345,7094.57540661318
22.6911483728261,325.068055806454,7094.57557858193
31.6577290253765,1420.48806051065,7094.57601289443
51.4202714928412,88.0366751720985,7094.5769701288
56.2355020913338,1297.49477828511,7094.57720336318
180.424269263027,182.466652898228,7094.5832356913
189.678273417141,253.640469738414,7094.58368392568
196.213206133751,121.21462167336,7094.58400045693
202.422650370573,1261.78578696567,7094.58430122255
219.102890417602,1396.58395958975,7094.58510916005
242.167738419267,230.510832643915,7094.58622634755
255.47180086453,1885.35809186874,7094.5868707538
350.589621312702,188.941973178203,7094.59147795693
0.439440447964419,133.742711350138,7094.59195505068
3.83336026297554,1150.10623247258,7094.5921194413
13.3628522472419,372.677028126489,7094.59258101943
30.2072882165663,1875.12538829537,7094.59339691005
49.4617588556613,695.271840100986,7094.59432953505
59.9906200466531,1828.36978890322,7094.59483951943
168.654119320024,32.868929800145,7094.60010283193
179.641696752575,193.656424229971,7094.60063503505
185.270164819138,885.45282217467,7094.60090766005
201.331686342982,1425.55822701951,7094.6016856288
224.136853201277,832.970303843439,7094.60279023818
237.264784052834,1953.02685135346,7094.60342611318
353.720330941554,111.527155566282,7094.60906684755
357.379415854025,84.1632180614837,7094.60924408193
6.21986560005952,910.230169015591,7094.60967228505
12.7389917049944,179.560283308788,7094.60998805068
21.1268543390467,862.056814820988,7094.61039433192
35.3022196707184,1568.5357457329,7094.6110809413
53.3095755560217,243.357500817609,7094.61195316005
80.5551289086566,703.866409601517,7094.61327284755
178.808155791701,52.1057398616964,7094.61803191005
185.389218217684,152.637930073141,7094.61835067568
189.907992932895,307.972036761583,7094.61856955068
198.784894906205,176.924960793023,7094.61899951943
204.626591856575,1050.08945983087,7094.61928247255
213.202844305935,389.248466792225,7094.6196978788
225.334954415948,784.651121854552,7094.62028551943
231.957952910634,421.864015942575,7094.6206063163
249.765892737207,102.02497874312,7094.62148355068
262.88511379479,1796.52337450875,7094.6221190038
346.895355033473,39.4010137017009,7094.6261881913
349.212807696754,161.140850662989,7094.6263004413
357.303246721848,154.716406353117,7094.6266923163
4.14657099315018,1132.19233988104,7094.62702378505
15.5306057960239,271.94382856699,7094.6275751913
21.5084337978594,428.229451898687,7094.62786473818
30.3382382610111,93.421000102456,7094.62829242568
35.1925016760674,383.216264276953,7094.62852755068
40.9077452072854,1345.71809251582,7094.6288043788
69.8810653716316,2424.41644537905,7094.6302077538
173.989337777623,211.820894158166,7094.63525042568
180.984277124321,175.538986124657,7094.63558923817
187.873085967062,305.521941079689,7094.63592291005
193.326712828448,1436.48226647031,7094.6361870663
210.959547197343,1279.76484964876,7094.63704114442
223.176819795738,184.819826110072,7094.63763291005
236.781531764952,558.073642853429,7094.6382918788
254.702112223154,1022.23685072289,7094.63915989443
349.30669947661,48.4141060574927,7094.64374223818
356.238734701476,115.580996162823,7094.6440780038
7.339862193645,367.805230716556,7094.64461570693
11.5195997438304,223.39100014257,7094.64481816005
15.573529050351,539.447708725049,7094.64501451942
23.0087973625377,78.1435818830722,7094.64537466005
29.4979229950727,518.128373538929,7094.64568897255
33.7999203988494,1329.53659193191,7094.64589734755
58.2160782444617,771.904262730772,7094.64707998818
74.2824384342465,1453.12806232312,7094.6478581913
169.905750046392,77.0539951289173,7094.6524898788
178.880395317429,386.535886631734,7094.65292458193
184.420475055726,282.250389727068,7094.65319292568
190.898955367824,335.310723631466,7094.65350672255
195.478376128216,884.773532217054,7094.65372853505
206.083367463426,450.801118656585,7094.65424220693
210.516334477214,1472.85472706926,7094.65445692568
221.157132789105,793.035193069613,7094.65497233193
236.934779163905,489.486562393893,7094.65573655068
257.858628646183,1668.82530017176,7094.65675003505
347.788309918173,51.287987745674,7094.6611059413
351.440620563133,106.793782150838,7094.66128284755
0.867530395962035,143.763279059073,7094.66173945693
4.0667488153049,60.6460506813455,7094.6619057538
11.6613741960763,1210.22269983229,7094.66227361317
19.2214830262506,318.764514783965,7094.66263980068
29.2548532357716,235.988451002811,7094.66312578505
34.1333105062864,28.3205715823076,7094.66336208192
41.3779308889595,1725.5078477163,7094.66371298817
64.5685872093964,315.446446741419,7094.66483626942
78.2978170712996,208.783240696064,7094.66550126943
179.529596460111,40.1976715802554,7094.67040461318
181.515108888729,157.723223370709,7094.67050078505
190.852340042317,95.9020710067371,7094.67095305068
196.254998415728,322.514820405573,7094.67121473817
204.766411216792,771.904262730772,7094.6716270038
212.60587889249,780.425279955921,7094.67200672255
221.301487905747,447.118286839299,7094.67242791005
227.080280734285,824.992185677331,7094.6727078163
242.123723037373,179.978351666499,7094.67343647255
246.752176721723,418.645007549401,7094.67366066005
258.839770061083,2574.5197085314,7094.67424614443
340.712561170453,136.592320787443,7094.67821180068
346.453288945658,92.7143986584333,7094.67848986318
352.270146865083,92.2063675412588,7094.67877161318
357.316348523074,1165.6839937757,7094.67901603505
13.1907705074774,145.323142408671,7094.6797849413
18.1960038599961,159.028207269429,7094.6800273788
22.0812210533632,1217.15804102251,7094.6802155663
36.5307838266581,2465.72784412535,7094.68091545693
184.161617994481,50.7817642103614,7094.68806622255
196.23824342566,238.680103459288,7094.68865117568
202.733175600029,378.281517221524,7094.68896576943
205.890640401451,461.673282936559,7094.68911870693
222.314425107441,1189.17364844151,7094.68991422255
230.503575193493,940.124311732404,7094.6903108788
246.863488051973,889.517626223579,7094.69110330067
359.65220799748,151.773829615287,7094.69656642568
6.65263129826831,160.790686321022,7094.6969055038
11.1504379603512,183.595846858786,7094.69712336318
19.3105553747884,1098.22695382178,7094.69751861317
31.6233132318127,74.9526898879971,7094.6981150038
36.1172488785243,1087.77531426796,7094.69833267568
57.7756250578122,1660.15612368398,7094.69938173818
173.543879772629,62.7772972494611,7094.70500172255
187.07278411026,285.164392099801,7094.70565701943
196.527113751092,1167.74534486552,7094.70611495693
205.708536188615,600.623384361398,7094.70655967568
216.039975182582,52.1057398616964,7094.70706009755
222.025222589862,1459.73322318582,7094.7073500038
244.181347902381,401.789657100693,7094.70842317568
352.739684322364,49.8010625793466,7094.71368139443
1.53432702187748,93.2196611569402,7094.7141073788
7.76151339683633,189.240068060315,7094.7144090038
11.5944717888072,82.3008466932507,7094.71459466005
17.1558421304228,569.801428262906,7094.71486403505
25.2617652545553,115.499686204057,7094.71525666005
27.7382525113396,510.529896136092,7094.71537661318
41.1958655209078,1366.99562780507,7094.71602845693
56.0922089394588,294.499480357757,7094.71674998818
67.2833377361663,114.190865097008,7094.71729205068
75.9318492768195,1873.84241456812,7094.71771095693
169.42674314137,53.6163648201526,7094.72223955068
176.959432163541,238.837505328604,7094.72260441005
188.199916509505,198.637523096679,7094.72314886318
191.097377579814,435.883246163726,7094.72328920693
196.719071378865,1460.55667560319,7094.7235615038
212.541557149617,825.720658514939,7094.72432789443
220.714255373399,935.636901289172,7094.7247237538
243.145545965881,2090.9978193373,7094.7258102538
352.462280388142,115.010626022816,7094.73110520693
355.985556911999,28.7730707315692,7094.73127586318
1.2162773699262,398.785615640662,7094.73152922255
7.10023297674397,176.81875408293,7094.73181422255
15.1790589557241,126.820234869207,7094.73220553505
17.2074752162775,1420.48806051065,7094.73230378505
31.6576831650598,523.898313620208,7094.73300370693
44.3491561416076,983.874204329993,7094.7336184413
58.069998722173,317.109838388063,7094.73428303505
67.9494957420915,33.6631937603027,7094.7347615663
90.7288558437627,2211.73013237319,7094.73586492568
164.37410918845,38.6183342249158,7094.7394320663
170.525810632232,264.376659453447,7094.73973003505
176.518154894767,166.418032132576,7094.74002028505
184.42246221876,447.790166058226,7094.74040314443
193.724531571155,838.007774284222,7094.74085370693
200.928828786289,438.633324106874,7094.74120266005
209.24636785551,1842.78203807509,7094.74160553505
224.526587759931,284.636758607348,7094.74234566005
235.512552253763,1938.19360561065,7094.74287778505
350.148288682483,38.9513837850686,7094.7484453163
0.803925917924397,149.654497128004,7094.7489614413
5.15753694760971,102.484354336241,7094.7491723163
7.88628594231897,259.643723188319,7094.74930448818
15.3563934304006,47.5575863412292,7094.7496663163
24.8220134920494,1742.1530884576,7094.75012480068
41.6687075755801,895.580332116452,7094.75094080068
53.2698422776324,518.70824302469,7094.75150272255
78.4166557297752,518.70824302469,7094.7527207538
179.494884516728,51.150424174029,7094.75761666005
186.754021272762,136.867142619401,7094.75796826943
195.735763399054,266.359156952944,7094.7584033163
201.308746861891,435.883246163726,7094.7586732538
208.358848299679,58.4773063305732,7094.75901473818
210.345651079272,715.305259468835,7094.75911097255
219.074163817069,800.580879367629,7094.7595337538
230.753041564505,926.596632755405,7094.7600994413
243.003540400077,1693.14728903913,7094.7606928163
349.339264239919,63.4471433724748,7094.7658433788
355.388383494709,76.257389292067,7094.7661363788
1.66492545647836,239.622877096224,7094.76644039443
6.13208650822735,170.213426686772,7094.76665676943
13.3173512342492,57.3826576533154,7094.76700480068
16.9732102692826,1452.30028003596,7094.7671818788
27.6259442150306,378.877040851933,7094.76769786318
42.8780992110675,363.282015580779,7094.7684366288
51.9662945041678,1513.12606888609,7094.76887683193
69.6210646894228,963.496726846813,7094.76973197255
175.282585252138,48.0977514760728,7094.7748498788
180.558467618653,116.793838489393,7094.77510542568
185.434989400259,320.176024581897,7094.7753416288
199.517450137698,532.718313905889,7094.77602373818
208.024669335648,1458.90910463464,7094.77643580068
223.756508626373,1413.69960182658,7094.77719780067
252.504019135121,600.623384361398,7094.77859023818
348.712177820234,53.9221202411344,7094.7832502538
355.171948230964,97.1188407472567,7094.78356314443
4.0491727544636,130.831054323544,7094.7839931288
8.79666041496742,323.677862290594,7094.78422308193
16.9696812640472,1117.22409101844,7094.78461895693
30.2803362325207,76.9930091903959,7094.78528545693
32.9345679466223,1108.03755060118,7094.78541401942
54.0826142584422,304.289510255629,7094.78643836318
65.650200022913,2852.80310485803,7094.78699866005
172.543028652637,119.575988000165,7094.79217620693
176.898897796529,228.052424167124,7094.7923871913
182.172522086391,163.341229431069,7094.7926426288
192.380410913346,1318.63853169989,7094.7931370663
204.09412787423,1023.41246588367,7094.7937044413
214.316855587182,1090.53543972948,7094.79419959755
228.559641231545,165.96581053907,7094.79488947255
260.690426234868,3141.66803683236,7094.79644578505
339.800919524608,60.4909455859115,7094.80027764443
343.329034827068,22.9622692388132,7094.80044853505
347.689742674455,72.7261931232626,7094.8006597538
352.694976026973,206.975561689582,7094.8009021913
359.84604667748,419.003887142111,7094.8012485663
7.79132230694533,1101.50688570343,7094.80163341005
17.2282322847229,400.665778332865,7094.8020905038
23.4776771013394,613.008699357209,7094.80239320693
30.4742294243103,64.8385303780863,7094.80273209755
32.9991043920118,928.541243894188,7094.80285439442
38.7237029302449,344.595962875616,7094.80313167568
50.0054782069788,3007.1185541658,7094.8036781288
174.174361864881,58.1551126699331,7094.80969247255
184.516446179284,135.348648955258,7094.81019341005
188.047464733884,118.391643710858,7094.8103644413
196.990496668909,379.273584760753,7094.81079761318
199.710858382281,695.704105435624,7094.8109293788
210.51940100654,2388.43811395384,7094.81145291005
241.04564677742,1816.49284503038,7094.8129315038
349.80043766875,25.228492905871,7094.81819923818
353.154034316223,118.232840184973,7094.81836167568
356.535373284335,186.43932231388,7094.81852545693
5.90292746051269,379.273584760753,7094.8189791913
9.84427450820087,91.4903916515719,7094.81917009755
15.9288781894811,215.862633323738,7094.8194648163
19.1673118761711,375.489722648226,7094.81962167568
25.6048238827974,1220.11822867307,7094.81993348818
41.6260222015487,221.70244806663,7094.8207095038
49.816462638576,1906.92017731919,7094.82110622255
77.0971778299573,2111.59911778225,7094.82242761318
169.758463040437,182.775308776861,7094.82692786318
173.426580372179,273.184641574886,7094.82710553505
182.132512080575,124.427176895203,7094.82752722255
190.618440675206,1144.86653490786,7094.8279382538
200.880523792465,1485.86021264663,7094.8284353163
222.901808442048,1928.2411223287,7094.82950195693
243.064356669909,316.398018895825,7094.8304785663
269.910872062933,1796.52337450875,7094.83177892568
346.697138384327,98.1771261510112,7094.83549820693
359.795713976525,118.86680528761,7094.83613266005
2.92672677072902,505.499919700725,7094.8362843163
7.79615165952637,292.193658157913,7094.83652017568
16.3969206271961,173.926026358906,7094.83693676943
21.7540944667218,452.797299654861,7094.8371962538
30.2848624197502,1812.51658126769,7094.83760945693
45.0183002294274,501.019781218304,7094.83832309755
60.2640035081431,2016.0439984096,7094.83906155068
172.992722546404,71.6197795513906,7094.84452176943
186.178073565704,298.302910151094,7094.84516042568
191.563957564208,271.113437255721,7094.84542130068
198.617930054922,86.3668095374415,7094.84576297255
204.241236717585,874.520900140396,7094.84603534755
210.051965544985,1783.08623421941,7094.84631680068
232.092282721234,431.028407410494,7094.84738436318
238.217532157797,1616.11235505177,7094.84768105068
264.303068809039,27.2857743344179,7094.84894455067
356.144067929445,157.723223370709,7094.85339303505
359.357985135379,60.7621175596762,7094.85354870693
7.97585106569828,220.000961892453,7094.8539661288
14.8694986870419,701.727620455728,7094.85430003505
19.3314983724445,222.041204867018,7094.85451616005
24.2747953288082,88.3030454312816,7094.85475559755
27.5887139842294,52.8220037154803,7094.85491611318
29.7761648007313,744.950601205829,7094.8550220663
43.0186134375836,1984.78544710667,7094.85566348818
71.805156762895,1995.6611918559,7094.8570578163
172.158536410043,247.339704273486,7094.86191861318
182.25255262719,75.8249921184451,7094.86240753505
185.097109720616,347.852052717812,7094.8625453163
188.362640552458,643.629927132849,7094.86270348818
201.916383996142,1697.40332900403,7094.86335998818
217.357251357677,1545.36561325358,7094.86410789443
229.397747224432,188.543777812633,7094.86469109755
245.150877118476,2664.49418084846,7094.8654541288
344.430116062062,83.3218424811655,7094.87028891005
350.684722207471,59.866507584605,7094.87059186318
354.250579975519,62.8520777090635,7094.87076458193
1.30229431447253,724.907078808457,7094.87110614442
10.0775818995757,354.062279495082,7094.8715311913
16.3776725788697,468.139582654459,7094.87183634755
21.9003326916653,1938.19360561065,7094.87210384755
37.7837870953405,1457.25975730926,7094.8728731913
55.4127504488642,211.288014861921,7094.87372708193
69.2964986383034,781.195330645801,7094.8743995663
182.116831882268,42.2209038564159,7094.87986422255
187.196582402733,236.624525529194,7094.88011026943
197.680281647583,535.532507228709,7094.8806180663
204.239730920057,418.645007549401,7094.88093578505
209.81819829943,217.7691360572,7094.88120598818
217.266047420962,1541.47017372708,7094.88156673818
237.557307144627,461.998744816228,7094.88254958193
250.687173522647,1785.7817447009,7094.88318555068
345.93047962674,63.5211327981722,7094.88779883193
350.360543388388,88.4624803965117,7094.88801341005
356.466760260731,87.3940572687637,7094.88830917567
3.00620924330719,302.307151534009,7094.88862592568
8.18950964088678,447.454351348853,7094.88887698818
13.8415264625287,293.732871359254,7094.8891507538
18.3177198959952,133.3205768006,7094.8893675663
23.6707001699598,1872.55833061784,7094.88962684755
42.4132279277601,838.007774284222,7094.89053467567
53.7446813414938,954.720413837151,7094.89108353505
171.342180130619,30.0702483746473,7094.89677958193
184.650436141443,213.587564301676,7094.8974241913
187.243376672431,38.1286946460335,7094.89754978505
192.786359700422,152.391543828401,7094.89781826943
196.152859744983,325.991567073913,7094.89798133193
207.251083985012,542.50404168954,7094.89851889443
216.797027793994,611.043882159379,7094.89898126943
221.737098910474,143.893924553495,7094.89922055068
236.649249015808,2086.39194809734,7094.89994284755
349.414742718872,69.4893448338618,7094.90540484755
357.089046709044,63.335996169922,7094.9057765663
3.00848674235175,88.4093770414651,7094.90606328505
7.62855325802573,534.970845400551,7094.9062870663
16.5035196673187,303.795127942763,7094.9067169413
20.8058396212853,392.708504604045,7094.90692533192
30.5088824973079,94.7192602129832,7094.9073953163
33.3060195303856,954.090473292979,7094.90753080068
48.6711817988323,2651.82764636052,7094.9083043788
178.496275881491,64.1832142989074,7094.9145926913
185.691218164718,125.404867046264,7094.9149411913
197.022671540898,469.742300612808,7094.91549005068
201.481767936607,284.372608794214,7094.91570603505
208.858970905564,620.321183308903,7094.91606336318
212.766123877737,52.2857243612229,7094.91625261317
217.572322132066,1764.10230867674,7094.91648541005
239.453282127069,508.464770287986,7094.9175452538
253.102188241638,936.279165308918,7094.91820636318
344.53189106817,59.9840802029128,7094.92263492568
351.982320891652,84.552989609854,7094.92299580068
359.420815043723,232.297139857174,7094.92335609755
7.87545281497859,171.313727093114,7094.92376561318
12.8874604350085,121.292101362691,7094.9240083788
19.1849704123523,1174.93148543701,7094.92431341005
34.8490668026426,676.423916878832,7094.9250721288
39.0136428790869,814.725231723656,7094.92527384755
47.9708685621762,26.4332236654674,7094.92570770693
60.8610540491699,1749.04180028079,7094.9263320663
177.062726298801,140.991995856155,7094.9319605038
185.128326255394,108.8845680286,7094.93235117568
193.162312800869,195.87523270026,7094.9327403163
201.462754832333,1487.47791861581,7094.93314236318
214.698751789418,799.077470858833,7094.93378347255
222.604671977021,538.052602472305,7094.93416641005
247.591805772836,1684.60323468622,7094.93537670693
347.169367792204,76.1340990251824,7094.94019992568
354.318502953803,69.9609190024653,7094.94054620693
357.27306160411,59.6306545808112,7094.9406893163
3.12895234009817,374.286851512196,7094.94097295693
9.50549571380073,117.755125095265,7094.9412818163
16.3881753894103,354.698492799344,7094.9416151913
21.2701811251065,535.25167631463,7094.94185166005
28.5483503702533,58.5174478318073,7094.9422041913
31.5629098902536,113.613521368627,7094.94235020693
38.4010728327632,2260.13230353317,7094.94268142568
70.7715386520042,1453.12806232312,7094.94424934755
182.871404940732,889.517626223579,7094.94969523817
191.881534638259,346.336348489018,7094.95013166005
198.836150854972,163.226154814566,7094.95046851943
205.350760731495,1414.55003266344,7094.9507840663
220.011616862135,1583.0348143453,7094.9514941913
238.379623178634,750.57904336262,7094.9523838788
264.800648529721,1534.43313610779,7094.9536636288
343.548878524655,62.7024335231319,7094.9574779413
349.401543420759,199.581171034247,7094.95776142568
0.432669935840275,200.332889166432,7094.95829573818
3.33948593805665,301.061536811531,7094.95843653505
10.7483022054708,39.221778602716,7094.95879539442
13.2993066677551,1550.02732871168,7094.95891895693
33.9086355408717,675.979328068621,7094.95991720693
39.8848505664345,695.704105435624,7094.96020667568
48.8717540966263,188.842497195196,7094.96064197255
57.3383275392934,235.190922293071,7094.9610520663
64.5500442349803,48.3898442149577,7094.9614013788
80.4567247684367,2149.97442071763,7094.96217184755
172.581921475415,222.548340866879,7094.96663409755
177.869739513341,52.3306259436751,7094.96689022255
192.440594376996,1432.29050841853,7094.96759598818
200.21941596996,208.422959446786,7094.96797276943
208.800507197922,1018.70167856788,7094.96838841005
225.630426831439,149.654497128004,7094.96920359755
235.217661571191,1900.6038964875,7094.96966797255
271.87464069517,2335.49068973105,7094.97144351943
340.945312133176,139.248806929615,7094.97478908193
350.108024594223,355.122015127662,7094.97523289443
355.836494185381,237.100478139851,7094.97551036318
1.64173898358388,292.193658157913,7094.97579155068
8.94377953399943,55.552590305652,7094.97614523818
11.0612294109679,1261.78578696567,7094.97624780068
23.8459294568302,2329.30386090402,7094.97686705067
52.815378643359,385.952131365386,7094.97827023818
62.8581038223412,98.7495987758713,7094.97875667568
70.9433814810887,2095.59325448083,7094.97914830068
170.512878844417,35.8754137508299,7094.9839711288
174.897780697478,253.788573489899,7094.98418351943
187.055697564114,222.041204867018,7094.98477241005
195.271299657385,1415.39968634419,7094.98517034755
206.553720072053,1010.99983940145,7094.98571683192
224.676238955693,716.145254209266,7094.9865946288
239.945490951933,2000.47578502449,7094.98733422255
344.173762229133,23.7169815037186,7094.9923862538
353.986806662038,114.765315306631,7094.9928615663
4.65728278347685,206.975561689582,7094.99337841005
9.40283495507193,267.344896220933,7094.99360826943
16.0887376091441,1286.32549056817,7094.99393211318
29.6866752357386,550.753442851715,7094.9945907538
37.1161370060916,30.8033043516787,7094.99495061318
50.4737485661724,1584.55337739838,7094.99559761318
66.5797867855623,2291.8329456445,7094.99637773817
92.2156396145162,1272.22565815543,7094.99761945693
170.190955271364,255.559212680723,7095.00139633193
173.662618131759,269.723854362525,7095.00156448818
180.251422663591,47.1608481433794,7095.0018836288
185.473433252437,1175.95455595421,7095.0021365663
193.139672624123,1370.50981674491,7095.00250789443
210.121852508523,225.400559328293,7095.00333045693
219.695538675699,307.239067520726,7095.00379417568
227.434037101125,91.9002096644306,7095.0041690038
230.722794137856,2110.45980691438,7095.00432830068
351.561307278067,25.5981607438782,7095.01018133193
353.773274612879,65.5589818543412,7095.01028847255
1.93274685182857,141.921779883702,7095.0106836913
9.36511191187533,383.412329663102,7095.0110436913
13.8813059251368,146.610362738997,7095.0112624413
20.4194645567381,27.2857743344179,7095.0115791288
22.4178803824452,1311.32293912373,7095.01167592568
30.7967106347798,745.757289255522,7095.01208176943
53.6934917738859,320.8794618903,7095.0131908163
63.7629915102767,383.412329663102,7095.01367855068
72.8750581086459,1779.03525244716,7095.01411991005
171.928419062672,103.578520760372,7095.01891773818
176.42493537378,218.286194675343,7095.01913553505
184.914734946229,143.50165500332,7095.0195467538
188.987051603928,897.592111748224,7095.0197440038
200.516894977918,1098.77429377292,7095.02030247255
218.420378398362,283.843559767405,7095.02116966005
227.629543231633,1900.6038964875,7095.02161572255
257.997077034308,906.921426846452,7095.0230866288
349.78001077393,108.711872837119,7095.02753230068
355.148152521636,180.082726508601,7095.0277923163
5.34249277601438,578.181280630474,7095.02828609755
10.4674052426203,104.481569229709,7095.02853433193
16.3716837646333,22.1818969442511,7095.0288203163
18.9004297852599,1390.54368020197,7095.02894280067
38.6307137412258,541.949596311042,7095.02989847255
49.0198955282329,399.538735429417,7095.0304016913
56.7877492505705,328.746446731643,7095.0307779413
65.348760440645,1815.1682379397,7095.03119591005
172.450301763318,32.491630913567,7095.0363835663
178.834587167763,130.038785295383,7095.03669280068
184.359505357211,880.686801263408,7095.03696041005
197.963894738681,822.802881383922,7095.03761936318
205.205934419404,422.931578647479,7095.03797014443
223.143934503107,1938.19360561065,7095.0388390038
248.223327680113,2446.14284383715,7095.04005376943
343.357599990555,42.7735555308395,7095.04466176943
351.957078569696,94.669660999358,7095.04507830068
358.688143207463,280.648199124656,7095.04540433193
6.40986718287433,365.550617553723,7095.04577834755
10.5679915419974,78.3836606732535,7095.0459797538
19.0439199916796,1941.91240865393,7095.04639030068
43.7455658123929,535.813116098183,7095.04758676943
50.4937274128101,1815.1682379397,7095.0479136288
181.390449793488,48.5352313894793,7095.05425384755
187.163436117746,89.4656709826691,7095.05453347255
191.218010637308,871.076544228799,7095.05472986318
204.417555404671,862.056814820988,7095.05536920693
212.372186003598,478.618089605476,7095.0557545038
221.822322003762,1651.44131702988,7095.05621223818
249.306265896448,255.264948068046,7095.05754347255
271.73884680235,2212.8170407143,7095.05863003505
346.378630612715,204.417940907753,7095.06224534755
353.103888671094,129.314323138452,7095.06257109755
359.716241882898,1385.34539395607,7095.0628913788
11.819641871486,261.374727417163,7095.0634776288
16.7458417900921,115.743442608007,7095.06371623818
20.0507280637959,51.6530290761708,7095.0638763163
27.5082547425325,408.468092683023,7095.06423753505
32.7067166514072,1546.14354652693,7095.06448933193
58.2838589240899,3137.0714914658,7095.06572820693
169.184164563219,54.052630427126,7095.07109986318
184.336640659958,911.550335214173,7095.07183380068
195.213540176345,459.715654432813,7095.07237291005
200.440389581347,1089.43221110991,7095.07262608193
216.179648315071,2268.62928442984,7095.0733884413
253.128567131472,1006.82828740872,7095.0751781288
343.118249273154,51.6984788312413,7095.0795369413
350.761262477504,64.7660466923661,7095.07990714443
357.579102542373,232.620450679732,7095.0802373788
6.59697427064229,64.4752862211107,7095.08067417568
9.10701038990033,121.755938664592,7095.0807957538
9.92347373540836,443.065806265963,7095.08083530068
18.9594102271126,298.050861768928,7095.08127297255
24.1317427165123,441.366249104291,7095.0815235038
27.3750152193586,441.025577169185,7095.08168059755
36.6112771602276,55.1707811380364,7095.08212797255
41.0790833499103,275.240247260555,7095.0823443788
47.1246542521807,2285.52798908765,7095.08263720693
181.488523339949,152.268198050365,7095.08914536318
187.973777994666,79.455012014229,7095.08945948818
194.771940319827,866.231419927033,7095.08978876943
209.816672936336,1654.35132259972,7095.09051748818
227.037888498722,590.528181909633,7095.0913516288
252.075668194767,1990.83483032325,7095.0925643788
341.940187230719,23.0133551104572,7095.0969171288
345.214750481832,58.717787576601,7095.09707573818
355.227475225968,132.826402654551,7095.09756072255
1.04788153546613,918.122522453046,7095.09784264443
8.30605049071551,219.659068712019,7095.09819420692
15.2003432875464,38.9513837850686,7095.09852814443
21.8881814680812,1545.36561325358,7095.09885208193
41.9955676048518,483.616868773851,7095.09982601943
48.2975938106083,1047.22275295899,7095.10013126943
91.4136980947219,2461.82341179235,7095.10221967567
164.063453285609,41.8016211922723,7095.10573859755
167.918347456386,641.290298641906,7095.1059253163
182.948241149344,618.379625283438,7095.1066533163
190.748676008478,1186.13618926844,7095.10703114443
203.738217807026,1351.95865613724,7095.1076603163
226.322736376068,907.584118969851,7095.10875423818
240.442939579096,2167.79838524417,7095.10943817568
345.593835575042,30.8604392040834,7095.11453811318
354.486544160026,159.382257391982,7095.11496884755
4.23378118140492,218.630225035099,7095.11544097255
11.5003373804381,284.1082091809,7095.1157929413
17.499778573336,141.125194863534,7095.11608353505
20.8575688239234,1485.86021264663,7095.11624617568
39.5404183373288,1260.83243845443,7095.11715111318
54.1228862470974,166.192073991489,7095.1178574413
69.9640819567714,1995.6611918559,7095.11862473818
169.935198056769,36.2336896597704,7095.12346701943
173.965578645764,680.412060027891,7095.12366223818
188.579982479288,245.815728883159,7095.12437011318
191.697769288659,294.75458185324,7095.1245211288
202.155339151588,1598.15494171767,7095.12502766005
224.16468812976,903.600638757496,7095.12609372255
238.890061320951,1769.54706443411,7095.12680697255
345.421271831356,25.7354155347445,7095.1319670038
354.435917682187,109.31511251755,7095.13240364443
1.94441281134505,148.267023658555,7095.13276733192
6.38931549654414,217.077786301978,7095.1329826288
7.4673955494384,452.46520419262,7095.13303484755
17.9988374423803,76.0106075303746,7095.13354495693
22.3018025718343,552.116297125593,7095.1337533788
25.9028221786292,1387.94697956968,7095.13392780068
42.4275760597836,136.592320787443,7095.13472820693
46.9460281496976,960.997392773777,7095.1349470663
78.2558336166533,2165.57838328413,7095.13646361318
169.19972301892,54.6575562587748,7095.14086864443
180.944730728072,287.526558118145,7095.14143753505
188.460000162295,1271.28019222766,7095.14180155068
199.641451401797,860.660709367522,7095.14234314443
215.578777545588,1626.49593793418,7095.14311509755
231.936754877605,71.0931521985536,7095.14390742568
235.303900097653,919.431308865626,7095.14407051943
267.505653841295,2450.07236721051,7095.14563026943
342.979965760602,84.6640188512104,7095.1492860038
347.348093163649,98.8446824390365,7095.14949758193
357.473400129063,290.128671087686,7095.14998801942
2.22379111681455,501.019781218304,7095.15021811318
11.5413445682487,1726.9010665899,7095.15066942568
27.7083513830085,60.1014307766157,7095.1514525038
30.1435477465767,1159.47806911265,7095.15157045693
48.484456842816,1035.67632248058,7095.15245883193
66.9505290447868,81.4978917684783,7095.15335326943
180.960290070984,38.5879141140411,7095.1588886913
185.714552036552,343.941042313389,7095.15911897255
199.123454672352,202.385733172328,7095.15976845693
203.405451748677,767.99983039777,7095.15997586317
217.387588448885,1085.56208466837,7095.16065311317
236.011727443573,999.034965865064,7095.16155520693
265.288600384009,1485.05074903937,7095.16297328505
346.171699843859,92.3081958092986,7095.1668910038
351.145964960746,84.940977862491,7095.1671319413
356.869918323492,254.084531192689,7095.1674091913
3.13162132415545,207.700523446874,7095.16771248818
6.03714701295075,445.096681733759,7095.16785322255
12.7475661853331,1613.13329360979,7095.1681782538
32.2281690677703,123.36562327242,7095.16912183192
35.6282180123589,1340.34605636657,7095.16928651943
56.5765840129477,1270.33383812147,7095.1703011913
73.8661876512554,81.6130774072832,7095.17113864443
85.2028024313354,248.098180888334,7095.1716877538
177.612519350183,55.7214448193566,7095.17616378505
180.391269032082,146.096829078957,7095.1762983788
190.781418544767,598.617988512018,7095.17680164443
200.525752351559,882.732498208583,7095.1772736288
211.703332538137,1010.40498190486,7095.17781503505
226.014828808612,176.924960793023,7095.17850823818
234.196236901476,1381.86895259906,7095.17890451943
271.850972331015,1795.18422349645,7095.18072839443
339.248716423103,54.4422840143,7095.18399292568
342.519408621291,65.6305912394295,7095.18415134755
356.635740808948,487.640650082,7095.18483509755
0.554184314598416,92.5115262173648,7095.18502489443
11.7504744776523,857.16067577124,7095.18556720693
17.8789497165449,1513.12606888609,7095.18586405067
30.3717102202003,526.188648208858,7095.18646916005
39.5499067802856,54.4422840143,7095.18691372255
48.1239011154388,2662.68851412121,7095.18732901943
91.4129112284827,328.51774078857,7095.18942580068
179.297724340096,48.2926754141744,7095.19368266005
181.101943808661,166.643684962331,7095.19377005068
186.249437267115,687.444934310832,7095.1940193788
202.166763121008,1341.24289452586,7095.19479036318
209.544933815642,962.247947988715,7095.19514773818
223.535440921417,20.2153502271152,7095.19583373818
236.729179146947,1572.36423881102,7095.19647280068
355.423145340144,74.3233530275944,7095.20222195693
1.93807780441058,70.8283709460744,7095.20253751943
9.82464291515824,570.855640535939,7095.20291951943
18.8844507121312,274.008704614914,7095.20335834755
26.9048886850299,1224.05419133997,7095.20374683192
36.6314803161312,125.704155418127,7095.20421795693
42.2986586115142,1537.56463117105,7095.20449245693
182.927779165127,43.1017478652596,7095.21130408193
185.374265987065,120.515070145544,7095.21142258193
194.170844213041,768.39118401395,7095.21184866005
203.117747125884,130.831054323544,7095.21228201943
210.696565857427,1092.73856629954,7095.21264911317
225.089676263764,1565.46631213672,7095.21334626943
242.870577280428,21.2352444656227,7095.21420751943
247.932263037458,1291.92223585761,7095.2144526913
345.251405424898,73.8796315791213,7095.21916651942
357.33254708449,77.9027675701371,7095.2197516913
359.847421944797,108.01832345253,7095.2198735038
10.2207970450213,1297.49477828511,7095.22037595693
24.0371249217693,342.188444246716,7095.22104517568
28.2946055548922,371.060182580152,7095.22125139443
39.8473524333657,102.575975491348,7095.22181097255
42.9715909600584,1472.85472706926,7095.22196230068
61.8621853656273,2195.35856160746,7095.22287730068
171.89602689695,34.524282738202,7095.22820698817
177.347718269427,503.115493710737,7095.22847105068
185.591062720892,784.267872866451,7095.22887033193
195.27636338367,1254.13857077206,7095.22933945693
213.198234192847,50.410415425306,7095.23020753505
214.870838913468,1400.88252109649,7095.23028855068
227.213919755528,2310.64434252914,7095.23088641005
359.522171098857,48.968808175065,7095.23727791005
0.837673891017117,153.619533760363,7095.2373416288
5.88323037352067,239.151976000329,7095.23758601943
13.5455987298348,238.994796175618,7095.23795716005
19.0647103774491,1112.91043047856,7095.23822448818
30.6397156600264,1592.1242102479,7095.23878514443
50.2361267162874,34.7108557174902,7095.23973433193
55.5865262507481,317.346732225943,7095.23999348817
65.2766657296818,1697.40332900403,7095.24046284755
171.758520653276,38.0361887819536,7095.24562048817
177.256986910613,711.935121966434,7095.2458868163
184.4635422024,194.044127987958,7095.2462358788
194.444008435038,862.056814820988,7095.24671930068
205.070935549054,1153.23861571426,7095.24723403505
219.839535159924,132.755653692307,7095.2479493788
226.643504064472,1750.41625638528,7095.2482789413
355.223418957356,87.6623842960278,7095.2545069413
1.35479752349628,80.1612873302382,7095.25480392568
8.65587031068051,103.306058152342,7095.2551575663
13.1940001403021,1124.7331954678,7095.2553773788
25.8399885829647,326.452309629133,7095.25598991005
36.0278771575757,113.365178355807,7095.2564833788
40.7853649630281,394.617671872766,7095.2567138163
49.366778778734,331.705135581117,7095.25712947255
58.0849687462847,58.0338277433867,7095.2575517538
58.9682072665502,1738.00662750523,7095.25759453505
178.349602684153,63.9632791177291,7095.26337698818
181.949654490163,696.136093214506,7095.26355136318
194.856937014914,687.882084626779,7095.26417655068
201.697357996523,171.64243637513,7095.2645078788
210.218125804602,1443.99658896788,7095.26492059755
236.945929809216,1526.57619878482,7095.26621520693
271.782560152549,355.967560983217,7095.26790258193
341.632597608409,39.6387297985079,7095.27128589443
347.180096789704,93.6720562227933,7095.27155459755
357.544116920468,194.720739532528,7095.27205659755
1.66127293656432,120.748716581076,7095.27225601943
5.60455547316133,338.434114066644,7095.27244701942
12.3691689734024,82.1294351971424,7095.27277467568
17.2031095108173,378.08275954454,7095.2730088163
23.9235287905945,1171.85716685952,7095.27333433193
36.6637121784648,1837.55433091903,7095.27395142568
64.2328185595331,1031.02160142754,7095.27528678505
93.1348474333707,53.396891075419,7095.27668670693
172.443839944006,43.074495359452,7095.2805130038
182.203012711903,607.095318461148,7095.28098570693
191.63895492645,192.488636141519,7095.2814427538
206.273359049871,1107.49476256444,7095.28215159755
218.379339740409,1388.81317557349,7095.28273797255
234.47537781485,1094.38791362493,7095.28351761318
352.476108204254,89.1500970268133,7095.2892331913
1.81817809889059,102.02497874312,7095.2896856913
7.28277290601022,177.031139747541,7095.2899503788
12.4489762658324,647.355724581189,7095.29020061318
22.1649225389436,502.218377995689,7095.29067122255
27.4620955463307,133.742711350138,7095.29092780068
33.8041223318821,1121.52109821295,7095.29123498818
41.540040092911,210.753789420259,7095.2916096913
50.6495259893301,1499.55503569998,7095.29205092567
87.4419909517327,76.5647614753284,7095.29383303505
169.486074838653,27.1563535547692,7095.29780698817
181.784638985167,90.8722055936728,7095.2984026913
187.665046164357,180.499573620985,7095.29868751943
196.355816399012,1173.9076377637,7095.29910847255
206.592092722094,152.760970539845,7095.29960428505
219.79066976378,186.540075053365,7095.30024358193
222.453611309409,1344.824362981,7095.3003725663
239.791280145998,1500.35683876837,7095.30121234755
354.648416931853,37.6326921014414,7095.30677566005
356.811351305153,141.39123205581,7095.30688042568
5.60696173034364,299.810759551988,7095.30730645693
11.2444622161779,427.878316111574,7095.30757951943
19.8526506268462,365.550617553723,7095.30799647255
28.0372845220399,72.7261931232626,7095.30839291005
30.4886101601343,1374.88986862166,7095.30851164443
39.7000329949495,1779.03525244716,7095.3089578163
84.6942288903033,622.256690618883,7095.3111371913
170.380623277234,39.5200504266224,7095.3152875663
185.696004982847,240.561986997179,7095.31602939443
190.273167666586,271.805605800424,7095.31625109755
198.02166623696,874.520900140396,7095.31662641005
204.510146694007,999.034965865064,7095.3169406913
217.555495721579,40.5467118214098,7095.3175725663
223.884296484744,1414.55003266344,7095.31787911318
1.43799627541839,33.8718497694401,7095.32454159755
6.9890438843415,212.706074975699,7095.32481047255
16.8182176293264,266.922900449273,7095.3252865663
23.2254066133628,274.008704614914,7095.32559691005
28.0235401365439,263.094324104429,7095.3258293163
33.393617448266,63.4841484936643,7095.32608942568
37.1007675590181,1586.07038613923,7095.32626898818
62.7037166634319,104.211479723393,7095.32750911318
174.173385314044,26.8300746203431,7095.33290834755
185.870327824915,102.117023170756,7095.33347491005
190.382005684871,393.855115188302,7095.3336934413
201.713459098605,415.039030920994,7095.33424230068
210.945204811061,1071.62623219637,7095.33468945693
225.338637767589,1492.32060042692,7095.3353866288
241.653711267671,97.7455755224454,7095.3361768788
0.673488565954905,66.2361485104235,7095.3419418163
5.39645978325629,204.785285951026,7095.34217058193
11.6620337992913,149.403184268593,7095.3424740663
21.5205627285273,294.499480357757,7095.34295158192
26.6512817745209,604.116923152986,7095.34320009755
32.722336845671,141.524042485131,7095.34349416005
46.0002698714596,2279.20571305162,7095.34413730068
84.9063136203517,47.6562539430958,7095.34602178505
171.261104742576,35.4141854730372,7095.35020453505
181.497381103212,96.3906246487234,7095.35070034755
185.998091017434,105.644007430961,7095.35091834755
189.091683896239,992.998461235572,7095.3510681913
207.367753381738,266.782040903024,7095.35195342568
215.632711024265,1237.73125082494,7095.3523537538
230.715186143917,1910.70004262883,7095.35308430068
262.780163698159,1402.59814873644,7095.35463742567
345.999425835321,48.4383540222399,7095.35866830068
350.371101665995,67.7783593139303,7095.35888005068
352.916944724379,195.87523270026,7095.35900336318
2.05680872083298,340.206030013945,7095.35943542568
6.80590932005547,285.690998635957,7095.35966545693
10.7662888944099,509.35083928394,7095.35985728505
17.2683179615874,46.6853500302733,7095.36017222255
22.7503322815467,182.466652898228,7095.3604377538
30.1943103877072,2335.49068973105,7095.3607983163
60.112805468474,399.538735429417,7095.36224747255
69.2029362880369,1708.70051441341,7095.36268776943
173.515405196118,61.3008740990573,7095.36774033193
179.535491816847,141.921779883702,7095.36803192568
184.870084739633,1010.40498190486,7095.3682903163
192.077930382395,332.157940041711,7095.3686394413
202.490660886927,1354.62430161937,7095.36914380068
221.378352040356,1508.35022250106,7095.37005866005
232.35109058691,781.195330645801,7095.37059014443
250.98297161234,217.077786301978,7095.37149261318
354.755110142999,81.9003476149049,7095.3765190038
358.855169158893,100.913971623484,7095.37671759755
359.34743430048,114.273111806451,7095.3767414413
11.7998715614887,307.239067520726,7095.37734459755
16.1599342709415,444.75881311179,7095.37755578505
22.6574471472602,52.5545509888481,7095.3778705038
29.048506894324,1343.92985629006,7095.3781800663
53.1749831241665,1590.61286364448,7095.37934867568
72.3817111151702,1015.1542939596,7095.38027898818
170.533768785496,115.499686204057,7095.38503316005
181.075533411131,175.966602400379,7095.38554376943
186.26173706085,797.571231281324,7095.38579497255
198.129327173783,1026.93142878252,7095.38636980068
210.976608866396,175.645983868655,7095.38699208193
222.58419528577,1868.70141583029,7095.3875543163
244.425154738531,1938.19360561065,7095.38861222255
348.264390994138,68.4335713097006,7095.39364186318
357.551943973172,140.05605009082,7095.39409172255
2.69298571430415,329.887561711928,7095.39434073818
7.79209134917899,463.946769890811,7095.39458772255
12.7573240843488,640.821340436304,7095.39482822255
20.7632457589938,87.4477851242617,7095.3952160038
25.8600933172161,1841.47652682043,7095.3954628788
44.5581043419167,475.783246134398,7095.39636855068
51.5140108720511,1871.27380257834,7095.39670547255
178.643996019701,51.1963214877564,7095.40285714443
189.239954973194,920.085008182525,7095.4033703788
195.852630735187,214.815595867002,7095.40369067568
201.038189246973,957.236179210952,7095.40394184755
219.148449871458,172.188888147851,7095.40481905068
222.365270367085,1589.10018477343,7095.40497486318
252.387960462901,1967.74840865999,7095.4064290663
346.548670360795,79.5731536218369,7095.41098991005
349.715167543935,69.1844845301937,7095.41114328505
357.902059515781,275.649503223008,7095.41153983192
4.48570268126722,651.521836481095,7095.41185872255
11.9893590693764,583.357584460487,7095.41222217568
15.6300565931148,71.4227496589892,7095.41239851943
23.7921095340146,128.658833586925,7095.41279386318
26.4024696905039,1862.25546094931,7095.41292030068
42.5507665663412,767.608310248136,7095.41370247255
54.9225575298266,633.745445011158,7095.41430172255
72.6037796847465,1830.99857498092,7095.41515814442
172.449410128823,51.6075411571837,7095.41999434755
182.555362017381,1001.4393758695,7095.42048384755
193.055835712245,307.4835941419,7095.42099245693
201.941447479528,1399.16456198819,7095.42142284755
218.616526160212,758.547169521506,7095.42223053505
228.240535602322,1636.81357356893,7095.4226966913
262.753290329477,1581.51491902458,7095.4243683788
338.525993696082,20.5037445355494,7095.4280385663
342.231530868115,142.582196049901,7095.42821805068
347.716771103066,76.0106075303746,7095.42848373818
357.406587956702,640.352049163795,7095.42895308193
2.4760157444746,195.68328901709,7095.4291986288
5.8425157890357,369.029223845629,7095.4293616913
13.1574597740938,59.5123811342191,7095.4297160038
16.5423472073875,195.68328901709,7095.42987995693
19.5194868495427,1855.78707956324,7095.43002416005
44.1514542058046,338.211958439416,7095.4312172538
51.3051055207078,360.999147241969,7095.4315637538
58.0519768452577,2120.69117822011,7095.43189055068
174.76139829796,41.9978080090644,7095.43754358193
180.424705615526,137.072908579228,7095.43781789443
184.78831679016,859.961823973521,7095.4380292538
198.512385285717,803.579314201386,7095.4386940038
204.865057354151,369.232783237194,7095.43900170693
213.979382029172,1557.76591626022,7095.43944317568
232.665779970205,1145.91647282225,7095.44034828505
260.115198660821,762.500063089533,7095.44167708193
343.472527263249,42.6911145323672,7095.44571464443
358.488549795887,55.042925078963,7095.44644197255
1.11729734110898,307.972036761583,7095.44656930068
6.25317767834112,227.887583803543,7095.4468180663
15.3204049183128,654.743759209708,7095.4472572538
26.8479901780963,356.811108437327,7095.44781561318
31.6964470888727,1525.78838452655,7095.44805045693
52.8361061193549,103.578520760372,7095.44907439443
58.4400577427155,543.887657133979,7095.44934583193
176.220784943248,22.0491489649755,7095.4550507538
186.122862955014,149.779993963151,7095.4555303788
189.111293055539,72.01221563502,7095.4556751288
196.210427454839,253.640469738414,7095.45601898818
208.461248915709,1134.31464221492,7095.4566123788
220.792071536168,120.670876069262,7095.45720964443
226.151826077644,1375.76416925356,7095.4574692538
359.391808028442,35.7113748294946,7095.46392297255
1.13570411467984,142.450357065727,7095.4640074413
13.1374897150616,391.174481695344,7095.46458876943
19.6556480567654,466.531424603289,7095.46490448818
23.5757044635812,166.418032132576,7095.46509436318
30.6845164576406,33.4181120276167,7095.4654386913
33.3642323781758,518.128373538929,7095.46556848817
45.1866605825216,1601.16175873526,7095.4661411288
64.9182348894626,410.303901965392,7095.46709686318
79.1590850073628,1515.50816340773,7095.46778664443
169.680387657386,61.5684794813554,7095.47217120693
175.225951312219,685.693446467184,7095.4724398163
188.880663968622,737.65094033007,7095.47310120693
193.987511671793,1081.12208074829,7095.4733485663
207.938034998436,65.9874724306952,7095.47402428505
220.95531908007,1687.4560637703,7095.47465480068
249.296049523357,793.792975795071,7095.47602753505
271.217332723452,2227.98091087384,7095.47708933193
330.753995948779,25.4139990302216,7095.47997309755
342.013835409153,87.9298925338112,7095.48051848818
346.63325674934,198.637523096679,7095.48074223818
350.626862598424,205.151950982696,7095.48093567568
0.321518230662488,77.1149394340753,7095.4814052538
1.8744438371964,1221.10344058513,7095.48148047255
16.3365874198364,1294.71144916238,7095.48218097255
31.4070264654584,359.53887089768,7095.48289197255
38.0651867988907,314.252929234371,7095.48321447255
43.466877446624,48.0977514760728,7095.48347611318
51.079890216128,2402.49353744559,7095.48384486318
181.123697136684,62.627472652288,7095.49014376943
184.087933344197,358.072627104633,7095.49028734755
191.933530149472,166.192073991489,7095.49066736318
199.984613732705,1320.46118483942,7095.49105733193
212.575440084277,179.246090192819,7095.4916671913
224.66109785962,1474.48653287086,7095.49225258193
245.914952125208,1387.94697956968,7095.49328205068
347.733191563259,65.1276671481682,7095.49821380068
352.798103160173,96.3418858579423,7095.4984591288
3.55696764743214,338.656075404842,7095.4989802538
11.135463828785,938.203736922105,7095.49934733193
18.0716926567658,1258.92340996359,7095.49968330068
39.5507114775717,1026.34578613703,7095.50072367568
44.8930463935462,55.5948516389737,7095.5009824413
60.9858586281037,2002.87875173899,7095.50176192568
169.927748983766,32.3467398699595,7095.50703872255
185.547651153593,1058.0750720024,7095.50779530067
200.126570635734,910.230169015591,7095.50850145692
213.386116310344,292.964291714881,7095.50914370693
232.125095640517,2209.55409524493,7095.51005136318
357.311090718389,90.975525723902,7095.51611497255
1.97212553953538,49.5646995668508,7095.51634073818
8.08285864029074,899.599394976747,7095.51663672255
20.7469118463883,167.318811583606,7095.5172501288
28.7896082609447,41.604508033144,7095.5176396913
36.4113308619763,1742.1530884576,7095.51800886318
66.6524112079452,712.779113509754,7095.51947364443
182.30727010393,40.5467118214098,7095.52506030068
186.720882003308,208.783240696064,7095.52527408193
191.59675864698,706.84980091329,7095.5255102538
208.522486089316,1112.91043047856,7095.52633008193
218.772311022528,163.456206903057,7095.52682655068
224.428198859541,1393.13560687526,7095.5271005038
240.826499359097,1028.68635831754,7095.52789478505
354.372649468543,92.8662632904143,7095.53339459755
358.308512599695,40.0806436651191,7095.53358523818
2.73115688079066,304.783087656801,7095.53379945693
12.8916256849516,990.573512105186,7095.53429159755
24.677279149386,224.732704667829,7095.53486245693
30.305747253503,1314.98578692657,7095.53513508193
48.6182688911688,71.6197795513906,7095.53602208193
53.1054301952614,1557.76591626022,7095.53623942568
178.001421107174,38.0978859571002,7095.54228898818
183.392466434471,228.71057825391,7095.54255011318
191.959686502113,117.034895663615,7095.54296508193
194.594563139359,179.76943544884,7095.54309270693
198.92591576494,1351.06892340531,7095.5433025038
220.65138970673,735.201677315445,7095.5443548163
227.447293992792,1502.75925037135,7095.54468398818
251.450865193556,1642.68032509796,7095.54584664443
345.927063538951,44.0450037553219,7095.55042276943
348.218064195014,98.939675896581,7095.55053373817
353.111037876444,268.18694487396,7095.55077073818
359.656938501234,438.633324106874,7095.55108780068
6.71187875517846,256.73285719563,7095.55142951943
11.9680834195393,679.970080241787,7095.55168411318
22.7443675322998,1644.14371006671,7095.55220608193
38.2916880606426,304.289510255629,7095.55295914443
44.0691905382056,1875.12538829537,7095.55323898818
183.817653235949,41.4064581233387,7095.56000795692
188.599980147456,686.131762517306,7095.56023959755
202.518567550343,819.874834689927,7095.56091376943
215.940051033042,1358.17046498232,7095.56156386318
228.441521218009,171.313727093114,7095.56216939442
255.05029124647,2062.04320285508,7095.56345823818
348.793456923939,136.935782157899,7095.56798166005
359.62490312779,90.3018215758777,7095.56850630067
2.44720181711139,267.063621217645,7095.5686430038
8.99181212848005,1332.24709042423,7095.5689600038
22.4455541226771,363.902102895608,7095.56961166005
30.4588952778747,38.8910431636802,7095.56999980068
32.475053279273,329.203386773003,7095.57009745692
41.7384124028482,2118.42188235778,7095.57054614442
61.9212835083501,56.5166108357218,7095.57152373818
74.1127492750144,554.290002785507,7095.5721142538
173.553857730282,29.2988341921152,7095.57693086318
180.383956054305,92.0534204418288,7095.5772616913
186.133716211228,221.363205543668,7095.5775401913
194.091572687592,196.545529851377,7095.57792564443
200.900380333189,1324.0987195573,7095.5782554413
215.471235159291,922.043330575661,7095.57896120693
234.811836049999,1688.8807019555,7095.5798980038
348.99380183305,31.9632757761479,7095.58542861318
359.50685633726,72.9840840540952,7095.58593783193
7.62019890439076,317.109838388063,7095.5863308163
12.5722056547282,329.431565360139,7095.58657067568
22.0939555706982,99.41330397778,7095.5870318788
24.674315329895,1036.25674707786,7095.58715686318
35.9509292027287,1904.39619629501,7095.5877030663
58.8025483581396,85.4372267378167,7095.58880992568
94.546933740048,349.791140497047,7095.59054126943
176.703922511098,32.6358766400414,7095.5945206913
178.172330692075,127.999971732962,7095.5945918163
191.321874809803,739.685868111906,7095.59522873818
200.123291776827,888.841444890431,7095.59565505068
218.046775524723,675.08931778093,7095.59652320693
227.224972122362,1393.13560687526,7095.59696776943
358.662347468206,51.287987745674,7095.60333417568
0.997219794543103,116.148569928587,7095.60344726943
6.60246176887874,100.913971623484,7095.60371876943
16.4803458125247,237.575487060937,7095.60419722255
22.3175265720364,1155.32217126457,7095.60447995692
36.828058015809,694.839352721743,7095.60518280068
47.6599367815644,1086.66919906852,7095.60570858193
73.7664414859352,45.3843837511236,7095.60697309755
174.226596850082,41.3496979712047,7095.6118390663
185.190303052472,146.994319494276,7095.61237011318
189.68165795968,158.199009447912,7095.61258766005
196.229494148486,893.564000570279,7095.6129048163
209.475813838263,785.417009208089,7095.61354642568
231.880007210485,1800.53505438593,7095.61463161318
269.896683309534,1472.85472706926,7095.61647301943
341.738362361143,29.5383370541025,7095.61995280068
349.933964164516,270.697297910516,7095.62034976943
357.477298507123,118.9458115336,7095.62071514443
7.43389339693772,398.408500634773,7095.62119741005
12.4307395432265,34.439142510001,7095.6214394413
18.4082449197643,1985.99692247114,7095.62172897255
33.3823313836989,383.020087868502,7095.62245426943
46.9028485526534,683.057832517875,7095.62310916005
55.3613573392805,440.001923784905,7095.62351886318
68.0896049806317,2154.44440065937,7095.6241353788
174.138550494398,207.519515460497,7095.62927205068
177.613761819974,70.8283709460744,7095.6294403788
181.965759948494,410.303901965392,7095.62965117568
195.048528816357,261.087013120331,7095.63028486317
200.04408461167,1525.78838452655,7095.63052683193
211.075856302239,46.1286529807037,7095.63106117568
216.553999569274,1281.64268087261,7095.63132651942
234.517483934518,784.651121854552,7095.63219661318
262.742083653791,2084.08534874138,7095.63356372255
338.211234244306,28.4446927817372,7095.63721920693
342.575813144618,108.01832345253,7095.63743061317
347.868792586444,93.722189731249,7095.63768698818
357.988293010025,204.968708672482,7095.63817714442
7.1335859582315,1400.02387460925,7095.63862011318
18.5005237233476,69.6918356357656,7095.6391706913
21.267982909323,434.155572603956,7095.63930473818
28.7297031536207,37.6014740177677,7095.63966616005
32.868149848144,665.672128530304,7095.63986661318
42.9092620508535,2002.87875173899,7095.64035297255
65.8395920524332,2230.1387403445,7095.64146364443
172.041120367273,50.6891854878955,7095.64660770693
177.594088654797,637.529029567929,7095.64687686318
187.419068721559,1008.0219992048,7095.6473527538
201.163137507014,1336.75248648046,7095.64801847255
213.899127254215,1310.40556183848,7095.64863536318
223.850883327874,575.575698213981,7095.64911739443
247.764453299206,2251.603570258,7095.6502756913
347.150722213574,69.8937435705815,7095.65508964442
356.116335178001,260.077570590767,7095.65552391005
2.81643158013673,170.323782855419,7095.6558484413
6.07809139660789,379.669684580364,7095.65600642568
13.6304581209319,1437.31915258627,7095.65637223817
27.8455014071009,97.6494163307251,7095.65706076942
30.6626387300762,1112.91043047856,7095.65719722255
56.43655806185,1164.65193045201,7095.6584456288
176.068602203552,82.3008466932507,7095.66424022255
194.808549296956,992.392723553337,7095.66514792567
209.423275755777,839.441516298223,7095.6658558163
227.944832636581,858.562387850981,7095.6667529413
236.506891337877,1686.03031536207,7095.66716766005
344.132956276082,23.7169815037186,7095.67238072255
358.641229568095,136.867142619401,7095.67308345692
2.38354151759287,203.311992241773,7095.67326472255
5.44810176233684,213.411566196697,7095.67341316005
12.9546613650322,571.907909918679,7095.6737767538
17.076978785029,78.8020274034018,7095.67397642568
23.3667467316304,615.455852948088,7095.67428108193
32.5620403294731,1779.03525244716,7095.67472647255
49.1477628811052,1108.58000557101,7095.67552983193
74.7597443672365,1704.47289615794,7095.67677039443
166.814940097127,63.335996169922,7095.6812292538
173.766330436403,217.077786301978,7095.68156595693
180.588041516643,336.429523128956,7095.6818963788
189.723979457835,61.0705583325988,7095.68233889443
192.267886989756,1411.14553375843,7095.68246211317
211.228805035264,869.003313752614,7095.68338051943
218.528264921283,1395.72264856724,7095.68373408193
256.42945550936,1547.69819182832,7095.68556989443
344.329172686406,27.8185426083599,7095.68982586318
347.67825314302,131.189586971558,7095.68998808193
0.527147736797051,120.124674096722,7095.6906104413
3.93139028450073,633.270935690433,7095.69077533193
13.5583030163045,56.7240074356157,7095.6912416288
21.0280879166423,1400.88252109649,7095.6916034413
39.7560993386352,383.216264276953,7095.6925105663
46.6539405630936,1564.69792678138,7095.69284467568
79.2324739373496,668.376243240232,7095.69442267568
175.662248750055,57.6684498765356,7095.69909342568
187.846294998612,866.925198295121,7095.69968358192
197.788373627727,738.465566474389,7095.70016514443
215.860246573582,1452.30028003596,7095.70104048818
228.344942383643,1122.59279649862,7095.70164520693
358.379716884928,90.6652045107315,7095.70794367568
1.53266549549212,39.7865768109185,7095.70809639443
3.92818382945533,106.881718753282,7095.70821242568
19.8103478821554,339.985040120894,7095.70898170693
24.9084857537989,1232.86392206268,7095.70922864443
41.2945280317537,1930.73401710819,7095.71002233193
64.214535300641,113.199324913715,7095.7111325038
178.142948994792,39.0717909415361,7095.71665083193
190.957326962865,637.057295804766,7095.71727151943
209.566949584191,1501.15808672524,7095.71817291005
222.636492504775,507.577146979798,7095.71880595693
229.689174644513,1090.53543972948,7095.7191475663
359.316201392213,64.1099812126456,7095.72542628505
1.82139877042294,123.36562327242,7095.7255476288
8.0556820006367,84.6640188512104,7095.72584959755
14.9019095240788,375.889819270725,7095.72618120692
23.5994540637983,1162.58513926937,7095.72660248818
35.318654978773,489.17941919413,7095.7271701288
44.6855639419093,86.4755142493401,7095.72762383192
55.1524887742999,1934.4674750954,7095.7281308163
175.771702914686,60.8007602598271,7095.73396328505
181.007907326703,809.542932689311,7095.73421691005
191.465799739822,69.8265056886527,7095.73472345693
193.405827634556,741.715189267467,7095.73481742567
208.877340606424,1401.74050144992,7095.7355668163
236.737741541981,1638.28228760821,7095.73691628505
351.931657378656,29.3588937883005,7095.74249591005
355.730744282855,172.733619074883,7095.74267992568
7.77607892821359,113.116301048155,7095.74326336318
11.0787070877109,166.418032132576,7095.74342333193
18.0230005717318,1469.58523128404,7095.7437596913
31.3138370321628,29.9332537923025,7095.74440345693
36.4490721939075,318.528647902383,7095.7446521913
45.0372602771245,375.089209692092,7095.74506817567
57.5464726054961,401.040756159432,7095.74567408193
69.8424559749527,1973.84997235872,7095.74626966005
169.687441243541,33.3301442001499,7095.75110583193
183.046665742341,925.947540864058,7095.75175291005
190.21386562982,257.463661501589,7095.7521000663
196.326534257038,234.871150306404,7095.75239614443
204.046967919028,47.4587105725455,7095.75277009755
208.10476824092,1507.55274930248,7095.75296664442
222.22368116808,282.516537941646,7095.75365051943
232.68189613139,857.861837122442,7095.75415708192
347.972264952371,27.4787605863969,7095.7597413788
354.823331329523,71.0931521985536,7095.76007322255
6.14284903429194,94.6200340301573,7095.7606215038
9.03547128844471,239.46603033842,7095.76076161318
15.5591135842385,37.382222317639,7095.76107759755
18.6198027760572,347.419676360872,7095.76122584755
29.6825426271498,318.528647902383,7095.7617616913
34.4171268905649,1129.00155890827,7095.76199101943
52.5886786981633,1447.32370532807,7095.7628711913
175.030763307585,31.1256645457725,7095.76880189442
186.66415655869,782.73315606836,7095.7693653788
195.839127316445,345.031891946235,7095.76980978505
203.231780571875,91.9513076791389,7095.7701642538
215.286792736885,1408.58680275358,7095.77074816005
226.217272626991,1495.54024719833,7095.77127759755
243.060418245341,898.261687254376,7095.77209342568
351.170683706646,27.7128060083287,7095.7773299413
355.379776553744,147.504716774272,7095.7775338163
6.25154588757956,307.239067520726,7095.77806041005
10.4758002459726,167.543257045821,7095.77826501943
17.1194442435974,645.961117928806,7095.7785868163
19.6214157068155,654.284515455572,7095.7787080038
31.2157761413565,413.951123379164,7095.77926959755
40.7268807744442,1873.84241456812,7095.77973028505
62.7959079970106,60.6460506813455,7095.78079923817
73.3570277370549,376.489173170569,7095.78131078505
176.427543257691,38.8306053977772,7095.7863031913
181.78762038691,151.153575767005,7095.7865628163
189.14191981383,306.259045901314,7095.78691903505
196.955580620242,106.705783098349,7095.7872975038
202.471143840229,1408.58680275358,7095.78756466005
220.367207817675,840.872815821569,7095.78843148817
225.978578921589,679.085232491161,7095.78870328505
252.100567762552,2289.73306981572,7095.78996855068
349.054543678153,82.3578913400347,7095.7946646913
357.806282508177,671.517397243804,7095.79508859755
6.42737427838027,216.210521708504,7095.79550617567
10.3083979061861,321.814963566425,7095.79569416005
17.1275282844757,31.0122726110418,7095.79602445693
19.784985876015,587.977277977103,7095.79615317568
23.9595620598541,2142.13002891483,7095.7963553788
50.7144632096208,735.201677315445,7095.79765130067
60.8491252196043,355.756368808358,7095.7981421913
74.674162890326,226.066443342887,7095.79881183193
177.786937067409,58.2358258838234,7095.80380628505
182.935720876838,139.383671271531,7095.80405567568
190.919706735123,247.187714741415,7095.80444239443
200.298551369671,953.460088659597,7095.80489667568
212.287433610518,436.572389350687,7095.8054773788
227.145066762695,1351.95865613724,7095.80619703505
248.441824860217,1953.02685135346,7095.80722858193
344.692290294203,98.5591469548908,7095.81188528505
350.791410273737,102.02497874312,7095.81218070692
359.379275844318,94.0224217926833,7095.81259667568
2.9628757880575,378.08275954454,7095.8127702538
12.6004338402975,1668.82530017176,7095.8132370663
26.1919197495706,92.409913055036,7095.81389539443
30.0552012016852,1004.43675599138,7095.81408251943
42.6702214087166,391.942256428024,7095.81469355068
53.9107057546803,394.236587819563,7095.8152380038
64.5798915251445,1552.35302390366,7095.81575478505
177.777972162955,117.675313937582,7095.82123773818
187.121655033864,465.563865237328,7095.8216903163
195.025317144815,980.813985584916,7095.82207314443
205.843859951577,309.918174457025,7095.82259716005
217.212733243156,86.1489907189039,7095.82314783193
226.568351747922,1864.83650743696,7095.82360098818
358.913482094788,87.3940572687637,7095.83001136318
1.73352266990312,125.329926992102,7095.83014795693
5.42809197131016,49.9893494654291,7095.83032691005
15.6266258663574,600.623384361398,7095.83082089443
21.7457461733426,231.486885216015,7095.83111728505
32.8291314522663,1338.55049266884,7095.8316541288
45.3718926055579,1587.58595159014,7095.83226166005
59.5959682734442,240.561986997179,7095.8329506288
178.089286392179,41.604508033144,7095.8386900663
183.637108161219,122.601748198115,7095.83895878505
189.895585321999,738.872629746368,7095.83926192568
197.847312668785,243.357500817609,7095.83964708193
206.26453059975,1105.8650661866,7095.84005478505
219.452462283446,84.8303025047237,7095.8406935663
228.318718936319,1579.99358041394,7095.84112301943
257.275587238395,1688.8807019555,7095.84252559755
338.967730638308,28.4033803421568,7095.8464825038
347.232365655538,60.1404967492947,7095.8468828163
353.641167578293,193.073418364165,7095.84719323818
359.964806937558,39.5200504266224,7095.84749953505
3.47421230109516,307.4835941419,7095.84766951943
6.98361762707854,1228.9562700829,7095.8478395038
27.9906941463847,989.358817093944,7095.84885701943
40.7502325735572,1780.38672693503,7095.84947505067
57.6107978549617,223.39100014257,7095.85029172255
82.6940620097846,63.9999858664808,7095.85150667568
170.509858034581,27.4573835890024,7095.85577428505
184.090698660972,104.930189537278,7095.85643209755
190.922409886161,215.862633323738,7095.8567630038
199.513501259071,975.897584964969,7095.8571791288
204.447120620676,318.528647902383,7095.85741809755
214.822753797553,861.359039650011,7095.85792066005
232.134938465262,838.72497835813,7095.85875920693
242.952836058983,1703.06124758213,7095.8592831913
342.532333604814,29.4985563753514,7095.8641065038
352.109890787361,113.365178355807,7095.86457041005
356.89447577552,131.689908977606,7095.86480216005
1.32679761382033,214.465459280611,7095.86501684755
5.89718599249439,576.09772508016,7095.86523822255
12.6866385236816,65.7021242966849,7095.86556708193
20.6590113358529,1514.71457598973,7095.86595323818
38.8644345936687,456.104848334249,7095.86683505068
39.3528287198845,356.389556754877,7095.86685870693
54.9778922560573,1844.08666115132,7095.86761553505
83.1163617612705,396.517596534807,7095.86897847255
177.30094292688,185.327447832506,7095.87354047255
181.952945366308,57.7904980814115,7095.87376580068
195.433784543212,1172.88290191198,7095.87441876943
207.037822497404,913.526920776064,7095.87498083193
216.762478602043,1268.43935355225,7095.87545186318
242.987049519336,1661.60418757499,7095.87672209755
353.618641595824,109.915042345587,7095.88208073818
359.005493282452,34.130878678873,7095.88234166005
3.12877846567995,297.546098870782,7095.8825413788
4.77396341585111,132.826402654551,7095.8826210663
17.4960820027324,1276.00086052837,7095.88323728505
29.8010977539065,212.175416125504,7095.88383330068
38.8905834355358,1681.74563164314,7095.8842735663
63.9370728880013,448.796055874112,7095.88548673818
69.8187704181665,159.146307243674,7095.8857716288
92.7739394506925,52.3306259436751,7095.8868835038
170.117310561968,29.5582100462433,7095.89062976942
186.628515945654,149.277382122115,7095.89142951943
192.344727240104,256.586446534257,7095.89170639443
202.381323289508,1036.83672758592,7095.89219253505
214.721500841875,869.694982696956,7095.8927902538
226.351410732126,1353.73645626657,7095.89336330067
359.440100232827,41.8016211922723,7095.8998096913
3.31467206820354,170.764458129469,7095.89999736317
9.41766313821632,109.82953435601,7095.90029297255
16.195180035546,537.493605179407,7095.9006212538
22.9623742001833,280.380274553238,7095.90094903505
31.3031393991856,1232.86392206268,7095.90135303505
42.6894322787117,71.4227496589892,7095.90190455068
47.8627325313427,2223.65903468358,7095.9021551288
184.018885491373,137.620123630278,7095.90875009755
193.066112441447,762.105656360035,7095.9091883163
206.626952815494,1317.72626144055,7095.90984516005
215.585468812005,217.077786301978,7095.91027908193
227.147248034642,1381.86895259906,7095.91083909755
240.73937919451,2032.67624954151,7095.91149745693
349.2873928818,92.8156718149609,7095.91675517568
354.956829328944,119.418752664302,7095.91702978505
4.6866467623747,263.379817955212,7095.9175010663
9.4815544456721,312.09307360669,7095.9177333163
13.9606511688325,1376.63791477394,7095.91795026943
27.9185939384739,58.4773063305732,7095.91862634755
31.7099388494849,1443.1635886325,7095.91880998818
55.1944703888066,598.115557082224,7095.9199475038
62.0665047439799,312.09307360669,7095.92028036318
89.5859329880483,47.8038685025606,7095.9216133163
171.32388350959,34.6092113301388,7095.9255724413
184.477298605135,137.551831036475,7095.92620955068
187.303145722084,142.05410459045,7095.92634642568
195.62778164656,221.70244806663,7095.92674964443
203.282407934577,725.321636085852,7095.92712041005
214.455471930296,1151.15139642796,7095.92766159755
223.974318594126,354.274498626239,7095.92812266005
238.072908568538,1394.86078243323,7095.92880555067
355.02742271129,163.341229431069,7095.93447628505
2.09655667574412,153.129522950657,7095.9348186913
4.8204668167431,71.3569550669924,7095.9349506288
11.0147495422697,1269.38692890377,7095.93525066005
29.1459782198831,563.967983424618,7095.9361288788
33.6428170811807,300.061336888646,7095.9363466913
41.9039037083367,278.227607619641,7095.93674683193
48.3052861505393,1469.58523128404,7095.93705689443
70.4433466996233,178.72121838014,7095.9381291913
174.475166411206,34.4732228874101,7095.94316816005
182.668832688117,162.534027903227,7095.94356503505
190.431202418811,173.49337244621,7095.94394101942
191.126373711513,116.954612661146,7095.9439746913
200.762964075629,1109.66424937686,7095.94444145693
214.935748667797,842.301617343111,7095.9451279413
223.47103277413,100.727606811013,7095.94554136318
233.476983213201,132.188329726723,7095.94602601943
237.887046684952,1516.30152878113,7095.9462396288
353.380966757428,94.4212485975982,7095.95183378505
357.030051562504,48.704301008895,7095.95201053505
5.79856484254211,194.237681494513,7095.9524352538
11.7670378373625,948.401912559405,7095.95272434755
20.0636088159008,206.065775554265,7095.95312620692
32.6815323501799,619.836348914049,7095.9537373788
40.1932533567753,1693.14728903913,7095.95410122255
58.4367417054773,284.900714131453,7095.9549848788
83.5716195237627,639.882424824378,7095.95620233192
171.145460453841,47.7055062120257,7095.9604441288
182.843370727943,206.793915324965,7095.96101073818
190.141862850731,266.641153601199,7095.9613642538
193.747721198574,226.066443342887,7095.96153891005
201.646867118667,1096.03481845966,7095.96192151943
218.698402842221,751.77963854145,7095.9627474413
231.742461518817,1486.66934318697,7095.9633792538
262.593228081362,1451.47205365959,7095.9648735663
339.541432210845,20.4463911079866,7095.9686006913
343.47535977798,115.255416321958,7095.96879123818
349.541253557892,104.301581260735,7095.96908505068
358.650094278823,554.832124688431,7095.9695262538
4.58146998354268,158.554919194032,7095.96981355068
7.55860958814408,519.287446376637,7095.9699577538
14.8625856650221,56.1413554533985,7095.97031153505
17.6468192634574,188.344354001835,7095.97044639443
20.63589453947,1824.419393337,7095.97059117568
41.004897346073,352.999351971306,7095.97157778505
49.8679281215086,1590.61286364448,7095.97200708193
68.3704524756468,72.2726600788093,7095.97290328505
80.8264381267295,351.933204800758,7095.97350661317
169.709373973443,28.6708573549177,7095.97783305068
181.015665693379,173.817960025247,7095.9783806913
184.192485609211,247.035669698192,7095.9785345663
186.915105436789,134.023375730763,7095.9786664413
202.60113764344,1263.69037456442,7095.97942622255
213.297420559056,1197.23597702404,7095.9799443163
228.000212795953,215.862633323738,7095.98065647255
0.0895330899282243,34.9132528443263,7095.98705445693
3.47377531018051,91.8490769552527,7095.9872183788
13.3242396209302,127.70605406498,7095.9876955038
20.5669245146947,214.114725949344,7095.9880463163
25.897001209068,576.09772508016,7095.98830448818
34.2116370261491,35.6784775334962,7095.98870722255
35.3819764226806,857.16067577124,7095.98876391005
60.1694299448177,2593.1354841191,7095.98996453505
173.511706177472,196.354252302022,7095.99545447255
183.655400531619,291.936336216381,7095.99594580068
190.981312387303,1352.84783375766,7095.99630064442
208.068977675281,683.497813902534,7095.9971283163
218.540096110787,1407.73281920303,7095.9976355038
234.256128714729,2374.29920169063,7095.99839673818
350.385864423257,26.7423947569734,7096.0040216913
353.605588171024,102.85036017299,7096.00417764442
358.170815145798,84.7749162535827,7096.00439876942
5.52124351979213,355.756368808358,7096.00475480068
17.3265747239344,1081.12208074829,7096.00532661318
29.382232101985,1726.9010665899,7096.00591055068
52.9803135882627,53.747613998345,7096.0070535663
68.869251946028,2049.17371959823,7096.00782317568
168.176810089334,33.2419473891843,7096.0126333163
174.498191371947,255.559212680723,7096.0129395038
185.19350659944,336.429523128956,7096.01345755068
189.969059205881,1361.70741349417,7096.01368886318
205.342506254724,240.405723106463,7096.0144335038
208.837717832644,1213.19987389512,7096.01460280068
224.326972942649,1398.30491630022,7096.01535305067
245.260168254716,1439.82681333199,7096.0163740663
344.122558691485,63.8898031701807,7096.02116264443
351.190402342518,49.1363824628444,7096.02150498818
358.812770081484,112.866868628991,7096.0218741913
2.44927403966094,447.454351348853,7096.02205033193
9.56260222457914,221.70244806663,7096.0223948788
15.4359125485146,29.6375597674814,7096.02267936318
20.0379142631997,1592.1242102479,7096.02290226943
37.262033077725,1296.56774205955,7096.02373655067
47.6763765209757,405.142613901788,7096.02424098818
64.8630754576561,94.4709865891014,7096.02507345693
71.8380145520107,160.43973094515,7096.02541130068
173.115278437153,27.5427892298952,7096.03031684755
183.106389990226,162.418384297425,7096.03080078505
189.235187854417,137.688360712929,7096.03109764443
194.350745351562,187.344112445587,7096.03134542568
205.869943405115,1024.58685979911,7096.0319033788
217.011716652566,957.86412135368,7096.03244305068
230.516749684928,1298.42125939916,7096.0330971913
266.715980255471,350.863810227864,7096.0348505663
353.384001748544,123.593857370707,7096.03904848818
0.820560336598017,174.68060331538,7096.0394086913
8.25518347329732,157.126464617185,7096.03976880068
15.2007673082932,516.675757733509,7096.04010522255
23.3795946992069,324.836768594849,7096.0405013788
27.5028798073273,240.405723106463,7096.04070109755
34.6849186934657,1589.10018477343,7096.04104897255
51.1799947275176,45.4102519475974,7096.0418479413
62.1907983649579,105.198440236709,7096.04238126943
75.4896994063212,1677.44995671626,7096.04302542568
174.535640879795,192.586210867596,7096.04782289442
181.972522093147,206.065775554265,7096.04818311317
189.092624545576,79.2774595970158,7096.04852798817
191.039749370672,1164.65193045201,7096.04862230068
206.505133212963,254.527815490846,7096.04937139443
211.072618301943,1227.97738644209,7096.0495926288
228.931262439098,74.8899969815753,7096.05045764443
239.572705851368,2121.82471592826,7096.05097308192
352.309812095859,101.655996120886,7096.05643370692
356.588583369855,47.1110234157024,7096.05664095693
3.76481567660534,168.438013536942,7096.05698855068
9.172187084179,1093.83835322774,7096.0572454413
18.0987671193807,168.326436122967,7096.0576778163
25.8017812309773,1210.22269983229,7096.05805092568
40.2497310655535,77.2366684498316,7096.05875073818
43.4200992640648,278.227607619641,7096.05890430067
50.205035641947,177.878184404179,7096.0592329413
79.250292347397,2376.32402644294,7096.06063980068
177.68493470313,33.785065023384,7096.06540766005
179.443024499878,985.095671701686,7096.0654928163
187.886049262574,210.039360903913,7096.06590176943
198.639752383486,151.526027836191,7096.06642264443
204.835325422434,1629.45046344731,7096.06672273818
220.638778628965,932.418253718481,7096.06748820693
235.513186231156,335.982464072515,7096.06820867568
245.332037205895,1455.60841158243,7096.06868426942
344.998955354315,67.4657760213471,7096.0735118163
355.887499175718,93.2196611569402,7096.07403922255
0.648535408797706,368.213681767315,7096.07426983192
7.25153368869382,176.073350344197,7096.07458966005
15.6716548342447,446.445436175225,7096.0749975038
20.1304287173176,1633.87237073209,7096.07521347255
44.4049715573748,121.137100350666,7096.0763892538
48.055346675872,1281.64268087261,7096.0765660663
68.5669321761535,585.928583429762,7096.07755958193
176.517840568875,33.2066006636378,7096.0827883788
184.405695993043,256.293375411332,7096.0831704413
191.295149973718,312.81469081712,7096.08350414443
195.733278353852,121.446908085687,7096.08371911318
205.645356473013,1295.63992867787,7096.08419922255
220.7707354246,1170.83054362865,7096.08493184755
239.073256879763,1584.55337739838,7096.08581836318
355.548158882894,143.108316863483,7096.09146003505
0.208548490998943,120.826487703951,7096.09168576942
10.2603060892524,1139.60285652581,7096.09217264443
23.3701721398209,390.019988527612,7096.09280764443
27.4379726066614,298.302910151094,7096.09300467567
40.8046166235674,130.543506560166,7096.09365211318
43.8424022733488,1781.73698017758,7096.0937992538
64.2062437136055,2424.41644537905,7096.09478561318
172.643156095359,112.616888037209,7096.10003345693
177.238706130277,197.499197551743,7096.10025605068
186.19109299721,1091.0865544389,7096.10068967568
198.673853280809,1303.96626829565,7096.10129430068
212.998898161414,728.62987865463,7096.10198816005
227.326523706415,1554.67505535967,7096.10268214443
355.449335258904,45.2288657915023,7096.1088880038
359.325520033,144.285111636222,7096.1090757538
5.38851052321751,76.9930091903959,7096.10936942568
17.1470668424996,267.204286474865,7096.10993897255
24.5413667741063,1183.09084751189,7096.1102971288
31.8663109041131,471.658323508706,7096.11065192568
44.0535830676624,92.5622842262719,7096.11124223818
54.8224477374241,1707.29252957358,7096.11176384755
177.566794771961,41.6327215757573,7096.1177091913
182.211700318581,243.511877329183,7096.11793417568
186.506600867103,157.604054806804,7096.11814220693
195.337050505742,185.833667898372,7096.11856992568
200.125506509272,1558.53763228464,7096.11880186318
216.007993149716,811.767986164114,7096.11957116005
228.884952614323,1938.19360561065,7096.1201948788
253.985636432201,238.837505328604,7096.12141067568
350.249602383893,34.4220901782322,7096.12607339443
353.814814976454,64.1832142989074,7096.12624608193
356.913891846903,138.368969060387,7096.1263961913
9.23761757455294,255.41210812996,7096.12699311318
14.8176978926449,351.505852203005,7096.12726339443
19.3245369739988,56.5581505240775,7096.1274816913
24.753002141587,1558.53763228464,7096.1277446288
47.1704215361946,1254.13857077206,7096.12883045693
63.0483919857798,642.695063834964,7096.12959953505
179.564907432317,98.939675896581,7096.13524322255
188.825040716008,204.601696696116,7096.1356917538
196.475795951101,506.391206744894,7096.13606233193
201.765549477935,1047.22275295899,7096.13631855067
217.895781627892,1355.51170288295,7096.13709984755
232.337924920634,94.3714897894132,7096.1377993788
249.707852343829,1801.87020859535,7096.13864072255
344.222578392153,65.7021242966849,7096.14321345693
348.186183806392,22.1023442603663,7096.1434054413
354.73337481971,135.140260093536,7096.1437225663
0.841527256069359,483.927564687292,7096.14401842568
8.59712271925201,120.748716581076,7096.14439408193
19.2385662066301,1601.16175873526,7096.14490951943
36.7433342176539,100.353843290879,7096.14575739443
44.3115076287604,153.497173305261,7096.14612397255
52.9167927872888,1957.94624957557,7096.14654078505
87.7801976880303,494.679408546972,7096.14822945693
171.385917013012,32.8867905130537,7096.15227905068
176.271148588591,92.3081958092986,7096.15251567568
184.46287933904,344.813982922076,7096.15291245692
192.844935468812,896.251406423687,7096.15331845693
202.710561328411,319.471060716836,7096.1537963163
211.071326779757,1437.31915258627,7096.15420128505
228.013506121916,1070.50335262926,7096.15502191005
255.331641153589,1851.89508172812,7096.15634511318
339.856728525705,20.4320258628821,7096.16043923818
344.446794568979,142.186304397107,7096.1606615663
351.227537343746,76.0106075303746,7096.1609900038
359.587012444117,1099.86819651908,7096.16139491005
8.32842857900305,139.653011377305,7096.1618183163
20.0121451050414,160.790686321022,7096.16238423818
25.0477014425963,1551.57808823247,7096.16262814443
43.1876399517374,1704.47289615794,7096.16350678505
74.7529328838401,39.2816161542964,7096.16503570693
81.5633534681562,1426.40155242901,7096.16536558193
166.94006594942,41.2074541156215,7096.16950095692
172.022719759578,188.144735902007,7096.16974714443
182.837391550969,1009.21415668864,7096.17027097255
191.58687230434,181.951051447804,7096.17069476943
195.057889989248,473.566574843431,7096.17086289443
208.870991988558,1386.21314427212,7096.17153195693
223.091519191263,1607.15862840277,7096.1722207538
237.214948234175,110.426674748698,7096.17290484755
0.715112644147418,53.747613998345,7096.17888680068
5.63260273122602,199.392807820331,7096.17912498818
13.1140007527853,213.411566196697,7096.17948736318
22.7002677293066,285.427820267969,7096.1799516913
27.89485862281,1593.63400253909,7096.18020330068
50.1281124280592,131.97494486139,7096.18128672255
58.5737178175976,333.512772954236,7096.18169580067
69.0374168476583,343.941042313389,7096.1822026288
178.104792821688,48.7524985659515,7096.1874855038
183.232608577988,130.399496756084,7096.1877338788
189.935608232264,407.362615861828,7096.18805855068
200.134142089757,120.748716581076,7096.18855253505
204.838403330582,906.921426846452,7096.18878039442
218.560536299677,1281.64268087261,7096.18944505068
230.650387715689,265.79424772244,7096.19003064443
247.378692998553,1531.2953127733,7096.19084091005
350.453724710048,111.442889638713,7096.19583353505
357.774152611642,62.8146978876032,7096.19618811318
3.64262415697502,1101.50688570343,7096.19647236318
17.9631528467215,218.630225035099,7096.1971660038
23.1283884433124,714.043268956743,7096.1974161913
29.4075110694775,225.567203804289,7096.19772033193
36.2247059964123,89.5181567761583,7096.19805053505
40.2405701744927,1855.78707956324,7096.19824505067
67.4477359236053,2230.1387403445,7096.1995628788
165.483662869918,38.3436823958583,7096.20431142568
174.948315168335,133.038427496679,7096.20476986317
180.846142010581,118.073814614483,7096.20505553505
193.509227491001,1080.56585901295,7096.20566889443
207.619107961336,1766.82679597917,7096.20635233193
227.103259308955,1632.39965988993,7096.20729608193
359.610650089207,130.75922289385,7096.2137143163
3.87942118069951,68.5021761537286,7096.21392108193
6.34687605576634,80.219865472575,7096.21404059755
13.5111726911058,432.421043417008,7096.21438761318
22.7109824798072,272.63385993237,7096.21483322255
28.7062300695901,746.965600484373,7096.21512361318
39.4460620677368,91.1302977524286,7096.2156438163
43.0725658434115,224.062851605922,7096.21581947255
55.9898485131114,2515.93590405719,7096.21644514443
178.914914708037,688.318957386969,7096.22240173818
187.509877133873,75.5767878835023,7096.22281805068
190.606050714628,259.20918189648,7096.22296801943
201.797824686824,1386.21314427212,7096.22351011318
213.99703248423,1357.28484007558,7096.2241010038
225.738491765755,405.883993082057,7096.22466972255
242.978094679319,172.406991461038,7096.2255047538
248.543658661603,1875.12538829537,7096.22577433193
343.592445858366,28.547716274252,7096.2303781913
348.147350138001,139.113803809821,7096.2305988163
354.083887171512,70.2958247167373,7096.23088636318
1.21915109768292,409.570571902051,7096.23123197255
6.77213427062246,202.014044381471,7096.2315009413
10.6744484641931,497.708707580813,7096.23168995693
18.1732661112537,64.1832142989074,7096.23205317568
21.4987978127885,1318.63853169989,7096.2322142538
36.1799768210696,1595.14246256265,7096.23292536318
65.3116863658768,997.227855847882,7096.23433641005
171.818702983269,74.6386910610575,7096.23949526943
187.116342475637,278.227607619641,7096.24023623818
193.685791817952,266.359156952944,7096.2405544413
197.546815118306,870.385985507482,7096.24074145692
214.104150211365,1261.78578696567,7096.2415434413
224.323329496689,165.512339944662,7096.24203842567
230.194381743972,1990.83483032325,7096.24232280068
353.17421606642,74.1335118292774,7096.24827955068
356.982980527825,42.0536903911195,7096.24846403505
4.92567549289351,165.852567790559,7096.2488487538
10.2502682331768,453.460713423226,7096.24910666005
16.5435846074057,324.836768594849,7096.24941148818
24.0704671252961,296.280472378285,7096.2497760663
27.8640700754056,1171.85716685952,7096.2499598163
43.7991381425432,2199.73639303817,7096.25073166005
68.9372418382661,27.1779682092799,7096.25194926943
80.0551437804488,173.926026358906,7096.25248778505
171.613235552596,31.5565525099704,7096.2569225663
185.604404634522,276.873690641111,7096.2576002538
191.10706445742,808.056177525884,7096.25786678505
202.459485886728,183.902615358278,7096.25841666005
209.585072293248,32.8867905130537,7096.25876180067
214.528691837355,1290.99109180686,7096.2590012538
225.565624894271,2001.67749042635,7096.25953584755
355.426661020797,32.4735516255004,7096.26581978505
358.852839347307,118.629453482733,7096.26598573818
0.650607136105572,125.104843151647,7096.2660728163
14.691131804841,121.05952351682,7096.26675289443
19.3502310995248,1409.4401201703,7096.2669785663
33.3791426845927,1091.63744710372,7096.26765808193
41.5218405110826,49.4223412195183,7096.26805248818
63.4731241460243,205.151950982696,7096.26911573818
77.2542902215798,2609.776172946,7096.2697832538
167.603977506309,82.6993959424094,7096.2741595038
174.330203365474,159.264323951191,7096.27448530068
181.002880034714,887.487583423052,7096.2748085038
191.266898678436,274.830352919864,7096.27530566005
198.141513735559,958.491508384895,7096.27563864443
211.630417530949,2135.38320359419,7096.2762920038
232.891691239535,741.309791330025,7096.27732183193
248.39675311143,1795.18422349645,7096.27807284755
346.669457659075,37.8194593697589,7096.28283286318
353.21632608465,220.171700315852,7096.28314997255
358.879633327108,103.215082314367,7096.28342428505
2.29710189719782,198.82660795556,7096.2835898163
10.0894720627378,1344.824362981,7096.2839672538
25.2884004941473,78.4435572054321,7096.2847034413
28.9245818645807,1368.75377698686,7096.2848795663
37.0701829807645,517.257292553808,7096.28527411318
52.7233114628748,164.601693386501,7096.28603230068
60.7985889391198,2289.73306981572,7096.2864234413
170.591459265995,37.5389615225874,7096.29174145693
174.919586089247,557.534685086125,7096.29195109755
188.868173889427,405.513483903164,7096.29262672255
192.394998840912,675.08931778093,7096.29279755068
202.236753357688,1610.14868105269,7096.2932742538
227.466793884412,870.385985507482,7096.2944963163
234.109147568616,1421.33438352232,7096.29481805068
354.56055834552,89.1500970268133,7096.30065233193
1.21000888497829,105.73289466187,7096.30097441005
9.73464767087531,177.243275611971,7096.3013873163
15.8244127560556,1132.19233988104,7096.30168228505
28.2429785668473,461.673282936559,7096.30228380068
34.7385559167035,1261.78578696567,7096.30259842568
56.5516757631777,111.020602433509,7096.30367226943
67.9202264670126,1975.06810906134,7096.30422292568
173.315614093929,35.9408197647682,7096.3093279413
177.678580168183,813.24796896709,7096.30953926943
191.945882255749,159.028207269429,7096.31023033193
201.114401296183,1490.70811250596,7096.31067442568
219.81338004656,193.170701656697,7096.31158014443
225.924435735059,1447.32370532807,7096.31187614443
246.166339947022,576.619307857129,7096.31285659755
276.578067895054,1965.30236529213,7096.31432964443
338.165728410336,42.3042642583304,7096.3173127538
344.688402905344,138.843422869961,7096.3176286913
350.801394082752,85.3271966971825,7096.31792478505
356.276956798052,565.564928223239,7096.3181900038
4.74449800395014,511.999886931847,7096.31860014443
7.48647294593797,145.323142408671,7096.31873295693
16.2869221872849,1532.86505710781,7096.31915922255
27.8716049895133,465.240901359465,7096.31972034755
37.8769102906506,412.86032925747,7096.32020497255
48.659968708476,149.905379775994,7096.32072726943
54.59876381864,2146.61599606814,7096.32101492568
172.137874676791,32.328580784613,7096.32670814443
177.248915945523,448.461018320856,7096.32695570693
189.220378560869,168.214761564478,7096.3275355663
194.744974200127,235.829161754353,7096.32780316005
198.061473557498,1391.40821087125,7096.32796380068
212.814266519139,1155.32217126457,7096.3286783788
230.418390804163,888.164819468074,7096.3295310663
248.551554970685,1556.22137398836,7096.3304093788
347.461365430248,33.8198080651608,7096.3352002538
351.467874751529,132.472297020847,7096.3353943163
359.923480248462,136.935782157899,7096.3358038788
5.81808125082389,216.03664690506,7096.33608939443
10.0052382815619,587.465742718507,7096.33629220693
12.9059251917546,561.831747791786,7096.33643270693
18.2547117874966,30.5352791662994,7096.33669178505
23.7860817318198,345.031891946235,7096.33695970692
32.1678152362946,1538.34656124729,7096.3373656913
48.6093422306369,1527.36379099849,7096.3381620663
84.5056652381314,48.3412858354182,7096.33990076943
177.184877839989,56.6411431646152,7096.34440980067
192.109931342411,689.627965844153,7096.34513272255
201.885555897471,1018.70167856788,7096.34560622255
216.424474799818,494.679408546972,7096.3463104413
228.98755883075,1565.46631213672,7096.34691895693
252.017245068776,863.450533294952,7096.3480344413
347.381843263229,20.7740092489361,7096.35265359755
349.355097470247,90.5096483871937,7096.35274917568
353.178700892756,107.49522799669,7096.3529343788
5.61339594052005,133.038427496679,7096.35353667568
8.69892427594665,896.251406423687,7096.3536861288
19.1068159643222,731.512239671162,7096.3541902538
28.5111448053035,300.561880939298,7096.35464576942
32.1947462360845,171.094222123358,7096.3548241913
41.5326225651597,72.3376220035377,7096.35527648818
46.4759194839696,1840.17001636505,7096.35551592568
64.3587574765831,1573.89312693823,7096.35638211318
169.698983087517,39.3711972745958,7096.36148445693
174.564859548687,441.025577169185,7096.36172014442
184.139513479095,789.235343745531,7096.36218391005
195.333222977752,1091.63744710372,7096.36272609755
209.834076789212,1443.99658896788,7096.36342847255
224.528804407623,49.8010625793466,7096.36414023818
226.932709947816,838.72497835813,7096.36425667568
254.83117597426,2548.22918321906,7096.36560798818
343.791165849073,28.7934693449232,7096.36991692568
348.315747068564,224.230509160428,7096.37013608193
353.665501502645,99.8846838573542,7096.37039520693
4.86340456686413,1042.04267437069,7096.37093759755
15.3035548042922,425.412149951399,7096.37144328505
18.6436028791884,54.9147671780048,7096.3716050663
26.0059668870401,2102.46797749392,7096.37196167568
43.2478279148104,1298.42125939916,7096.3727968163
59.6941936502015,389.827253810537,7096.37359342568
83.715829651954,47.1110234157024,7096.37475695693
178.945587183471,73.9431779694932,7096.37936958193
192.316102178194,776.950725978054,7096.38001720693
202.783994773816,873.144778701374,7096.38052423818
215.476435476041,601.123761878597,7096.38113901943
227.241443475091,1542.24999437957,7096.3817088788
249.498215375031,2165.57838328413,7096.38278692567
348.246557097813,40.3143525506966,7096.38757558193
349.720126682691,94.9174211450909,7096.38764695693
357.538948893004,420.078721807826,7096.38802567568
3.76774816912743,491.019613857446,7096.3883273788
10.0529999248701,375.889819270725,7096.3886318163
15.8046956082557,329.203386773003,7096.38891041005
20.4221814219796,1297.49477828511,7096.3891340663
31.6894403629059,2144.37401169221,7096.3896798163
50.0974471840928,93.1188251507287,7096.3905714413
66.7463964077471,2018.42831337729,7096.39137786317
170.338209779139,165.171445964951,7096.39639551942
183.072586587622,114.273111806451,7096.39701233192
188.404598846011,1234.81325164931,7096.39727059755
200.371545195391,302.555674958072,7096.39785023817
207.34777464072,751.379625185677,7096.39818814443
223.341230601278,2360.07546838835,7096.3989628163
243.995398832792,781.580078434985,7096.39996323818
356.177980951797,138.368969060387,7096.4053970038
0.372234837789733,78.5632323085927,7096.40560016005
5.81715194275564,455.445237079743,7096.40586389443
17.7408719475639,273.734285238802,7096.4064414413
22.9754633833085,1289.12680530391,7096.40669498818
34.3453044005646,1540.68968694077,7096.40724570693
55.9220665190977,91.4390299588952,7096.4082908163
68.0796608355446,1443.1635886325,7096.4088796913
175.212815494229,181.019296774387,7096.4140688788
185.605868296607,738.058447691259,7096.41457228505
193.924375091505,934.350707915144,7096.41497520693
204.711949700189,147.37729092662,7096.41549772255
210.981072181406,1404.31188899726,7096.4158013788
226.840977792448,477.360206918576,7096.41656958192
238.038235718733,1379.25593168831,7096.4171119413
263.293437864147,2040.94163791524,7096.41833522255
339.688730806863,28.1542220093023,7096.4220355663
342.659096143953,91.8490769552527,7096.4221794413
352.213749784463,200.145219841907,7096.42264223818
359.332239335728,201.455213622026,7096.42298703505
3.66294682337571,727.391091803753,7096.42319680068
13.2330845253707,1242.57937272887,7096.42366034755
24.5571184585519,472.931360739892,7096.42420884755
33.1875652357701,2327.2381799444,7096.4246268788
58.8476119577365,63.9265515522958,7096.42586976943
63.6702619616738,1807.20127751499,7096.42610336318
176.142518464982,33.8371622388145,7096.4315713163
186.418150229925,821.340162548978,7096.43206903505
193.275990837035,343.941042313389,7096.43240120692
200.280930366235,165.852567790559,7096.4327405038
206.721345662556,1392.27218642901,7096.43305245693
225.781942532253,1011.59436383114,7096.4339756913
234.095933173847,589.509163706481,7096.43437839443
255.273012082174,2227.98091087384,7096.43540414443
341.691675051908,34.9804595012326,7096.43958998817
346.731102442388,162.765065314652,7096.43983408193
352.899578336183,107.844240482269,7096.44013286318
3.77231543324945,1357.28484007558,7096.4406595038
12.9672864433485,189.834842290182,7096.4411048788
25.1387519576691,99.41330397778,7096.44169442568
28.9842911589849,1308.56903091114,7096.4418806913
41.6080211599898,675.979328068621,7096.44249214442
57.0366302999228,394.998395103485,7096.44323945692
78.2217739018439,3282.43121572314,7096.44426559755
168.390490851819,166.078970020855,7096.44863308193
174.097347214361,38.6487265802149,7096.4489095038
179.999367622167,1096.58326863382,7096.4491953788
195.768304202994,952.829259937005,7096.44995917568
204.031003768868,810.285227803575,7096.45035939443
220.301560460743,2917.81820926929,7096.45114748817
257.117251590481,1395.72264856724,7096.45293072255
346.22885654069,119.497398087809,7096.4572470038
349.860521720265,26.4776117697707,7096.45742291005
359.52711244412,215.339759912503,7096.4578911288
5.58590929366874,1092.73856629954,7096.45818459755
16.6012291219678,231.324501220875,7096.45871814443
21.5645263682289,1532.08035147401,7096.45895855068
39.2754263702513,67.2216518560198,7096.45981641005
43.2374188833246,239.936320811651,7096.4600083163
53.8572491045324,388.281851115835,7096.46052270692
66.809371025235,2172.2315057815,7096.4611500663
177.045150944442,149.025430884464,7096.46648953505
181.574893530279,149.277382122115,7096.4667089413
191.474713427839,122.371640598473,7096.46718845693
194.248624331136,1350.17863556186,7096.4673228163
209.356733821065,1140.65756839921,7096.46805116005
224.761794205919,80.8614009084607,7096.46879733193
234.730002179401,1889.18103383173,7096.46928016005
354.908183277913,114.765315306631,7096.47510120693
3.72992316013239,124.351653973953,7096.4755285038
8.73902749046848,92.1044282509165,7096.4757711288
16.2491355207912,429.98091198676,7096.47613489442
23.8640838543116,151.64998423689,7096.47650373818
26.9963869619366,1476.93113294878,7096.47665545693
46.9718357254649,1331.34425706061,7096.4776230038
75.6667648075188,270.83610354417,7096.47901289443
172.492029189761,28.1750699160366,7096.48370280068
185.974481267829,184.718157436592,7096.48435584755
190.782937561257,257.901144884443,7096.4845887538
199.723066206588,316.160403412979,7096.48502178505
203.541830850495,861.359039650011,7096.4852067538
212.404539038187,1339.44855207346,7096.48563603505
236.666178481156,850.117309880716,7096.4868111913
267.329200403881,1950.562600328,7096.48829641005
335.983091631477,26.0528699308482,7096.49162178505
341.8570471309,156.527429906461,7096.49190630068
355.053043470636,107.669879956251,7096.49254547255
358.122442493983,259.354121512345,7096.49269414443
1.4282965309175,281.45044628225,7096.49285426943
6.22739785488386,1333.14947969865,7096.49308672255
18.7643524663415,62.8520777090635,7096.49369397255
23.9399107956249,399.162342068493,7096.49394466005
37.074938539991,1563.16015686997,7096.4945808788
59.5601008350335,2227.98091087384,7096.49566998818
181.386692686046,785.417009208089,7096.5015708788
196.971110542044,621.773355025113,7096.50232573818
206.764154685051,1458.90910463464,7096.50280008193
222.476316273623,924.647969302583,7096.5035611288
231.000955097074,1410.29299349782,7096.50397403505
356.130198114023,45.0728135370504,7096.51004595693
359.733475759917,109.40101602408,7096.51022048818
1.79898938567885,136.247998994143,7096.51032053505
7.00906434066723,191.999957599442,7096.51057289443
14.1269087164442,495.893326402097,7096.51091766005
20.3721598923919,678.199330028662,7096.51122016005
26.8290270134281,539.168931723566,7096.51153291005
34.5130085608046,1598.15494171767,7096.51190509755
58.7530347751568,1498.75289956469,7096.51307920692
77.1045892293864,501.919006357099,7096.51396809755
172.49144579039,68.7075882299659,7096.51858833193
179.429287557089,665.220378781584,7096.5189243788
189.864921641212,759.339369160728,7096.51942984755
199.587964769579,552.116297125593,7096.51990080068
210.623607400411,1515.50816340773,7096.52043533192
229.181616433383,135.209760054877,7096.52133422255
240.854042463498,2277.09406885879,7096.52189959755
347.984616420232,93.6219018976558,7096.52708866005
357.394751878154,74.764444635278,7096.52754445693
0.142533324422196,98.939675896581,7096.52767755068
7.08747198393048,1291.92223585761,7096.5280139413
21.4973567651743,188.44409366281,7096.52871191005
24.4257860335609,477.989592351236,7096.5288537538
34.4185104502455,191.608132138477,7096.52933776943
42.7137911529166,412.496092838666,7096.5297395663
49.3258217769765,1584.55337739838,7096.53005983193
182.713225200056,58.1551126699331,7096.5365206913
186.646507629258,220.512788584593,7096.53671120693
195.918899096997,232.620450679732,7096.53716033193
202.125117493935,138.165145990854,7096.5374609413
210.097167680809,1490.70811250596,7096.53784708193
228.486141975329,1027.5166273388,7096.53873778505
239.953403777677,148.520251652684,7096.53929322255
262.771796658358,1908.18094658596,7096.54039847255
340.185168746721,103.487780844791,7096.5441481288
350.781450325512,59.3147267413663,7096.5446613788
352.86664157832,92.359078718296,7096.5447623788
358.283493737348,1113.99045543692,7096.5450247538
13.986945531946,178.194778377438,7096.5457853788
21.3844713785441,1392.27218642901,7096.5461436913
33.9017482502943,1962.85343534441,7096.54674998818
49.9664955764681,74.512715442232,7096.54752811318
58.2146787689816,115.336899753071,7096.5479276288
82.4340595555026,425.412149951399,7096.54910073818
174.395879143645,60.335438034631,7096.5535892538
184.04569545504,113.033221671444,7096.55405666005
186.80347708381,116.310225339866,7096.55419023818
195.051982864067,387.894522058119,7096.55458976943
204.991158165935,1096.58326863382,7096.5550711913
223.525940994018,1493.93120096875,7096.55596895693
249.763415345953,786.18211940551,7096.5572398163
339.325671994344,27.2427028852329,7096.56157792568
357.716904365517,237.733610575219,7096.56246873818
0.919853700824298,191.804142013474,7096.5626238788
6.11670267098022,104.750971785528,7096.56287559755
9.63417265300378,58.0742849642935,7096.56304597255
16.1103949260038,1121.52109821295,7096.56335966005
28.9218695668287,457.749643745231,7096.56398020693
34.451949160177,588.998960715514,7096.5642480663
51.4841297317674,1642.68032509796,7096.56507305067
175.164296713264,24.8296903870848,7096.57106372255
185.146375809512,281.71734389737,7096.57154722255
196.32621414785,129.24165904149,7096.57208873818
199.405935866335,1047.22275295899,7096.57223791005
210.530289563392,1047.22275295899,7096.57277673818
229.164428627921,311.611070280549,7096.5736793163
238.104557310807,1504.35874868293,7096.57411234755
257.549353291672,1334.95225984603,7096.5750541913
345.232550565591,109.143097337672,7096.57930128505
347.840975195618,92.9168339491859,7096.5794276288
355.653990864097,66.2361485104235,7096.5798060663
0.529867470215368,613.988693221046,7096.58004223817
7.72771300558228,1002.03956243661,7096.5803908788
17.2049461884525,205.883324277956,7096.58084992568
24.9960260405715,239.46603033842,7096.58122730068
30.8625620969956,1673.14317955913,7096.58151145693
41.6282008517659,78.1435818830722,7096.58203291005
60.1374994734152,2378.34729688302,7096.5829294413
171.39910064412,52.8220037154803,7096.58831859755
183.142495452107,224.062851605922,7096.58888741005
187.409008466947,184.310816608857,7096.5890940663
190.470342834254,631.369179160401,7096.58924234755
202.128897704048,1539.12804723433,7096.58980705068
218.545585554783,1269.38692890377,7096.59060222255
231.219735592962,838.007774284222,7096.59123172255
267.334771438354,2637.27706339978,7096.59298101942
339.568714219617,55.9737707572783,7096.59647980068
346.030420081702,135.140260093536,7096.59679278505
351.735018292483,96.3418858579423,7096.59706909755
355.998628055184,306.259045901314,7096.59727561318
4.23229494944374,74.6386910610575,7096.59767442568
7.50750333849107,1567.7690257121,7096.5978330663
18.9602488050309,287.787849106991,7096.59838780068
27.7468268860579,760.130791643832,7096.59881339443
42.5957502442613,1614.62354597575,7096.5995326288
74.60814637181,3019.88767326122,7096.60108320692
172.326004243779,206.065775554265,7096.60581634755
182.808735762952,866.925198295121,7096.60632409755
190.433361616124,1448.98448795061,7096.60669341005
208.07264770234,745.354056252978,7096.60754780068
218.064727018645,1465.48828627857,7096.60803178505
238.697281983989,1504.35874868293,7096.60903116005
350.316952808832,24.0610795176899,7096.61443766005
354.117975239494,77.0539951289173,7096.61462176943
357.538992237211,148.140236189143,7096.61478747255
9.29593561777436,194.237681494513,7096.6153569413
13.6476111209971,1006.23098742147,7096.61556772255
19.4367266822276,22.2347730505223,7096.6158481288
26.6681210425144,1351.06892340531,7096.61619839442
43.3348125545215,94.3216962867588,7096.61700567568
55.09014303392,140.725223141125,7096.6175750663
64.8177023531449,1817.81634189804,7096.61804623818
176.390920880872,166.305094695396,7096.62345048818
179.931616992676,46.483684956744,7096.62362198818
189.956599958414,813.986877901129,7096.6241075663
202.149356076053,1378.38385150246,7096.62469814443
210.667865769926,208.60316252147,7096.6251107538
229.202326085373,1399.16456198819,7096.6260085038
240.583457560999,2473.51850113375,7096.62655976943
349.238305197258,106.969579027894,7096.6318374413
358.467147695128,262.522364957718,7096.63228445693
5.21627705877676,75.8249921184451,7096.63261136317
11.744758133173,1543.02937094286,7096.63292758193
26.9569125494149,117.275467115263,7096.63366441005
29.556627347914,1108.03755060118,7096.63379033193
48.2401220743609,1769.54706443411,7096.63469530068
83.7154712683307,290.90477249305,7096.63641361318
175.996799279118,44.4959451229021,7096.64088342568
180.672027885882,142.713910133985,7096.6411098788
189.331507297161,182.672474369205,7096.6415293163
195.034492569224,44.4431297319525,7096.64180555067
198.328088347004,959.118673371506,7096.64196508192
211.288274923746,1018.70167856788,7096.64259283193
226.209779960987,929.835375362842,7096.64331558193
251.274979352375,1809.86081677048,7096.64452966005
350.946091141464,154.473336899663,7096.64935741005
357.005210578757,129.749488930742,7096.64965089443
2.7104540025797,126.0027499006,7096.64992723818
7.79020452304445,1220.11822867307,7096.65017328505
23.7952735297156,520.155141181533,7096.65094851943
31.0382809736701,131.261182478859,7096.65129934755
33.8292888771703,39.9338825896045,7096.65143453505
43.3536194950904,2185.47713259909,7096.65189586318
83.0370938104809,1422.18015142248,7096.6538180038
169.781245372665,47.7301184687029,7096.65801961318
180.330429403744,835.132962784257,7096.65853058192
186.775360890922,229.202962165331,7096.6588427538
198.045200458691,227.392354945621,7096.6593886288
205.514017633352,1402.59814873644,7096.65975039442
217.114507159916,1273.17045794939,7096.66031228505
239.310310464487,618.379625283438,7096.6613873788
268.523311482305,2253.73875117896,7096.66280236317
339.894983758877,128.950572442221,7096.6662593788
349.129955386325,116.632856150822,7096.6667066913
356.120055991974,37.6014740177677,7096.66704526943
0.403666007018497,252.749959850362,7096.6672527538
3.46177453444112,1388.81317557349,7096.6674008788
23.8881975087864,635.640096113832,7096.66839026943
33.4493028666179,1747.66623395328,7096.6688533788
47.3091797132346,2230.1387403445,7096.66952470693
76.7696036903753,62.7024335231319,7096.67095167568
177.952585484208,56.1831761669573,7096.67587039443
183.210725637477,203.865715975304,7096.67612508193
187.110136578908,195.009994263806,7096.67631395692
195.247350488862,207.519515460497,7096.67670809755
201.837445296561,1387.94697956968,7096.67702730068
214.388271105893,1340.34605636657,7096.67763522255
227.540718438206,163.80069522981,7096.67827228505
245.127423135283,2538.77385780754,7096.6791241288
344.419497217104,101.840653965457,7096.68393351943
354.245767634841,45.6938271942153,7096.68440947255
356.893547706729,104.750971785528,7096.68453772255
1.79619887025676,1220.11822867307,7096.6847751913
19.8212969688053,591.545423755946,7096.68564826943
27.0259167716834,406.254113682891,7096.68599723818
36.1760484609388,1678.88303259645,7096.6864404413
58.158300256404,79.8089233589039,7096.6875051913
62.9715953659879,332.610189390792,7096.68773833193
182.965902840051,58.2358258838234,7096.69355047255
185.620779767194,139.248806929615,7096.6936790663
197.166752340602,886.809792266519,7096.6942383163
206.843988347339,144.934758639081,7096.69470705067
216.886068388388,1024.58685979911,7096.69519345693
236.138926088764,1381.86895259906,7096.6961260038
350.576056786773,41.3212866701151,7096.70166897255
353.370290605264,65.199748378042,7096.7018043163
3.91528107078232,146.225392905208,7096.70231508193
9.70310624348395,306.259045901314,7096.70259542568
15.7386770008056,1035.0956758387,7096.70288776943
26.9804516601905,47.3596301064916,7096.70343228505
29.1520958274638,740.092209738918,7096.70353747255
43.9839221854636,1607.15862840277,7096.7042558788
62.7316113096101,115.255416321958,7096.70516395693
70.9626975394738,265.086397277514,7096.70556264443
180.806858904514,49.8952927585616,7096.71088314443
182.403656068661,140.457936947946,7096.71096048818
187.654054191188,240.718139865592,7096.71121480067
201.737160141668,1257.01171693748,7096.7118969413
212.112470693248,212.352441186781,7096.71239948817
216.356402791348,824.992185677331,7096.71260505068
238.702208195042,1404.31188899726,7096.71368741005
348.019334102316,38.0053037651873,7096.7189898163
355.575571917119,85.1618914277097,7096.7193558163
358.960459312858,83.0394850104277,7096.71951976943
6.74863591283727,295.009433548543,7096.7198970038
15.7703786564777,237.891623067199,7096.72033398818
19.6655960323474,1481.80823167365,7096.72052266005
34.5267776121519,101.563528420723,7096.72124248818
38.2610249056103,762.105656360035,7096.72142336318
53.5847938174533,1649.98437135466,7096.72216559755
176.623661208809,31.2762107879117,7096.72812520693
181.705347218182,214.815595867002,7096.72837134755
192.569374558829,1175.95455595421,7096.7288975663
205.261170085566,319.000215132093,7096.7295123163
209.952205341559,633.270935690433,7096.72973953505
225.673399311848,1465.48828627857,7096.73050101942
249.519871520679,838.72497835813,7096.7316560663
348.98194806663,96.8282121149855,7096.7364736913
355.205908564151,154.229878868151,7096.73677516005
7.1276930424966,360.582508296403,7096.73735261318
10.1045100593543,101.655996120886,7096.73749680068
16.9681572082976,67.151735561044,7096.7378292538
20.9678922245134,1294.71144916238,7096.73802298818
34.5580877828114,432.768487712565,7096.7386812538
46.8466517092694,123.136958962711,7096.73927647255
49.9554061369232,1047.79662724042,7096.73942705068
79.224214458873,1415.39968634419,7096.74084473818
171.091020373456,61.3391698545129,7096.74529447255
173.285890632957,121.987198120621,7096.74540078505
185.424129834994,268.18694487396,7096.74598872255
192.413585265156,357.44243676028,7096.74632726943
199.165617918498,1329.53659193191,7096.7466543163
211.858381246021,1000.83874521317,7096.74726911318
244.388526796698,2308.56178617955,7096.74884476943
350.038434275746,106.264663735089,7096.75396211318
357.464670206215,186.136731028519,7096.7543218163
3.04023429589446,79.867765179209,7096.7545918788
5.00477867138418,683.497813902534,7096.75468703505
17.5866422520317,1052.37729641772,7096.75530523818
27.423880577949,1601.16175873526,7096.75578172255
46.7080290641465,587.465742718507,7096.75671578505
53.0084422936303,64.0366787374447,7096.75702095693
62.99665055701,2546.34091589878,7096.7575047538
174.647612130121,584.901571620833,7096.76291276943
185.636802538944,96.7311369892698,7096.76344505068
188.089741078204,171.204009302706,7096.76356386318
200.434757446727,1493.93120096875,7096.7641618163
214.319473361843,1348.39617249582,7096.76483434755
232.766190449404,861.359039650011,7096.76572784755
262.669201431132,2669.90451969207,7096.7671762538
340.139025999114,105.019680451957,7096.77092864443
345.726848310395,81.2091921487124,7096.77119930068
348.780118059215,54.9147671780048,7096.7713471913
356.204095837924,693.973489784838,7096.77170678505
3.5906537763422,248.703307947906,7096.7720645663
7.42909608484903,326.22202161825,7096.77225048817
15.5317933690979,1344.824362981,7096.77264295693
30.8229811441447,112.533440899121,7096.77338361318
33.4778580712877,952.198098147505,7096.77351220693
53.5107270401122,3090.73122650716,7096.77448253505
175.392480944661,98.3683204336394,7096.78038609755
185.768759334579,21.9691157626878,7096.7808886913
191.799168725554,1144.86653490786,7096.78118078505
207.226810027148,731.512239671162,7096.78192805067
219.452147281584,1482.61958266005,7096.78252020693
239.691148241407,910.230169015591,7096.78350051943
0.296109657723083,211.998224530774,7096.78934223818
4.0858415924613,68.4335713097006,7096.78952580068
10.5152889430476,516.093612290547,7096.78983722255
19.5631611061632,187.944909635362,7096.79027547255
25.8167994507868,1265.5920755833,7096.7905783788
39.6276434109988,386.146836728329,7096.79124733193
50.9397417103226,74.3865247176956,7096.7917952538
56.9066017288702,197.308835936383,7096.79208426943
72.5242458595981,2014.85073070273,7096.79284073818
165.942166887516,28.4446927817372,7096.79737497255
170.046096956334,144.02443127004,7096.7975737538
177.955243021376,227.227042737255,7096.79795684755
185.974713231043,240.718139865592,7096.79834528505
189.355729648966,1456.43441751275,7096.79850905068
208.724072897868,119.73301516921,7096.7994471913
215.103196935967,331.251664986709,7096.79975617567
219.591326040844,1423.87024393287,7096.7999735663
236.753508534322,2506.35845411296,7096.80080484755
348.343501512063,41.0074890710987,7096.80620991005
354.194230844151,92.0534204418288,7096.80649330068
358.842362268209,160.673765958741,7096.8067184413
6.79828321810994,304.042430121498,7096.80710380068
11.2622184299752,399.914795723433,7096.80732001943
15.5884096892105,1384.47708852851,7096.8075295663
31.6750928317443,107.669879956251,7096.8083087538
37.1442037546149,1438.15548359072,7096.80857366005
55.995765381174,1545.36561325358,7096.80948676943
179.307217350542,55.4256120166574,7096.81545958193
185.036654667377,855.756632223148,7096.81573709755
196.611014812021,943.316647017411,7096.81629772255
205.68179047962,485.168405450764,7096.81673708193
220.793298270887,1704.47289615794,7096.81746903505
244.417831801937,113.778771126949,7096.81861333193
248.373372597689,1422.18015142248,7096.81880492568
346.368653751165,30.5352791662994,7096.8235515038
350.144191975394,108.711872837119,7096.8237343788
354.996842451731,126.374979925181,7096.82396942568
4.87311359421215,139.921838004931,7096.82444780067
9.21059538692511,1153.23861571426,7096.82465789443
21.1691546051821,1102.59801289203,7096.8252371288
34.1409541529306,84.9962600302234,7096.8258654413
44.3707788337991,1817.81634189804,7096.8263609413
66.6688416269553,322.747772951715,7096.82744098818
81.1042106521867,789.235343745531,7096.8281401913
174.881044064211,110.596691527132,7096.8326824413
179.702403754727,177.983780491608,7096.83291597255
184.511827811386,146.353817953582,7096.83314892568
193.960673460575,402.537170263173,7096.83360659755
201.523040367402,1318.63853169989,7096.83397289443
221.054611737814,1133.25393513719,7096.8349189413
232.825748903995,1308.56903091114,7096.83548909755
351.5854294737,27.6279294580961,7096.8412565038
357.686162391952,94.3216962867588,7096.8415520038
6.70403412022172,167.767383318917,7096.84198880068
13.3883238731291,299.308994256009,7096.8423125663
18.4642033782227,650.136111612909,7096.84255842568
25.9981827889218,526.474197570792,7096.84292334755
30.7376057558317,71.8162682100676,7096.84315291005
43.7800515688167,1444.82914521404,7096.84378464443
60.5796481421897,2420.44539966457,7096.84459836318
171.998025754637,73.0484145394783,7096.84999511318
181.046543055686,762.894192263275,7096.85043339443
187.953739212052,839.441516298223,7096.85076795692
203.687514066793,1638.28228760821,7096.85153005068
227.113980225331,1406.02340881202,7096.8526647538
239.783517385519,972.812164157233,7096.85327842568
350.267042776684,49.9893494654291,7096.85862989442
357.24875613855,97.8896408376784,7096.8589680663
5.99630140301306,255.41210812996,7096.85939176943
12.0573563667683,265.086397277514,7096.85968534755
17.6264687766804,59.1164200924865,7096.85995509755
21.0313564998714,1189.17364844151,7096.86012001943
32.2724860213228,1229.9343765676,7096.8606645038
60.3838583062758,622.739582123444,7096.8620261288
75.3318153507355,1859.67075072568,7096.86275016005
172.419018953,53.2206639869415,7096.8674527538
179.936869089173,780.810416323163,7096.86781689443
194.329979457957,894.236573678597,7096.86851405068
204.363349667478,306.994346610523,7096.86900003505
216.230939817964,1849.29593860517,7096.86957486318
233.990550193756,1340.34605636657,7096.87043508193
258.374126902572,46.3571993292167,7096.87161614443
349.044141413405,37.4136242820011,7096.87600791005
354.043245561238,56.5166108357218,7096.87625005067
1.8788422215648,102.941662138978,7096.87662958193
6.928914894927,167.767383318917,7096.8768741913
13.7857877763592,287.26507284027,7096.8772063163
20.2078156463929,450.801118656585,7096.8775173788
23.5217343018141,565.033075883292,7096.87767789442
33.6157685612487,163.111010809125,7096.87819642568
37.1003348187322,1754.5332964275,7096.87836520693
66.0107508612459,124.653481980985,7096.87976553505
72.797622690483,1583.0348143453,7096.88009426943
172.777448584454,41.4348069743831,7096.88493697255
174.648443265331,195.10631998898,7096.88502759755
186.313449814893,314.491988007148,7096.88559261317
192.932899919506,1319.55024684771,7096.88591323817
211.743493240592,1386.21314427212,7096.88682436318
228.491476150503,1719.92364794704,7096.88763558192
359.117226966995,109.572628748111,7096.89396267568
2.89018445171949,67.8822345556718,7096.89414542567
8.06961387148191,203.127056841446,7096.89439630068
17.3387794993371,1052.94839514158,7096.89484526943
28.3853900759034,338.877925720737,7096.89538033193
34.1435374766103,1023.99977386369,7096.89565923818
45.9891917731834,57.0542849076539,7096.8962330038
60.9765042595043,1850.596009767,7096.8969589413
173.419412734921,66.2715993193785,7096.9024053163
187.307354527475,74.5757275377734,7096.9030780038
189.485772962259,1016.33812477075,7096.90318351943
198.702357200975,237.417252524352,7096.9036299413
219.026520686734,1989.62646358325,7096.9046143788
239.324877265654,677.755851441475,7096.9055975663
274.291509530875,1431.45073572271,7096.90729123818
344.15799881145,47.5575863412292,7096.91067534755
346.695777251348,144.154826964282,7096.91079826942
350.94358036482,99.1293991337017,7096.91100401943
359.908548078652,528.753318906894,7096.9114382538
5.94057037079178,302.803976337529,7096.91173042568
13.1342222654899,503.115493710737,7096.91207886318
16.8942763531257,41.2644120262318,7096.91226098817
22.6424236088838,1465.48828627857,7096.91253941005
37.5868322257159,1380.12756778494,7096.91326326943
59.3329516328903,443.743791711526,7096.91431658193
70.8037619004189,304.53639610073,7096.9148721913
175.717024705211,35.8754137508299,7096.91996608193
184.574894114301,180.291254148202,7096.9203951288
191.912741603842,182.260595504857,7096.92075055067
195.636988752352,298.55476424423,7096.9209309413
209.288798119061,1126.86937558948,7096.9215921913
218.287959908408,1096.58326863382,7096.92202808193
234.227544166405,765.254859480535,7096.92280014443
357.909001386214,69.7592053566787,7096.9287908788
0.584523816296008,41.8577672522957,7096.92892047255
6.98719657191967,246.578896190286,7096.92923059755
18.5770407780482,449.799697488373,7096.92979197255
24.0774425618478,307.972036761583,7096.93005839443
31.6430352710043,57.6684498765356,7096.93042484755
34.0956512225199,1415.39968634419,7096.93054364443
63.5480105436207,1691.72631458991,7096.93197022255
175.848658913102,170.874453475633,7096.93740970693
185.857190016569,83.6594057918028,7096.93789448818
193.634721333666,1172.88290191198,7096.93827120693
200.951278219889,812.508227365782,7096.93862559755
215.666328678387,225.066881798242,7096.93933834755
225.124206746847,1417.09799450496,7096.93979645693
237.562450259793,1797.86163734263,7096.94039892568
356.297384758463,99.8846838573542,7096.9461500663
1.34842515750252,70.6291344854115,7096.94639472255
5.88849051358643,251.408310836254,7096.9466146288
11.2579226122674,426.823132393395,7096.94687470693
19.1712622804236,272.358052777477,7096.9472580038
28.6643021500763,79.0401008532449,7096.9477178163
33.6734064804123,2506.35845411296,7096.9479604413
65.415153631519,768.782315585526,7096.94949791005
82.9476640007366,54.70050801204,7096.9503471288
174.513497766072,56.0157129014804,7096.95478228505
180.966493909291,125.554594498922,7096.95509484755
189.20532209479,273.459588306935,7096.95549391005
196.932530099399,704.720060085151,7096.9558681913
206.121049429731,1073.30799803407,7096.9563132538
218.554131576329,851.530623791064,7096.95691547255
240.973486459846,1604.16302463773,7096.95800139443
353.076840789578,123.289448095143,7096.96347361318
359.794356817215,59.4729057667998,7096.96379898818
4.21054941854322,389.63440807116,7096.96401289443
9.33513929740553,181.537535004495,7096.96426111318
18.3220427900434,231.324501220875,7096.96469641005
19.6817398026674,912.209696668498,7096.96476226943
36.3619798121431,1509.14714058814,7096.96557020692
53.1657700637389,273.596978406232,7096.9663841288
59.1490819445566,362.038593548775,7096.9666739413
77.4048285148599,67.7090258860424,7096.9675581913
171.191984697131,34.4732228874101,7096.9721009413
182.563438653106,77.4795436142561,7096.97265173818
191.496792993372,233.265712301645,7096.9730844413
198.05946810573,266.641153601199,7096.9734023163
204.501818853405,1022.23685072289,7096.97371436318
221.634323462226,886.131612531926,7096.97454420693
235.78710780205,1623.53597232823,7096.97522972255
359.217916297762,103.487780844791,7096.9812083163
4.32960281708903,178.826314867209,7096.98145591005
9.37032048343626,194.81720403558,7096.9817000663
15.4239560041928,329.659632924972,7096.98199328505
19.4514333034946,463.298316377703,7096.98218836318
28.9473763877334,1754.5332964275,7096.9826483163
45.7689088150204,59.2751195349628,7096.98346309755
49.8728388462849,566.096169940522,7096.9836618788
65.6495174954074,102.85036017299,7096.98442605068
73.8667324898435,1006.23098742147,7096.9848240663
167.042266929076,47.5328873483782,7096.9893371913
180.82827174568,256.8791568347,7096.9900049413
190.30260167641,210.039360903913,7096.99046384755
193.111029167858,117.755125095265,7096.9905998788
198.233360970068,1018.11126196338,7096.99084798818
214.505853225959,78.6229970017871,7096.99163617568
221.670149861299,1081.67808043902,7096.9919831913
240.119447575701,1697.40332900403,7096.9928768163
354.06173250528,75.2029480355354,7096.9983958163
356.943064263509,102.02497874312,7096.9985353788
10.1397058162865,383.216264276953,7096.99917458193
13.9365346062797,410.670081274489,7096.99935848817
19.571131877528,57.8311253052188,7096.99963141005
21.7895508921075,1513.92054448252,7096.99973886318
45.6234422540401,1602.66311333146,7097.00089330068
62.859638259389,1074.4277689767,7097.00177176943
170.965064942092,56.2667204495604,7097.00700805068
180.151003608028,181.123060993826,7097.00745298818
189.642107951218,750.57904336262,7097.00791270693
201.62486098738,1010.40498190486,7097.00849311318
210.391761366253,167.206484769089,7097.0089177538
225.131650893251,1590.61286364448,7097.00963170693
237.302148606787,923.346565873118,7097.01022120693
258.213094729531,1343.03479448761,7097.0112340663
342.218174601866,23.9877596952542,7097.0153030038
346.624044432948,103.850261723437,7097.01551641005
352.437676474935,136.11001214997,7097.0157980038
4.09784428344802,567.68711953481,7097.01636278505
7.44789250329298,235.669761483592,7097.01652505068
12.9653912121885,1311.32293912373,7097.01679230067
28.3617418406229,76.1957719142003,7097.01753805068
32.6956752057083,141.789330276865,7097.01774797255
37.6415528264682,711.09007571124,7097.01798753505
50.3778651238595,1816.49284503038,7097.0186044413
73.2527104090515,550.753442851715,7097.01971242567
173.924481755841,37.5702351174123,7097.02458864442
178.938424902333,88.6746231998359,7097.0248315038
187.45145067967,300.061336888646,7097.02524384755
192.047968365158,186.540075053365,7097.02546648817
197.74643752147,276.602130089287,7097.0257425038
204.910411569065,1386.21314427212,7097.0260895038
219.2138431835,962.247947988715,7097.0267823163
236.937001482232,1647.06659422365,7097.02764076943
351.201549089269,108.798248188435,7097.0331753788
358.071970543277,75.2653842028828,7097.03350816005
0.788461241277698,96.8282121149855,7097.03363973818
6.22305561355113,306.994346610523,7097.03390297255
16.94643567432,259.788413004003,7097.0344223788
20.1168039103852,1198.2399517052,7097.0345759413
25.5310753299096,268.746802589703,7097.0348381913
36.0741303065191,69.8937435705815,7097.03534886318
44.6861897325585,1553.90145195611,7097.0357660038
77.098591658057,104.12128798043,7097.03733595693
98.522448387773,1977.50171793132,7097.03837366005
170.699616064119,53.043854031376,7097.0418696913
172.684483354804,223.39100014257,7097.04196583193
178.007147088915,205.517963758339,7097.0422431288
186.130167213252,130.327443281786,7097.04263658193
191.773151653176,1326.82054232447,7097.04290991005
207.321439907196,1405.16787094924,7097.04366301943
219.045802188517,802.081512318864,7097.04423091005
235.100549369742,1563.92920835913,7097.04500855068
347.233453389301,24.9241009775414,7097.05043991005
351.954166454842,95.951038781017,7097.0506685663
358.408130323739,79.3958648825921,7097.05098117568
6.18050019938123,206.430164628735,7097.05135764442
14.3015848348087,1300.27222322582,7097.0517510038
28.4356591981565,59.0766741082049,7097.05243561318
34.3809060631956,1212.20822268953,7097.05272358193
51.526314069106,833.691837787143,7097.05355405068
66.829437515564,59.0766741082049,7097.05429528505
181.442054631791,61.1474273992663,7097.0598467538
188.259572108916,134.023375730763,7097.06017697255
197.053569595388,423.286822259783,7097.06060292567
208.628897503262,1024.58685979911,7097.06116359755
223.331367152416,1068.81714589946,7097.06187573818
244.067794582619,1596.64936827397,7097.06288014443
347.79219050274,102.300848348058,7097.06790422255
1.85884455339684,131.261182478859,7097.0685855663
5.26695811647173,187.744861324113,7097.06875064443
11.7896326114803,127.411456385396,7097.06906658193
15.5435576070924,86.1489907189039,7097.06924841005
21.8730035457449,1671.70510767534,7097.06955498818
39.1022837266165,43.427459545109,7097.07038951943
43.466540114292,519.576826008006,7097.07060091005
62.5148786872806,2453.99567333493,7097.07152355067
168.279949164665,39.7865768109185,7097.07664647255
180.165604078587,287.526558118145,7097.07722217568
187.034412593876,233.10456342962,7097.0775548788
190.437042202861,157.126464617185,7097.0777196913
200.136214063512,1436.48226647031,7097.07818948818
215.499015791919,417.20632504294,7097.07893361318
220.338117658127,1136.4328367236,7097.0791680038
241.761006587057,2506.35845411296,7097.08020566005
346.087837770889,29.7167013219024,7097.08527934755
349.808859041961,77.9630388025865,7097.08545958193
352.745352928833,194.527671748546,7097.0856018163
1.24612040946169,618.379625283438,7097.0860135663
8.17428461895624,169.881955724982,7097.08634914443
11.4382025496337,493.767027265335,7097.08650723817
16.6892458852022,47.8284287175335,7097.08676158193
21.8970627635382,1940.67362180306,7097.08701383193
36.8492134111127,121.987198120621,7097.0877380663
42.3325181571548,223.559143419649,7097.08800366005
53.4200970391936,1885.35809186874,7097.08854070693
181.36968028767,37.4763449439985,7097.09473817568
185.362963549011,288.830542816143,7097.09493159755
189.09269465161,133.461450224637,7097.0951122538
198.246374768493,129.023403072637,7097.0955556288
203.834197154882,1438.15548359072,7097.09582628505
214.676288641614,1107.49476256444,7097.0963514413
232.194282675024,352.360030042576,7097.09719995693
247.936122148252,1842.78203807509,7097.0979624413
351.61890454986,48.0488947240953,7097.1029845038
355.931547198965,52.9995561326935,7097.10319339443
359.1132058934,441.366249104291,7097.1033475038
12.2204912795727,443.404896133259,7097.1039823788
17.2837899753213,1347.50410829554,7097.1042276288
28.1223330719805,326.912413806113,7097.10475261318
36.9037497866612,1593.63400253909,7097.10517795693
53.7527019092905,51.3794909395848,7097.1059940663
76.2539934413054,346.336348489018,7097.10708395693
182.286809680545,50.0832222916081,7097.11221984755
188.927873013774,218.80203204816,7097.11254151943
196.1499124046,724.907078808457,7097.11289133193
206.174895370337,210.575404335778,7097.11337691005
213.759843231457,52.3306259436751,7097.11374430068
218.326038007016,1613.13329360979,7097.11396547255
236.826626797138,726.564031161558,7097.11486158193
261.741178913915,953.460088659597,7097.11606836318
341.28393647555,47.4339630074372,7097.11992116005
353.212495221407,118.15334821641,7097.1204989413
357.91707908753,117.195336768461,7097.1207268163
1.17648082734853,306.013547834993,7097.1208846913
8.63368488078764,50.8279980604431,7097.12124589442
14.1379576799585,1127.93596684924,7097.1215125038
21.5258059317977,322.281701325977,7097.12187034755
31.076265931639,769.173280623647,7097.1223329413
43.8064491370065,1584.55337739838,7097.12294955068
73.8843123811795,2514.02343387497,7097.12444295693
171.601847627851,492.852869626859,7097.12917608192
183.715247798942,692.672696978036,7097.1297628163
190.104694569733,247.187714741415,7097.13007230068
199.258052136426,1676.01554856844,7097.13051566005
221.752891951119,1443.99658896788,7097.13160523818
236.587621561259,977.743996877223,7097.13232378505
255.479183805167,21.4963151445868,7097.13323883193
348.173743523628,25.1585731414483,7097.13772866005
354.539964164638,74.0701180945713,7097.13803701943
0.849732363583424,124.879370733133,7097.13834264442
7.18337194290493,206.612116304683,7097.13864942568
13.5428183164037,325.760918240547,7097.13895745693
24.1720035070729,469.742300612808,7097.13947230068
27.4001144610703,1231.88814704633,7097.13962866005
40.1367493837592,972.193880954819,7097.14024558193
58.2560424275152,141.125194863534,7097.14112322255
62.8003013491603,508.760311657142,7097.14134333193
176.780973844708,41.2928614912378,7097.1468641913
182.92267514354,90.6652045107315,7097.14716167568
189.97632504651,228.874821872616,7097.14750333193
194.375098022337,152.268198050365,7097.14771639443
204.134270715126,827.902246758327,7097.14818909755
216.482190373343,1056.93798158057,7097.1487871913
226.637820361348,193.073418364165,7097.14927909755
240.739958838494,1407.73281920303,7097.14996216005
353.359644007997,41.5197425052138,7097.15541709755
355.20547703263,151.401988168764,7097.1555065038
0.728137145425709,78.9211473950502,7097.1557740038
11.2573209617151,711.512737616715,7097.1562840038
23.2913650735957,354.274498626239,7097.15686689443
30.6876005316649,1688.8807019555,7097.15722514442
47.482680951733,60.4909455859115,7097.15803864443
56.0079649506715,599.621519103977,7097.15845158193
79.4147534070558,174.788114537527,7097.15958533193
177.558746421342,74.6386910610575,7097.16433911318
184.550137340413,90.6652045107315,7097.1646777538
190.937003446808,230.021252045631,7097.16498711318
197.326060469453,125.778873427684,7097.1653066913
203.650022491569,1098.22695382178,7097.1656130038
217.591513398941,811.767986164114,7097.16628828505
237.503735452893,1765.46499641717,7097.16725276943
269.794522737841,22.0091687930246,7097.16881683193
352.700877129452,37.4449984907876,7097.17283255068
356.318348523409,74.5757275377734,7097.17300776943
4.04168547509294,183.698153910505,7097.17338186318
11.2088854001261,200.520378079716,7097.17372901943
15.0986187843519,263.237098785396,7097.17391742568
25.033923070848,522.749454834326,7097.17439866005
29.9020576086703,674.643840792299,7097.17463445693
40.6667286753169,1967.74840865999,7097.17515586318
68.4413219094503,502.816621672508,7097.17650117568
176.92159273386,66.8713556750689,7097.18175561318
185.426553817603,138.843422869961,7097.1821675663
197.204465251295,890.193363467517,7097.18273805068
203.015516591332,833.691837787143,7097.18301951943
211.693060841154,312.09307360669,7097.18343983193
228.112006806095,2023.18872766227,7097.18423511318
253.882377672687,791.517407172648,7097.18548334755
337.21325430545,23.3300948004889,7097.1895196288
353.141870617712,174.788114537527,7097.19029116005
359.612286311325,239.936320811651,7097.1906045663
7.56272330713609,207.157041520745,7097.19098966005
12.8479606431119,434.847491348478,7097.19124566005
16.3486561751217,284.372608794214,7097.19141522255
24.5668389327889,75.7009940843822,7097.19181328505
28.7217374520283,733.973937183663,7097.19201453505
32.0743663362694,1717.12477570196,7097.19217692568
61.7296318084851,929.835375362842,7097.19361333193
177.724849479374,95.2138853871354,7097.19923176943
186.929175458934,152.514778584134,7097.19967759755
200.170656370109,933.062849206578,7097.20031897255
207.759152658856,337.099043123956,7097.20068653505
215.305390328711,252.601245476214,7097.20105205068
226.935235114634,122.141116665198,7097.20161536318
229.784630949108,1106.40852035715,7097.2017533788
243.617733200762,20.7881368369245,7097.20242341005
256.707921586731,2287.63163967471,7097.20305745693
342.071395713856,103.396957662483,7097.20721767568
345.052406371382,28.4859479754429,7097.2073620663
347.577603964381,91.9002096644306,7097.2074843788
359.556163472536,566.096169940522,7097.20806458193
8.34758033216537,275.513140080008,7097.20849041005
14.0041133071121,1728.29317524048,7097.20876439443
30.8633881999878,78.2036727042801,7097.2095810038
33.3447142353746,541.394595821032,7097.2097011913
46.2597387908683,965.367008554097,7097.2103267538
61.8273821592986,75.7009940843822,7097.21108080067
66.0584108227567,1966.52583106527,7097.21128573818
172.013483979059,36.1688110017688,7097.21641786318
175.90450771426,175.752926101502,7097.21660633193
179.221974797308,207.157041520745,7097.21676701942
188.603077583616,156.887114410864,7097.21722141005
194.022832957231,1169.80314324167,7097.21748392567
208.928531345243,1358.17046498232,7097.21820591005
221.837749396457,863.450533294952,7097.2188311913
242.684178383541,389.441479065056,7097.21984092567
260.519596390915,1863.54642828235,7097.2207048163
348.092146932464,164.487493070631,7097.22494655068
351.452517885002,97.40860201779,7097.2251093163
358.646492367444,29.5383370541025,7097.22545776943
3.1046210750292,118.391643710858,7097.22567370693
8.51502147918234,1247.40862084138,7097.22593576943
20.0235742122996,565.564928223239,7097.22649320693
26.9762549025505,324.373694571278,7097.22682997255
35.0305643632204,1356.39866005732,7097.22722009755
44.8132858110892,79.5141036347147,7097.2276939413
55.8053794344992,565.564928223239,7097.22822636318
90.8913682260631,3073.5647360558,7097.2299258163
117.92498308342,142.05410459045,7097.23123523818
174.709993809554,679.527822899928,7097.23398572255
185.257242389278,237.258906965465,7097.23449659755
192.612832092065,1448.98448795061,7097.2348528788
208.256283054524,823.533297111823,7097.23561059755
214.642503947878,1120.44840072656,7097.23591992568
236.934437649011,1521.84276291933,7097.23699967568
347.540545519065,21.3042569696675,7097.24235708193
355.175816655119,204.785285951026,7097.24272691005
0.616217569225714,95.5094267562906,7097.24299042568
7.82567615070633,698.291979794874,7097.2433396288
10.7147499772315,110.596691527132,7097.2434795663
20.0313356654342,192.488636141519,7097.24393083193
25.2004422773964,1146.96530051361,7097.24418120692
37.7938493309191,583.872672432761,7097.2447911913
52.0688934867805,119.340051729644,7097.2454826288
57.6883291716261,2006.47787274022,7097.2457548163
177.134228860341,57.7904980814115,7097.25150341005
181.949459421279,966.611901631609,7097.25173664443
192.905746105563,663.863242156282,7097.25226733193
199.1887397471,187.744861324113,7097.25257166005
209.642761182402,77.1149394340753,7097.25307801943
212.914743731565,2090.9978193373,7097.2532365038
236.640246475334,1186.13618926844,7097.2543856913
249.510109084687,863.450533294952,7097.2550090663
339.335272753884,24.7823497834254,7097.25935991005
353.353538943408,115.986692472703,7097.26003891005
359.519756760551,238.365022164899,7097.26033758193
4.38208475653972,160.205335109076,7097.26057309755
10.0544244933767,60.7234540428436,7097.26084784755
14.3893255841396,1083.89919262208,7097.2610578163
24.0530130183008,847.992898123096,7097.26152589443
36.548031523501,945.226785731279,7097.26213111318
55.381850936815,1837.55433091903,7097.26304336317
94.6788681019395,2283.42256214376,7097.26494678505
164.275676094196,121.678750408805,7097.26831783193
168.189925959178,208.963138459417,7097.26850742568
179.363957755682,177.13724931312,7097.26904866005
185.97114960114,1306.72983544855,7097.2693686913
196.65614209594,1516.30152878113,7097.26988623818
212.133784159832,419.362489179065,7097.27063592568
227.463359613509,2012.46197484295,7097.2713784413
255.466988418232,2659.07318386382,7097.27273484755
338.467537679942,20.2443738855917,7097.2767551288
341.444677284543,81.8429699012135,7097.27689933192
348.149612502836,79.867765179209,7097.27722409755
357.938140492538,424.704882373561,7097.27769822255
3.23273279797533,428.58033788562,7097.27795467568
7.70376486509544,158.791729765184,7097.27817123817
15.4106499920633,1924.49589597743,7097.27854453505
29.434400210785,86.0398696733711,7097.27922380068
32.3705714723601,425.412149951399,7097.27936601943
41.7116736037652,862.056814820988,7097.27981847255
51.0005170088819,1742.1530884576,7097.28026839443
180.248183424017,73.1126964526041,7097.28652873818
182.041757609701,158.910024028458,7097.28661561317
195.511306290681,389.248466792225,7097.28726803505
202.01269018237,1251.25876326848,7097.2875829413
213.218657902629,1016.92954057597,7097.28812572255
239.759789153454,950.934442300877,7097.2894387538
254.499356130262,2017.23637793805,7097.2901526913
339.659291337645,36.556348226302,7097.2942775663
345.575828081259,119.575988000165,7097.29456414443
349.434270679663,83.4345162403771,7097.29475103505
359.375381507993,587.977277977103,7097.29523255068
2.01477437365137,285.953954959339,7097.29536039443
10.3655396800485,507.873187949315,7097.2957648788
15.7817466260354,69.5569019049103,7097.29602722255
19.0805037701616,1495.54024719833,7097.2961870038
34.4910481091058,1016.92954057597,7097.2969334413
45.5341102955986,127.263907745423,7097.29746833193
54.7210166872114,1579.99358041394,7097.2979133163
89.7673274867241,64.3294167934627,7097.29961084755
172.430129971937,35.7770792158707,7097.30361476943
178.506991622475,144.675244007075,7097.30390911318
185.469349869931,97.0704627789587,7097.30424634755
192.472353872669,248.854353790406,7097.30458555068
199.62632781287,1346.61148898374,7097.3049320663
214.191698722435,386.341403313395,7097.3056375663
229.61966268688,1513.92054448252,7097.30638484755
244.565684167323,583.872672432761,7097.30710878505
350.32172226299,66.307022372758,7097.31223126943
353.72048081905,73.6886454633101,7097.31239589443
358.223126259735,46.0011889691359,7097.31261398818
6.26550008654757,304.783087656801,7097.31300353505
17.4201767310877,1303.04367296219,7097.31354383193
30.701013009016,185.327447832506,7097.31418711318
38.3508005184313,548.839640401866,7097.31455764443
50.3661347289432,192.293320155912,7097.3151396288
59.5785254020974,1911.95836940494,7097.31558584755
88.2750673853163,620.805629125698,7097.3169758163
174.540824928679,135.833649883565,7097.3211542538
183.239659744266,108.452309632856,7097.32157559755
189.496201416137,247.339704273486,7097.32187864442
194.764986927397,1151.15139642796,7097.32213384755
208.362601966248,852.941661744211,7097.32279247255
217.224987566196,144.285111636222,7097.32322173818
225.857369869877,1664.49642957645,7097.32363986318
256.811041096495,1673.14317955913,7097.32513916005
343.281317729691,49.0885630755056,7097.3293275038
351.366654258824,82.2437465353154,7097.32973366005
357.685777427231,290.387602852604,7097.33003973818
2.98940215193895,370.452057918413,7097.3302966288
9.20755614518035,753.776374651238,7097.3305978163
21.6109604446769,1670.26592556851,7097.33119859755
35.7614866702947,160.205335109076,7097.3318840038
44.4777411489367,1686.03031536207,7097.3323061913
71.0345748886371,75.2029480355354,7097.33359251942
82.4586102713057,892.217244530258,7097.33414586317
174.259286261727,38.9212238827152,7097.33859239443
177.806111465555,200.894828550346,7097.3387641913
181.149707968079,164.487493070631,7097.33892614443
190.738555608996,159.028207269429,7097.33939059755
193.697307862419,1094.93714095521,7097.33953391005
204.530044454798,763.288099392412,7097.34005861318
224.17226255758,1422.18015142248,7097.34101001943
235.941464197299,1652.89693043746,7097.34158008193
267.242882420471,22.6274120967984,7097.34309622255
350.028912447399,29.1984596223482,7097.34710611317
353.205409813041,73.1769089767909,7097.34725997255
358.340322424596,104.391620348032,7097.3475086913
9.01047592073757,240.092890013699,7097.34802551942
14.4811998574347,519.866094617072,7097.3482905038
21.0361328639419,1311.32293912373,7097.3486080038
36.4263544003527,799.077470858833,7097.34935345693
46.3894009699348,2049.17371959823,7097.34983603505
181.584249739018,82.9829052695352,7097.3563844413
187.460463315094,207.157041520745,7097.3566690663
193.55538976662,157.723223370709,7097.35696428505
201.525181876841,996.021265464719,7097.3573503163
212.124689257962,1063.17699088976,7097.35786372255
226.723931617744,1077.78019842186,7097.35857086318
250.262334822073,2255.87193369847,7097.35971098817
349.940220953781,171.751876609783,7097.3645390663
359.105191529034,175.859785067622,7097.36498298818
9.73115087981908,1471.22092286622,7097.36549767568
24.2329724545102,199.769367714708,7097.36620009755
33.429233890692,1391.40821087125,7097.36664553505
46.1249004328008,735.201677315445,7097.36726047255
67.7784378334863,136.247998994143,7097.36830930067
75.5524206854015,1461.37979495364,7097.36868584755
170.75782533725,95.9020710067371,7097.37332380068
181.672821128318,123.289448095143,7097.37385248818
188.816149710529,172.733619074883,7097.37419848818
192.679431125089,1077.78019842186,7097.37438561318
208.520304209466,832.248214788223,7097.37515289442
219.245942459549,1354.62430161937,7097.37567241005
238.809772379013,1336.75248648046,7097.37662001943
351.361392097891,98.5591469548908,7097.38207166005
357.705354334797,100.166444583216,7097.3823789413
6.40322146226035,410.670081274489,7097.38280023818
10.3558590058723,140.991995856155,7097.3829916913
17.6414476940178,700.870250724961,7097.38334458193
27.7522383611787,606.599936947561,7097.3838343163
35.4129937412201,1550.02732871168,7097.3842053788
51.3816106708316,246.273917925421,7097.38497884755
69.5254201577899,812.508227365782,7097.38585767568
172.825939012247,69.2184226602777,7097.39086122255
182.328978989295,98.2727649256887,7097.39132151943
186.100646160598,102.667520318622,7097.39150420693
189.834893454056,104.840622294766,7097.39168508193
196.707250434527,810.285227803575,7097.39201795693
210.731968341372,468.139582654459,7097.39269726942
218.46627323879,1221.10344058513,7097.39307189443
240.658205490435,1376.63791477394,7097.39414680068
350.17397504844,52.4650947686389,7097.39945139443
4.47160019614905,245.968551082498,7097.40014392568
10.6426567167867,228.874821872616,7097.40044283193
15.098204722422,790.757459512292,7097.40065864443
21.4357152795608,51.7892603801862,7097.40096561318
33.6649235118137,1126.86937558948,7097.40155795693
45.071539306535,819.141143804103,7097.40211045693
60.3459526691219,3023.07157085124,7097.40285030068
173.418870163647,204.049957486241,7097.4083271913
182.91481328544,220.171700315852,7097.40878714443
186.751642692782,294.244156817669,7097.40897298818
194.716273399103,1576.94635127825,7097.40935876942
210.974571906931,859.961823973521,7097.41014626943
223.703464798877,955.350021314416,7097.4107628163
245.132217187226,3068.86627221559,7097.4118223163
343.848153914945,25.5292557926889,7097.41660380068
347.164008096829,173.817960025247,7097.41676441005
353.42603372279,95.1151726824584,7097.41706772255
359.638381174198,1143.81581983736,7097.4173686288
14.4153680288516,295.009433548543,7097.4180843788
17.9050956526813,1236.75925056688,7097.41825341005
33.5917729972653,1521.84276291933,7097.41901322255
49.0348984730058,145.839396115122,7097.41976123818
56.0372573378105,180.915463166009,7097.42010041005
76.0823844906823,3067.29863730482,7097.42107133193
166.065937502787,122.907864441579,7097.42542984755
173.044102399472,195.395019608746,7097.42576784755
177.147387255248,144.285111636222,7097.42596659755
188.37464561638,1417.94620489577,7097.42651041005
204.619718139375,546.919176613869,7097.42729726943
217.37022418483,1360.82412005578,7097.42791486318
238.942792700248,2924.40494042978,7097.42895976943
351.787642424969,35.0475343191547,7097.43442561318
353.532828862181,100.353843290879,7097.43451014443
1.48745946110747,1039.73218923414,7097.4348954413
16.5683216420407,1104.23259425119,7097.43562591005
26.4700770285093,337.989664034311,7097.43610551943
33.7085682816049,1294.71144916238,7097.4364561288
51.8201192570645,97.0704627789587,7097.43733339443
56.9466446623893,597.10952848846,7097.43758170693
77.1908069510047,3061.01943792214,7097.43856226943
168.158890283838,70.4293359743424,7097.44296847255
172.417983818126,803.579314201386,7097.44317476943
183.938794772844,253.047138798479,7097.44373280068
193.836679143941,1557.76591626022,7097.44421222255
206.990094239486,1200.24534755458,7097.44484933193
223.426137204631,934.993971135611,7097.4456454413
242.837384323022,2719.88032096715,7097.44658566005
349.127623553872,71.027052295225,7097.45173401943
353.326071080533,105.019680451957,7097.4519373788
359.008088337021,218.80203204816,7097.45221259755
8.51254235340935,528.753318906894,7097.4526843788
11.4035517063972,1246.44428112219,7097.45282441005
31.7819094824613,81.0934236428196,7097.45381147255
34.797114177949,1541.47017372708,7097.45395751943
64.846256280983,2719.88032096715,7097.4554130038
164.285106622044,28.1542220093023,7097.4602295038
173.587498562183,142.05410459045,7097.46068008193
180.955346524125,852.236448078969,7097.46103695693
201.180476323628,992.392723553337,7097.46201659755
208.456710042312,1084.45374902288,7097.46236903505
224.412746125025,2531.1841511666,7097.46314189443
271.464068364803,830.078061841988,7097.46542091005
337.516631855182,35.081024890582,7097.46862028505
352.411362335014,201.268585131587,7097.46934173818
358.408222788408,188.144735902007,7097.46963220692
5.13186798317681,141.258268970823,7097.4699578788
9.29805696078601,738.872629746368,7097.47015967568
17.3426888266971,372.071540244434,7097.47054933193
24.8105382381263,999.034965865064,7097.47091105068
41.2891624850161,2033.85908115195,7097.47170922255
73.5034970380022,43.1017478652596,7097.47326958193
83.1507326474471,319.000215132093,7097.47373686318
83.3552517372808,265.79424772244,7097.47374676943
167.468075052293,31.9081185085057,7097.47782092567
177.331120247495,112.366352333915,7097.47829866005
185.826403774033,227.061605628798,7097.47871014443
193.658129381435,761.316343300678,7097.47908948818
206.833802881083,952.198098147505,7097.47972767568
222.852420497885,1005.03516620165,7097.4805035663
235.982609426094,1992.04253092944,7097.48113955067
350.091025766877,38.8003518203561,7097.48666659755
354.664962535624,65.2357612374033,7097.48688814443
6.54190765557271,183.800419328861,7097.48746342568
9.217107422803,372.475300602915,7097.4875930038
17.2149644789619,1396.58395958975,7097.48798039443
32.5184105131637,51.8345887046134,7097.48872164443
39.5888348285932,122.294854798533,7097.48906411318
44.0182534147535,1404.31188899726,7097.48927866005
74.419981217836,2686.06958897522,7097.49075122255
169.161923457366,106.529556009871,7097.4953763788
180.719831702186,1078.33786344713,7097.49593620693
198.379440666043,751.379625185677,7097.49679158193
211.022203268822,2725.18052568671,7097.49740395693
226.730493842022,606.599936947561,7097.4981648163
258.649017687215,1229.9343765676,7097.49971084755
345.00477657267,68.1584649830924,7097.50389364443
357.731411312857,117.195336768461,7097.50451008193
3.04374583153888,451.800319378748,7097.50476739443
10.1225573531983,543.057876445374,7097.50511026943
21.732724436968,135.209760054877,7097.5056726288
24.3514718372411,1090.53543972948,7097.50579947255
36.7277789540314,1632.39965988993,7097.5063989413
63.5523585306955,746.965600484373,7097.50769823818
180.202746914491,112.031425802961,7097.51334841005
185.855086286323,89.0446605339434,7097.5136221913
199.234633700317,1136.4328367236,7097.5142702538
215.275509683669,746.160300213461,7097.51504722255
226.427283076069,1393.99847221,7097.5155873788
252.256364423825,1334.05109181695,7097.51683845692
351.941992586275,128.8047862813,7097.52166691005
358.114016870144,60.60731083668,7097.52196586318
1.74471428648699,23.5180919877509,7097.52214172255
3.93410062945152,754.971918315306,7097.52224776943
14.3303792717134,1102.59801289203,7097.52275133193
25.3502152533172,351.291967737311,7097.52328509755
34.0313079307668,449.465409335659,7097.52370558193
40.8810839193901,239.46603033842,7097.52403736318
49.3553994303536,223.222718087612,7097.52444783193
59.3529626631946,2483.22251650279,7097.52493208193
175.652378248107,73.7523583871358,7097.5305652538
188.012233540181,1311.32293912373,7097.53116392568
203.277291933306,852.236448078969,7097.5319033163
212.623232843314,675.534461702654,7097.5323560038
229.535734338371,2515.93590405719,7097.5331751913
350.858308324757,25.5752120870145,7097.53907553505
353.076082163849,54.9147671780048,7097.53918295693
0.983937915469335,202.571306950894,7097.53956598818
10.362782550017,182.980783303144,7097.54002026943
14.6186502444211,1322.28117344368,7097.54022641005
24.0165274431889,153.252174839302,7097.54068161318
29.6485439749332,45.8733710739789,7097.54095441005
41.0706438311394,376.68870800367,7097.54150766005
51.4149862221949,458.405924330663,7097.54200870693
61.3893233628086,2120.69117822011,7097.54249183193
174.439014727553,55.2983457635658,7097.54796759755
182.650100592411,835.852553837668,7097.5483653163
195.232217187564,258.48331808298,7097.5489747538
198.558071514397,250.959503178549,7097.54913584755
205.58462423466,236.941938291935,7097.5494761913
215.489605461012,1704.47289615794,7097.54995595693
235.054403143708,1124.7331954678,7097.55090361318
263.464489426149,1502.75925037135,7097.55227970693
339.492357707711,81.9003476149049,7097.5559622538
346.967304011949,52.8664473309348,7097.5563243163
350.639937496996,80.977495542367,7097.55650220693
356.393891257034,708.973102447885,7097.55678091005
11.2541051111609,372.071540244434,7097.5575006913
18.1035585120405,1374.01501287826,7097.55783245693
33.7112024602658,1647.06659422365,7097.5585884413
52.8576070689411,136.523514715492,7097.55951583193
59.4235079836284,50.8741798688206,7097.55983386318
77.7963530036226,2329.30386090402,7097.56072378505
169.881871793657,66.4485619306099,7097.56518411318
174.429033967442,943.953804011244,7097.56540436317
183.366259398188,149.905379775994,7097.5658372538
193.562857729219,243.666142818455,7097.56633114443
200.096822720151,53.1765187439248,7097.5666476288
202.844604203973,1546.14354652693,7097.56678072255
218.126759597302,1566.23425340285,7097.5675209413
246.449747864898,757.754081703865,7097.5688928163
264.56097621506,1945.62432831447,7097.5697700663
341.956606127732,78.8616116853547,7097.57351886318
347.911530549976,145.581491306501,7097.57380730068
353.464513685362,136.316929966185,7097.57407626943
358.970076797954,1018.11126196338,7097.5743429413
6.15018012007582,308.946673799326,7097.57469072255
13.2164108699441,44.9945879166247,7097.57503298818
16.9551743167074,1028.68635831754,7097.57521408193
31.8266771810334,1797.86163734263,7097.57596501943
42.8865137424322,898.261687254376,7097.57650072255
80.5277005993954,337.544658890465,7097.5783239413
178.730081507101,47.0361839755018,7097.58308055067
191.556395184139,747.770123599167,7097.5837018163
203.845281698341,320.645149320953,7097.58429705068
213.944459281834,68.4335713097006,7097.58478622255
216.312235295157,1307.64965522445,7097.58490091005
231.856007358319,1278.82493483611,7097.58565380068
355.9739225658,115.336899753071,7097.59166567568
359.990431994475,46.6601896009777,7097.59186022255
2.24239987152851,91.2333264491139,7097.59196930068
16.1800198010826,1213.19987389512,7097.59264439443
27.0724346003028,118.550239069926,7097.59317198818
37.0083840622865,1357.28484007558,7097.5936532538
53.0344211220864,786.946563469115,7097.5944295038
77.469611456811,1458.08476403886,7097.5956130663
175.021660467766,104.571448722446,7097.60033817567
177.695892546873,163.456206903057,7097.60046770693
183.538879848219,1109.66424937686,7097.60075072255
197.515532594336,284.900714131453,7097.60142770693
208.064394075226,1282.58059728381,7097.60193866005
224.096882852347,1480.18441947784,7097.60271522255
241.816492685897,188.344354001835,7097.6035735038
265.932001045113,1703.06124758213,7097.60474158193
341.408248490883,143.239559102781,7097.60839741005
346.745744628255,31.7050587173018,7097.6086559413
357.256541093366,1089.43221110991,7097.60916505068
7.57443151475647,179.978351666499,7097.6096648163
12.0854641616718,138.097130952808,7097.6098833163
21.0684966764923,1364.35418518488,7097.61031842568
32.782213637377,1652.89693043746,7097.61088580068
49.195675610674,344.595962875616,7097.6116808163
60.5590649481627,97.0220639939789,7097.61223122255
70.6243710814385,229.038940591231,7097.6127187538
174.755438935347,31.7050587173018,7097.6177658788
183.944280815868,138.843422869961,7097.61821095693
192.206335206256,237.417252524352,7097.61861114443
202.896811655146,231.486885216015,7097.61912895693
207.90656116097,1019.29165108317,7097.61937161318
224.258409363409,1410.29299349782,7097.62016364443
249.820712712541,769.954544566076,7097.62140180068
340.342337987861,29.5780656911493,7097.6257863788
354.599317342734,161.954991084734,7097.6264769413
359.270352308829,73.0484145394783,7097.6267031913
6.36174467738746,339.099665014331,7097.62704667568
16.0473679279086,634.693464451885,7097.6275158163
23.5952184989278,701.299074368222,7097.62788141005
29.5930467531069,862.753923858151,7097.62817192568
50.7143184324104,1813.8428536929,7097.62919497255
78.4502014752776,1145.91647282225,7097.63053841005
170.656044517333,61.2241993214191,7097.6350045663
176.140639539243,213.763437506564,7097.63527022255
183.98333301727,214.29016894281,7097.63565009755
192.687974487352,991.180248988144,7097.63607172255
206.791403202813,1460.55667560319,7097.63675484755
219.964173412767,310.160591654451,7097.63739289442
234.622771466755,1485.05074903937,7097.63810291005
266.925817010858,2496.74458885352,7097.6396675663
340.979785909916,89.3606091900701,7097.6432545038
346.34695989439,247.795062247036,7097.64351447255
356.125165188954,774.237507439324,7097.64398809755
2.22493034397516,423.996449061548,7097.64428355068
7.31500359713255,152.268198050365,7097.64453009755
14.7773690920256,2064.37444916219,7097.64489155068
32.4727850325631,86.8008234733431,7097.64574866005
37.0260763359256,297.293412110378,7097.64596920693
45.7262015024875,977.12893332158,7097.64639061317
62.4457969913784,2151.09285939263,7097.64720045693
174.358052646577,137.004352307457,7097.6526211288
186.014672027463,967.233737547701,7097.65318573818
200.800046088347,872.455885314594,7097.65390189443
213.571842812228,1593.63400253909,7097.65452051943
233.262771326333,892.890872350449,7097.65547428505
245.36262284974,1290.05928162229,7097.65606036318
349.005299055987,61.5684794813554,7097.66108555068
352.448574420255,106.087708062752,7097.66125233193
359.133186723352,200.332889166432,7097.66157611317
6.83168464408981,331.024679889325,7097.6619490038
10.3865745039583,446.108622265129,7097.6621211913
17.1908659962505,62.4396853665665,7097.66245076943
21.2460856161923,149.403184268593,7097.6626471913
25.0487209855731,1855.78707956324,7097.6628313788
46.0738622683142,806.566646804896,7097.66384976943
65.0267156577819,1575.42046075321,7097.66476778505
172.719878396042,38.4354492677375,7097.66998409755
183.598099409645,900.267527192966,7097.6705110038
197.074744983433,778.882958130112,7097.67116376943
208.7545904941,1425.55822701951,7097.6717295038
227.964221774798,78.2637149532306,7097.67265995693
233.553334437053,1536.7823680279,7097.67293067568
1.07484701675018,50.5499912761831,7097.67910741005
3.69230402849427,193.073418364165,7097.6792341913
11.1533791724124,182.054302189094,7097.67959558193
20.4654486697564,1088.32787226731,7097.6800466288
34.0617733200781,468.460603642029,7097.6807051913
46.514533168831,329.431565360139,7097.68130836318
53.810122077033,126.597801686223,7097.68166173818
59.3037494806597,398.785615640662,7097.68192783193
178.830953469379,30.879458712274,7097.68771734755
189.250135653679,130.111005303135,7097.68822201943
199.209311282997,548.839640401866,7097.68870441005
207.966856617301,151.029230788247,7097.68912859755
211.261097570569,866.231419927033,7097.68928816005
227.429394811411,1317.72626144055,7097.69007130068
246.860964732336,1389.67870544349,7097.6910125038
353.631856096213,163.80069522981,7097.69618414443
358.980965317253,81.3825326573259,7097.69644323818
2.25423825494511,130.327443281786,7097.69660178505
8.87401094730125,1248.37229442676,7097.69692242568
23.2058300954176,81.4402295601369,7097.69761661318
26.6584603915923,441.706698994793,7097.69778384755
35.1621311994684,94.3216962867588,7097.69819573818
41.8851311436417,1770.90564434934,7097.6985213788
66.5435067732938,454.123211257595,7097.69974436318
71.1490569531603,2065.53907311502,7097.6999674413
168.829817497474,50.9203269827285,7097.70469878505
172.361803815305,152.021215060749,7097.70486986318
175.76733667643,183.391066221894,7097.7050348163
188.452357935656,741.715189267467,7097.70564923818
193.760821401413,1351.95865613724,7097.70590636318
209.374594479216,432.07329381012,7097.70666264442
223.215761424464,2536.87870710451,7097.7073330663
256.102686315859,1174.93148543701,7097.7089260038
348.071751756582,33.153511186379,7097.7133806913
352.07922880354,67.9168249417827,7097.71357480068
354.977657599527,276.602130089287,7097.7137151913
6.17523811355552,279.843676009861,7097.7142575663
11.56434791439,468.781347073843,7097.71451859755
19.4099446821114,80.8614009084607,7097.71489861318
20.7657706418103,1610.14868105269,7097.71496428505
40.0470158758678,599.119975852602,7097.71589820693
54.6372258163789,871.076544228799,7097.71660491005
71.0239132322674,426.823132393395,7097.7173986288
174.149590881547,35.6455490124752,7097.72239370693
179.79967221428,172.079739346742,7097.7226673788
193.206639286063,689.191925751231,7097.72331676942
205.008422062578,555.373691479844,7097.72388841005
219.235723570348,1359.05564579986,7097.72457753505
233.979484112718,107.49522799669,7097.72529167568
269.440317045988,1518.67873832146,7097.72700928505
348.759200440934,168.438013536942,7097.73085123818
353.03377807426,49.9893494654291,7097.73105828505
1.85809862087597,72.01221563502,7097.73148570693
6.84752524905834,575.575698213981,7097.7317273788
14.7831232837645,1324.0987195573,7097.7321117538
34.4143735534743,422.931578647479,7097.7330626288
39.537027905874,423.286822259783,7097.7333107538
46.4926119233725,64.4752862211107,7097.73364766005
49.5858822144337,1500.35683876837,7097.73379748818
77.2778936245809,2622.64587824745,7097.73513880068
171.960064756037,43.9916506000948,7097.73976186317
175.598181652933,169.660605009447,7097.73993808193
179.308880228866,257.317667173851,7097.7401178163
194.397807028286,1497.14740604878,7097.74084867568
203.412452879117,1215.18051177105,7097.7412853163
221.038190430311,1326.82054232447,7097.74213905068
249.458921995634,2639.10049369542,7097.74351566005
347.293233141807,84.4418077128317,7097.7482544413
351.261999922391,58.3969192446965,7097.74844667568
354.827212552506,215.339759912503,7097.74861936318
3.92831124269505,454.454085474509,7097.7490601913
10.7067958657022,58.7977305732679,7097.74938851943
12.8913434676181,282.516537941646,7097.74949433193
20.205319651891,1915.72824270736,7097.74984859755
37.9888014080585,71.4227496589892,7097.75070997255
42.1543452101803,120.904217193463,7097.75091173818
56.1051911621207,1719.92364794704,7097.75158747255
182.245393500577,47.1359444531583,7097.75769730068
186.027060816829,885.45282217467,7097.75788047255
199.289187155835,188.842497195196,7097.75852284755
208.347704601833,160.088012290949,7097.75896161318
219.970775120246,1941.91240865393,7097.75952459755
243.899183977576,1011.59436383114,7097.76068361318
349.777481814172,27.35025400602,7097.76581201942
352.247517353635,100.166444583216,7097.76593166005
8.55710693718105,742.120365160304,7097.76672164443
17.5733657267316,227.887583803543,7097.76715836318
25.82574252236,69.8265056886527,7097.76755808193
29.0112722697201,1625.01645473156,7097.7677123788
58.5333100177184,910.890474159487,7097.76914233193
78.225851432988,1827.05384155213,7097.77009617567
172.269140331001,58.1147109601776,7097.77465133193
183.519947409657,1003.23893637011,7097.77519628505
194.471395315339,341.08854629622,7097.77572673818
199.615017720867,1098.22695382178,7097.7759758788
222.35437720519,1894.26629937373,7097.77707730068
236.645873185767,1304.888086473,7097.77776953505
349.844910456781,32.2376431105553,7097.78327616005
354.314007034992,79.2774595970158,7097.7834926288
358.367291166025,117.595461146536,7097.78368895693
7.93355785264913,256.146714949779,7097.7841523163
12.3794283010795,499.517482932532,7097.78436766005
16.978204175881,32.8152956197147,7097.78459041005
22.8379658896863,1366.99562780507,7097.78487423818
45.3747418106374,1563.16015686997,7097.78596584755
55.986507450913,869.003313752614,7097.78647984755
172.573023949645,32.868929800145,7097.79212692568
187.308719873528,249.758741466266,7097.79284067568
188.911646167252,189.834842290182,7097.7929183163
195.096573885763,256.293375411332,7097.79321789443
202.427647107794,70.4959979280773,7097.79357298818
209.471619491112,1409.4401201703,7097.79391417568
224.901196356723,1320.46118483942,7097.79466153505
249.4876791791,681.295131421678,7097.79585242568
340.629313366135,25.9625654308593,7097.80026703505
357.063420842371,188.044843585367,7097.80106305068
1.73671392267236,68.1584649830924,7097.80128941005
6.34258665272878,290.387602852604,7097.8015125038
14.9352909268045,171.970521156695,7097.80192870693
19.2940633228362,271.528938222687,7097.80213983193
23.8663871904188,744.950601205829,7097.80236130068
33.8633052477724,595.597182684315,7097.80284551943
44.2250672643293,368.213681767315,7097.80334741005
52.8445461709214,1498.75289956469,7097.80376491005
87.2585897995645,2874.63830517254,7097.8054318163
167.663617828337,381.840947749623,7097.8093263788
175.097595789549,203.127056841446,7097.80968645693
184.429342989046,1109.66424937686,7097.81013845693
197.625016741038,1420.48806051065,7097.81077761317
212.336518771909,2110.45980691438,7097.8114901913
232.603584640116,155.080295827226,7097.81247186318
261.675615940529,2107.03854364169,7097.81388001943
349.501073357937,183.083437299558,7097.8181340038
353.656617015109,86.3668095374415,7097.81833528505
5.17775055757172,110.341562276073,7097.81889333193
8.4713463353517,1311.32293912373,7097.81905286317
19.7863478868153,320.645149320953,7097.81960092568
31.2916747800491,337.767230851327,7097.82015820693
37.6311208260966,1815.1682379397,7097.82046526943
39.992767747396,44.2843123282799,7097.82057966005
59.5420812934994,65.487289202526,7097.8215265663
78.2949177177208,2030.30858791919,7097.82247191005
173.819518231354,41.6327215757573,7097.8270988163
176.11503511583,261.518445787701,7097.8272100038
184.895161441982,97.3603697662639,7097.82763528505
190.174914861421,1195.22547414874,7097.82789101943
207.441937507881,1477.74525949274,7097.8287273788
222.346022957175,1402.59814873644,7097.82944928505
240.654673579469,180.915463166009,7097.83033609755
260.032694348023,1859.67075072568,7097.83127470692
344.713913023948,31.6865318705783,7097.83537639443
348.875908360889,40.2560554335629,7097.83557798817
351.472397394612,280.380274553238,7097.8357037538
4.42935801880924,852.236448078969,7097.83633134755
11.4597817544437,202.756741951582,7097.8366718788
14.9362834309948,215.514203705247,7097.83684026943
25.559984667574,1677.44995671626,7097.83735484755
38.3008131933778,1533.64931865241,7097.83797197255
63.1198800515261,50.8741798688206,7097.8391741288
80.2178680721966,1467.94787436733,7097.84000230068
173.070494583375,62.1380377707759,7097.84449978505
178.430249124851,316.398018895825,7097.84475939443
184.619693071775,71.6197795513906,7097.8450591913
193.469175237081,1071.06501445742,7097.84548783193
205.527090691784,1368.75377698686,7097.8460718788
223.277346135668,605.111349916143,7097.84693164443
236.918832769684,1525.00012617907,7097.84759239443
268.46670611384,2529.28322730384,7097.84912047255
338.575779537581,113.613521368627,7097.85251633192
344.651996050186,112.866868628991,7097.85281064443
350.274980162659,80.2784019815483,7097.8530830038
353.288571919428,422.220175488874,7097.85322897255
358.255417593316,1299.3470743794,7097.85346955068
9.85010061560091,55.6370852167198,7097.85403116005
15.3966320336654,193.947261029059,7097.8542998163
20.7099343155787,371.060182580152,7097.85455717568
29.5455453205643,378.877040851933,7097.85498514443
38.8660020241382,2218.24447699248,7097.85543659755
66.3741398473906,3100.05465742336,7097.8567690038
168.434318215567,39.3413565613621,7097.86171247255
178.072521443295,206.248046419333,7097.8621793163
185.776825868313,1095.48625726319,7097.86255248818
206.280296564055,1528.15082810065,7097.86355872255
225.09830932814,2525.47671664161,7097.86447020693
250.627063777244,206.975561689582,7097.86570673818
351.769487074558,58.3969192446965,7097.8706057538
356.627298879688,111.020602433509,7097.87084105068
8.27585364208751,220.000961892453,7097.87140526943
12.0378432561858,217.596496376871,7097.87158748818
14.1427122862555,417.566481392129,7097.8716894413
23.0331627570334,294.244156817669,7097.8721200663
27.9767823011408,59.7879940000823,7097.87235951943
40.6434162091885,1514.71457598973,7097.87297305068
58.2536696237898,2400.49069510917,7097.87382603505
172.311762614531,58.3164280754112,7097.87935064443
182.179001375294,744.950601205829,7097.87982858192
197.117280862549,1366.11566503575,7097.88055214442
207.670981159595,198.637523096679,7097.88106333193
217.058535588116,1507.55274930248,7097.88151803505
234.642659620796,2216.07510120236,7097.8823697538
347.542994024351,27.0697318727198,7097.88783828505
1.59029292304345,128.8047862813,7097.8885186913
6.79746466344564,206.430164628735,7097.88877091005
11.3155942407235,449.465409335659,7097.8889897538
21.2147689252419,1087.22242320169,7097.88946923818
29.0871402879258,1566.23425340285,7097.88985055068
50.0458289836533,953.460088659597,7097.89086572255
79.9446463622663,1995.6611918559,7097.89231392568
170.365625012612,88.3030454312816,7097.8966936288
174.52213647057,801.33155666573,7097.89689495693
186.106174097311,187.744861324113,7097.89745605068
193.729187049318,1037.41648604938,7097.89782528505
206.747438856629,1578.47068749106,7097.89845584755
229.357119081915,1131.12985644648,7097.89955098818
259.421745283988,2300.21246494516,7097.90100722255
347.98521765065,208.422959446786,7097.90532072255
354.787573578926,150.780207763823,7097.90565020693
3.10930625126177,1126.86937558948,7097.90605328505
14.2120466821494,1121.52109821295,7097.9065910663
29.3212963967639,874.520900140396,7097.90732291005
46.0163753297909,2430.3610235421,7097.9081315663
74.9871148297408,143.239559102781,7097.9095348163
174.255640194037,33.9411172778359,7097.9143430663
186.169360016343,117.515538966551,7097.9149201288
192.006540775855,551.571566198561,7097.91520286318
203.197024397075,123.136958962711,7097.91574489443
210.450999749209,957.86412135368,7097.9160962538
222.655368950516,1889.18103383173,7097.91668739443
242.461782975593,22.3138521548982,7097.9176467538
8.24714157490243,130.75922289385,7097.92373939443
12.7801100006239,183.288578758933,7097.92395895693
16.382097333096,239.151976000329,7097.92413342568
27.070638255524,103.032887777132,7097.92465114443
30.4013313234051,1080.56585901295,7097.92481247255
45.591549923287,1909.4408276743,7097.92554823818
183.567083863178,139.787487141163,7097.93223133192
187.030359517343,216.210521708504,7097.93239908192
197.546639936544,149.528889270556,7097.93290845693
203.958990249372,1433.12983702515,7097.93321905068
220.240192299237,1105.32116792683,7097.93400766005
237.888188216981,896.251406423687,7097.93486247255
266.296984110893,1695.98579624619,7097.9362385038
336.318314344302,21.0547516921178,7097.93963011317
340.860315226848,108.538893150989,7097.93985011318
354.568576998069,139.113803809821,7097.94051409755
358.652506739436,186.136731028519,7097.94071191005
2.06255579141921,1228.9562700829,7097.94087708192
17.9047192643244,72.2076357040358,7097.94164442567
23.6883509090188,1091.63744710372,7097.9419245663
37.6433904640742,1550.80304153898,7097.9426005038
67.7886629636706,58.6377335576316,7097.94406064443
72.7487343324942,2005.27883187362,7097.94430089443
166.793589205765,31.3699378973187,7097.94888411318
182.590590732529,955.979184702471,7097.94964926943
187.430982949711,145.323142408671,7097.94988372255
198.360817626776,227.392354945621,7097.9504131288
210.110664152085,1608.65443188385,7097.9509822538
220.663396685899,1413.69960182658,7097.95149339443
243.56469397831,542.226874511442,7097.95260266005
344.385499698545,26.2325473843195,7097.95748609755
358.132794323883,122.831397830758,7097.95815197255
5.60935352928598,259.933047308536,7097.95851411318
13.1691397341625,52.3754858927639,7097.95888028505
14.2939946343629,235.829161754353,7097.95893476943
19.952463173326,696.136093214506,7097.95920884755
37.7885262810796,1342.13906655134,7097.96007276943
53.8268216000346,1522.63268660136,7097.96084961318
73.8780779200378,150.030668444323,7097.96182083193
176.455683123599,46.2557631086824,7097.96678936318
179.821215404929,209.3225037747,7097.9669523788
187.15745003086,207.881364899798,7097.96730772255
195.790477472474,1153.23861571426,7097.9677258788
206.461276219211,143.50165500332,7097.96824273818
209.939713347117,1231.88814704633,7097.96841122255
231.558734159651,1063.7423164539,7097.9694583788
268.633138707081,1885.35809186874,7097.97125414443
353.211452568718,329.659632924972,7097.97535084755
358.109910166684,66.165198320256,7097.97558811318
4.67064975257884,201.827943246968,7097.97590589443
11.8339786622407,1398.30491630022,7097.97625286318
24.1289943060199,614.967188283799,7097.97684839443
32.8765395329294,1046.0737831508,7097.97727209755
49.8025895630086,100.820830850612,7097.9780919413
54.5126573456675,2071.35264496117,7097.97832008193
176.45731548471,32.8867905130537,7097.9842266913
187.207147590252,302.803976337529,7097.9847473788
200.116043016168,1048.37027947724,7097.98537264443
210.922972739262,161.257410202786,7097.98589609755
214.503755377588,1564.69792678138,7097.98608166005
231.457870316051,407.362615861828,7097.98690286317
244.461928450405,2834.19598900991,7097.98753273818
345.03305317222,93.6219018976558,7097.99240408193
357.057097176705,148.520251652684,7097.99298648818
0.330370076843973,220.853349497396,7097.99314503505
6.02948433353569,29.1179129419117,7097.99342108192
12.3566721955358,1884.08200152423,7097.99372755068
33.8140777501717,1346.61148898374,7097.9947668788
48.4371914152228,1010.40498190486,7097.99547517568
175.774185194984,34.199622300779,7098.00164297255
188.158879518004,140.725223141125,7098.00224284755
191.883126704067,173.49337244621,7098.00242323818
195.955443361767,178.72121838014,7098.00262048818
207.751419558894,931.127730474657,7098.00319184755
214.883457682734,1154.28089308978,7098.00353730068
237.097003162996,1310.40556183848,7098.0046132538
358.906175463615,84.552989609854,7098.01051330068
3.86463389371949,80.7451397411008,7098.01075347255
10.6463444317181,261.374727417163,7098.01108195693
14.9947940575033,1192.20344707571,7098.01129258192
34.0079709044073,264.234495395144,7098.01221351943
38.2854518274277,1334.05109181695,7098.01242070693
56.6621679003472,495.286756052593,7098.0133108163
72.2230370012664,3015.10549860495,7098.01406453505
164.384685860412,46.3571993292167,7098.01852855068
170.699615425703,252.749959850362,7098.01883442567
178.229078645544,174.141950859408,7098.0191991288
189.771180241135,1380.99853774776,7098.0197581913
202.940079398165,1350.17863556186,7098.02039605068
217.603838856052,917.467435357366,7098.0211063163
236.55153084162,2628.14192630856,7098.02202408193
349.994816230228,51.6984788312413,7098.02753648818
352.929052002894,63.7425875971154,7098.02767861318
4.26050541662776,171.423361616796,7098.02822747255
8.52056671414691,387.312848459942,7098.0284338163
14.6271061742333,38.2823807376642,7098.02872959755
17.882314310937,20.1571762753483,7098.02888726943
19.2265272245223,1604.16302463773,7098.0289523788
38.4477715888873,818.406786784465,7098.02988339443
56.2857701855496,1221.10344058513,7098.03074741005
182.612749438149,39.0116342008362,7098.03686628505
191.241583276648,138.978689667724,7098.03728423817
200.243970905879,745.757289255522,7098.03772028505
206.829549560274,1004.43675599138,7098.03803926943
222.670745269948,668.825939076356,7098.0388065663
238.711943841043,1714.32135154248,7098.03958355068
346.802854225492,25.483214496913,7098.0448191288
351.825184540661,124.653481980985,7098.04506239443
4.25471822207834,420.436407910785,7098.0456644413
11.0873972104981,232.297139857174,7098.04599539442
20.3210785245248,1210.22269983229,7098.04644264443
29.9886369740572,109.31511251755,7098.04691091005
38.8174737115316,1385.34539395607,7098.04733855068
60.7813381933721,1930.73401710819,7098.04840241005
176.535907247557,58.2358258838234,7098.0540091913
182.226634222911,886.809792266519,7098.05428483192
196.238771357965,890.193363467517,7098.05496353505
205.527614725528,395.378729756146,7098.05541345692
213.02772268601,1350.17863556186,7098.05577673818
239.111001298153,1913.21580800263,7098.0570401288
261.817779645679,927.893539781621,7098.05813997255
341.802479073968,62.2890419799127,7098.06201417568
350.766479062122,136.247998994143,7098.06244836318
355.868487986691,148.393700105665,7098.06269548818
2.59116534312058,345.249634436939,7098.06302111318
7.38768596513689,675.534461702654,7098.0632534413
14.5055303409139,74.4496478355394,7098.06359820693
19.0259179948442,1149.06029136108,7098.06381716005
38.2597431685541,1853.19326551081,7098.06474878505
54.2202954421255,1070.50335262926,7098.06552186318
181.721172975289,175.538986124657,7098.07171830068
189.753869207343,670.621447262931,7098.0721073788
203.29309631522,879.3203387647,7098.07276317568
220.298179704104,1557.76591626022,7098.07358684755
238.380052832461,1345.71809251582,7098.07446267568
257.359680816892,22.2083497425363,7098.07538198818
351.119739816456,51.3337601593111,7098.07992342568
1.01568866109097,121.833071409228,7098.0804027538
6.5793171169129,251.557746855369,7098.08067223818
12.5945649590394,221.193383054263,7098.08096359755
21.2498508423115,103.396957662483,7098.08138283193
25.1931333789085,1284.45443170477,7098.08157383193
40.4481915895314,2013.65657481745,7098.08231273818
70.0589403286472,452.797299654861,7098.08374698818
182.793465871188,115.662250610438,7098.08920748818
189.614209150643,250.209686303293,7098.08953786317
198.342399300696,1096.03481845966,7098.0899606288
216.577177855424,1377.5111051828,7098.09084386318
232.022238857627,1374.88986862166,7098.09159197255
273.795098066495,888.164819468074,7098.0936153163
349.183279734189,154.351656456164,7098.0972668788
355.14755908834,144.934758639081,7098.09755576943
4.56672689042643,628.505858468742,7098.0980120038
12.658778854239,1082.23385808515,7098.09840395693
24.8044374992745,365.344948738411,7098.0989922538
33.1561706064569,1425.55822701951,7098.09939678505
51.9090211345035,1690.30411889537,7098.10030511318
189.305514468153,179.141229628144,7098.10696016005
192.122329203384,233.426750151366,7098.10709659755
200.064056405222,124.124807654447,7098.10748126943
206.626086304538,1431.45073572271,7098.10779911318
231.975483357606,1443.99658896788,7098.10902695692
247.720909924864,956.607904001316,7098.1098090038
347.89815801586,49.9423419286771,7098.11466126943
358.201209476146,107.407797933501,7098.1151603163
2.23642888129778,187.944909635362,7098.11535576943
7.25521076883883,201.455213622026,7098.11559886318
15.0501616738828,83.4345162403771,7098.11597642568
18.2398849868041,761.316343300678,7098.11613092568
24.9719173502488,546.369283149772,7098.1164570038
36.2227244289051,1307.64965522445,7098.11700195693
50.0306650618693,1722.71807930002,7098.11767076943
69.262232121373,561.831747791786,7098.11860228505
170.994341307811,38.3436823958583,7098.12352986318
186.509080699358,707.699843172094,7098.12428134755
195.917280630818,855.756632223148,7098.12473705068
210.421360319716,257.755400356885,7098.12543958193
217.578237474502,1578.47068749106,7098.12578623818
231.99650949953,1380.99853774776,7098.12648461318
253.355526543397,1122.59279649862,7098.12751917568
352.71502093791,70.6291344854115,7098.13233183193
356.456365124177,259.788413004003,7098.13251305068
6.5484458148614,400.665778332865,7098.1330018788
15.7666429547416,1156.36256126095,7098.1334483788
24.5203173487824,1298.42125939916,7098.1338723788
37.5385691936473,630.892893482837,7098.1345029413
44.8325451631305,38.2209819349555,7098.13485623818
62.3711846243717,298.302910151094,7098.1357057538
80.662738171355,2565.16119456762,7098.13659173818
164.425233900525,54.3559364185597,7098.14064892568
171.303074835086,96.2443180707595,7098.1409820663
181.674836996591,378.08275954454,7098.1414844413
186.128449475764,1013.37593871875,7098.14170016005
199.623482400731,1099.32141167945,7098.1423538163
221.097017192339,1999.27319144422,7098.14339392567
234.657534978643,1330.44075756317,7098.1440507538
351.41534421737,21.1382474024635,7098.1497061288
0.492924106386239,92.7143986584333,7098.15018928505
5.5158995970423,127.263907745423,7098.15043258193
10.6027470103158,258.628646276904,7098.15067897255
17.2502620233119,112.700279664146,7098.15100095693
19.7919114785811,1089.98399195315,7098.1511240663
30.888845367635,470.062155866202,7098.1516615663
42.6319176254322,1862.25546094931,7098.15223036318
65.6567650848555,502.816621672508,7098.15334561318
84.9170422657843,287.26507284027,7098.15427851943
177.656441380197,73.9431779694932,7098.15877051943
183.162327042979,159.970606206095,7098.15903720693
190.09016866473,665.220378781584,7098.15937276943
193.534411792228,175.859785067622,7098.15953959755
206.373951416545,1367.87503546287,7098.1601615038
220.872869701542,1093.28857078594,7098.16086378505
231.33785900747,811.767986164114,7098.16137067567
358.87227502181,89.7801416543942,7098.16754803505
2.459100805433,49.4698379482905,7098.16772176943
9.07564762035149,227.061605628798,7098.1680422538
16.1505881641936,384.782011808582,7098.1683849413
21.0287228845186,185.124568452544,7098.16862122255
29.744332187673,1312.23965027516,7098.1690433788
39.4818916894005,30.8604392040834,7098.16951503505
52.5169179842791,363.695545901876,7098.17014641005
65.8542067042725,1755.90342266219,7098.17079242568
178.376471126237,103.578520760372,7098.17624264443
182.640726064425,852.236448078969,7098.1764491913
196.941254464274,101.007022190736,7098.17714186318
201.922616398863,1332.24709042423,7098.17738314442
219.282221089365,1321.37156771961,7098.17822398818
249.370718596707,2428.38127384459,7098.1796813788
350.543142291313,83.9396746554755,7098.18458184755
355.990317472931,107.407797933501,7098.1848456913
1.79007831704427,112.282710906797,7098.18512661317
7.19015606361269,406.623984483545,7098.18538817568
15.4854367662838,1500.35683876837,7098.18578997255
29.4243470092592,80.102667554538,7098.1864651288
32.3863251025655,696.567803437631,7098.18660859755
48.613010236828,1122.59279649862,7098.1873945663
73.4707873237962,2285.52798908765,7098.18859859755
164.699681173963,57.3007405413328,7098.19305753505
170.367182094643,200.145219841907,7098.19333205068
180.979592910407,357.862683930676,7098.19384608193
189.199711156982,1433.96872154256,7098.19424423818
202.857327065526,339.985040120894,7098.19490576943
214.168780189362,1403.45524091146,7098.19545366005
232.488721232473,1930.73401710819,7098.19634101943
350.824295146234,27.22114200715,7098.2020728163
357.882461240062,123.821689013148,7098.2024146913
7.11130373793279,136.11001214997,7098.20286170693
11.0107146793634,515.802289768885,7098.20305058193
15.6627170812384,25.7125900432476,7098.20327591005
22.8244330897355,602.622174383782,7098.20362280068
29.83808241291,1514.71457598973,7098.20396251943
43.4379555284132,276.466266546649,7098.2046212538
60.8104635784508,259.20918189648,7098.20546272255
67.6024968115881,2746.27898200208,7098.20579170693
171.133018962312,187.344112445587,7098.21080639443
177.852470553966,145.323142408671,7098.21113186318
183.904170510706,912.868558522462,7098.21142498818
198.669544281692,1007.42536535137,7098.21214017568
211.881992483698,1946.86000654087,7098.21278014443
230.595165019694,1177.99792143103,7098.21368655068
258.369113078339,1729.68417366803,7098.21503183193
351.414645633238,46.8360281113966,7098.21953866005
353.274349818192,191.313714870134,7098.21962873818
0.898653083619632,250.509890609152,7098.21999803505
7.36971395271958,1201.2467687228,7098.22031147255
18.9305254872332,308.703312912328,7098.2208714413
28.344854510717,181.537535004495,7098.2213274413
32.5562054344675,1471.22092286622,7098.22153142568
49.2051546956758,1890.45357146256,7098.22233784755
81.0359353505359,56.9718959508858,7098.2238796288
169.419787908801,27.8607224096783,7098.22816066005
182.653204163936,200.332889166432,7098.22880164443
190.949452592284,144.154826964282,7098.22920348818
193.811429273657,192.976065682693,7098.22934211318
199.651513322862,51.8798788651242,7098.22962498818
208.504543953349,1576.94635127825,7098.23005380068
227.904177950519,939.484601225615,7098.23099345693
238.616590178216,794.550092386714,7098.23151233193
344.67591282615,23.8404435082273,7098.23667122255
1.28647444628165,94.2718889063165,7098.23747578505
4.15393508174446,201.827943246968,7098.23761467568
6.68332631541243,144.675244007075,7098.2377371913
18.1247812860285,158.791729765184,7098.2382913788
26.0926379073411,1269.38692890377,7098.2386773163
44.5412904838105,603.120831055293,7098.23957091005
52.4201135638156,31.9081185085057,7098.23995253505
55.7211287845942,1559.30901524215,7098.24011242568
176.322864361027,40.0220030727372,7098.24595398818
181.71100639863,188.244586585284,7098.24621497255
192.312126718469,297.546098870782,7098.24672845693
200.33417766764,1224.05419133997,7098.24711701943
214.111795240461,967.233737547701,7098.24778436318
225.277439793181,1263.69037456442,7098.2483251913
270.115827010024,1776.32963893615,7098.25049701943
340.091672747102,73.1769089767909,7098.25388642568
352.608627068662,308.215980515669,7098.25449270693
357.073852593948,55.6370852167198,7098.25470898818
4.75589865241606,229.202962165331,7098.25508108193
10.4898521225566,1409.4401201703,7098.2553588163
22.5226059585699,274.145817158455,7098.25594164443
30.6175611369684,117.675313937582,7098.25633373818
36.0805429678154,1472.85472706926,7098.25659834755
54.767263496592,111.611359043806,7098.25750347255
66.6229180132218,2333.43033784195,7098.25807772255
178.170974884705,247.946663201049,7098.2634807538
181.713606485418,49.6593807741696,7098.26365234755
185.192043650878,242.274200701331,7098.26382083193
196.532529408775,154.959087228512,7098.2643701288
201.299049671053,1508.35022250106,7098.2646010038
220.749006943157,1443.99658896788,7098.26554309755
237.32472934984,1568.5357457329,7098.26634597255
350.276677454411,27.5853905690182,7098.2718170038
354.244476471764,108.36564978689,7098.2720091913
7.38240746826992,370.046104869459,7098.27264555068
14.0144383822272,220.171700315852,7098.27296678505
19.6432290740879,297.546098870782,7098.27323942568
30.6428634934806,1519.47032733801,7098.27379742568
51.692521256978,1901.86888460175,7098.2748170038
78.0990303098112,560.22420036328,7098.27609605068
177.005937517234,177.243275611971,7098.28088678505
185.502511394747,318.528647902383,7098.28129833193
192.788422708191,204.417940907753,7098.28165123818
202.471787882059,1397.44482652304,7098.28212026943
215.356489414963,1287.2598542657,7098.28274436318
228.505710869839,992.998461235572,7098.28338126942
254.060272225782,1842.78203807509,7098.28461905068
350.159719667434,165.057648104927,7098.28927380068
0.748904315862298,118.391643710858,7098.28978670693
3.77798017166995,320.645149320953,7098.28993342568
7.55448612157572,809.542932689311,7098.29011634755
18.3814161345673,303.795127942763,7098.29064076943
28.1831700715483,327.142257727786,7098.29111553505
37.8804064057371,2142.13002891483,7098.29158523818
58.6955446445545,1867.41400121093,7098.29259345692
177.137894312869,527.330012989324,7098.29833042568
186.474480290969,786.946563469115,7098.29878266005
199.692735034809,258.48331808298,7098.29942291005
208.444151314643,67.9859571417474,7098.29984680068
211.829038710383,2184.37623544787,7098.3000107538
236.957464811347,1563.92920835913,7098.30122789442
1.78087408177607,199.581171034247,7098.3072739413
4.40284728437904,50.4569858117421,7098.3074009413
10.0887355186844,199.015526280988,7098.30767634755
17.2723873059877,1157.4019520566,7098.30802430068
28.6512607049612,265.935579113474,7098.30857545692
36.1094325967394,1461.37979495364,7098.30893670693
63.6498289314904,242.584202725382,7098.31027067568
76.4896911059966,190.920473874812,7098.31089259755
173.52247951201,31.7605663990861,7098.31560770693
184.327796296385,82.2437465353154,7098.31613108193
190.507885273848,247.643378026297,7098.31643042568
202.253215608298,832.248214788223,7098.31699933193
211.720448571111,989.966331133019,7098.31745789443
220.957033137278,783.884512856048,7098.31790528505
261.485035744114,1523.42216619417,7098.31986833193
346.743036836967,123.973331600524,7098.32399795693
358.132555593931,39.5200504266224,7098.3245496288
1.3690537541585,1006.23098742147,7098.32470639443
9.99433916503047,147.504716774272,7098.32512417568
18.0689715033418,165.96581053907,7098.32551528505
26.0926353536779,270.002326052676,7098.32590392568
32.148528951087,1433.96872154256,7098.3261972538
51.1494475388359,1326.82054232447,7098.32711759755
69.6513267174865,159.853116854514,7098.32801376943
178.665476164443,68.0550060749852,7098.3332940663
186.621719739642,112.533440899121,7098.3336794413
198.927703291601,965.367008554097,7098.3342755038
208.787845159556,1013.37593871875,7098.33475309755
217.900879483602,200.894828550346,7098.3351945038
238.584080386731,2153.3277383412,7098.33619633193
351.009246686456,48.4868152572648,7098.34164184755
352.329588219665,78.5632323085927,7098.34170580067
1.12487609466578,164.829816462486,7098.3421318163
6.99496057871746,635.640096113832,7098.34241614443
11.6711569111589,330.342891929902,7098.34264264443
19.6470781509576,29.2988341921152,7098.34302897255
22.4171180013292,1605.66149265406,7098.34316314443
39.5522033121009,129.24165904149,7098.34399311318
45.4761595362675,1608.65443188385,7098.34428005068
67.2867959664392,1119.37470403944,7098.34533648818
164.18012583686,25.4601634913643,7098.3500296913
177.925162347992,180.707643293587,7098.35069545693
187.448202614937,283.313483784298,7098.35115672255
197.376410008624,1131.12985644648,7098.35163761318
210.217885159403,328.05991256879,7098.35225961318
218.309937085662,1446.49270339414,7098.3526515663
238.573777076431,1406.02340881202,7098.35363308193
347.942445445029,32.6178806187016,7098.35895817568
358.72679421383,105.287702167889,7098.35948053505
6.59981075200128,288.830542816143,7098.3598618788
9.50017503689638,188.44409366281,7098.36000236318
17.4854512461564,1268.43935355225,7098.36038914443
27.0936540390378,54.1394637454395,7098.36085453505
31.4388778624931,932.418253718481,7098.3610650038
54.6256631675589,1127.93596684924,7098.36218809755
72.0810756668803,1815.1682379397,7098.36303358193
172.12638634708,77.3582031765585,7098.36787945693
174.60803497021,218.97371416113,7098.36799966005
180.596508254928,80.3953431605109,7098.36828972255
191.156015056254,1256.05470469026,7098.3688011913
198.697091322208,827.902246758327,7098.36916645693
209.882413577082,263.379817955212,7098.36970823818
219.69319989578,62.3267409904926,7098.3701834413
224.399396663068,1766.82679597917,7098.37041139443
237.903139382009,1352.84783375766,7098.37106547255
350.766053907718,70.2958247167373,7098.3765321913
358.294226776584,51.6075411571837,7098.37689683193
1.29330215999119,185.327447832506,7098.37704209755
7.66436157960371,319.000215132093,7098.3773506913
16.1402900292859,234.390673536922,7098.37776123818
19.3567879371698,1143.81581983736,7098.37791703505
37.3651115857043,1820.46033803118,7098.37878930068
67.21908960592,704.720060085151,7098.38023533193
173.036741472444,30.9174630341857,7098.38536080068
185.881765013296,151.773829615287,7098.38598297255
192.775735147276,313.534642693014,7098.38631689442
203.020398751695,1020.47081895762,7098.38681311318
216.501237891045,1000.83874521317,7098.38746608193
248.945898328042,2756.76770300493,7098.38903759755
350.230581731291,214.114725949344,7098.3939435038
1.90720136452036,133.531810608822,7098.39450908193
5.45854279676124,443.743791711526,7098.39468109755
13.0738136804717,1725.5078477163,7098.39504995693
29.8982493598985,423.641788316331,7098.3958648788
39.871618699727,1448.1543741951,7098.39634795693
55.6558551191818,327.830734780932,7098.39715772255
72.2496423644078,203.681307930914,7098.39796147255
181.247339949094,52.5992201183545,7098.40324097255
190.628765285592,372.878644627761,7098.4036953788
202.589582580501,280.11210018164,7098.40427472255
212.619081737097,1432.29050841853,7098.40476051943
236.153613963609,848.701664502016,7098.40590045693
266.395984660553,1791.1606642329,7098.40736530068
340.748344969354,37.4449984907876,7098.4109666913
343.096765868267,110.171156919581,7098.4110804413
349.091690832752,93.8223804203275,7098.4113708163
359.936685609179,249.00531636618,7098.41189611318
3.60802878080452,1213.19987389512,7098.4120739413
17.1279007742715,525.90287680232,7098.41272880068
23.0905671897043,447.790166058226,7098.41301761317
33.688461632106,1639.74966937985,7098.4135309413
49.9738573226396,279.843676009861,7098.4143197538
56.5384679239058,476.414629968502,7098.41463772255
68.4773494024552,34.5752662611609,7098.4152160038
87.8334343922026,2005.27883187362,7098.41615355068
169.950745171201,37.130062913171,7098.42013105068
180.581865925887,839.441516298223,7098.42064598818
190.208133482203,163.80069522981,7098.4211122538
198.683416756398,1344.824362981,7098.42152276943
211.255533169048,552.116297125593,7098.42213172255
220.263727265004,1614.62354597575,7098.42256805068
247.592830242411,1395.72264856724,7098.42389178505
349.861076128048,65.2717532800828,7098.42884533192
355.720837916962,110.935947927882,7098.42912916005
5.5490438611614,343.503753219565,7098.42960520693
9.05554593500481,204.785285951026,7098.42977505068
16.0556466480494,75.0779230451748,7098.43011411317
18.8782679251147,122.294854798533,7098.43025083193
23.4122041516213,1714.32135154248,7098.4304704413
44.240245862635,661.595167539275,7098.43147928505
57.4939849203033,211.643411129891,7098.4321212538
63.7982692027122,1042.61954625429,7098.43242661318
179.538933246458,156.767321346507,7098.4380630038
186.748391865492,136.798489203116,7098.43841220693
196.416272902768,907.584118969851,7098.43888048817
210.192922825019,655.20278091924,7098.43954778505
216.028168058068,931.127730474657,7098.43983042568
239.950125235631,1517.88681623799,7098.4409891288
349.105567025291,45.2807652484566,7098.44627626943
359.158937524709,82.6425733402303,7098.44676322255
5.93677700978255,305.275860146281,7098.44709151943
13.8094709602102,266.922900449273,7098.44747284755
18.842446595815,159.970606206095,7098.4477166288
22.9096018871681,1572.36423881102,7098.4479136288
44.1792628395378,1074.98721035881,7098.44894386318
62.5640435309435,1099.32141167945,7098.44983436318
178.119577411831,145.96816810819,7098.4554315038
183.804175370269,91.4390299588952,7098.45570684755
189.13780049227,174.24980902625,7098.4559651913
199.787631185878,1000.83874521317,7098.45648103505
212.388780270143,1106.9517524831,7098.45709139443
229.431283574426,845.863157294957,7098.4579168788
249.055759539071,1676.01554856844,7098.45886742568
343.385181550118,54.5715486688358,7098.4634364413
351.038194899417,69.4217114349804,7098.4638071288
0.253488824711567,369.029223845629,7098.46425348818
8.19586116448281,118.232840184973,7098.4646381913
11.9326891223374,423.996449061548,7098.4648191913
20.7195897911082,1535.99966079554,7098.46524480068
35.5007702488766,892.217244530258,7098.4659607538
45.1754255912177,542.226874511442,7098.46642936318
51.2513194785244,42.8832351573316,7098.46672366005
57.5839912570606,725.321636085852,7098.46703039443
70.9335381986553,1815.1682379397,7098.4676770038
172.38919179171,46.7607515208801,7098.4725911913
183.65709587057,881.369255356645,7098.47313697255
195.496943700417,714.88487352056,7098.47371045693
202.008650287246,194.431054589828,7098.47402586318
212.57267327943,49.4223412195183,7098.47453755068
216.184015581363,1724.11362964198,7098.47471247255
228.10967107508,1226.01739871442,7098.47529011318
359.23040971221,78.8020274034018,7098.48167216005
2.60174853537322,157.604054806804,7098.48183545693
6.20663915753926,48.6077636474569,7098.4820100663
15.9293596981616,358.911206310708,7098.4824810038
23.134947264271,493.157792380572,7098.48283001943
31.1415141144035,432.768487712565,7098.48321783193
36.5990120287144,67.8822345556718,7098.48348217568
39.9432536691716,1494.7360016393,7098.48364416005
78.3554193377579,3000.71367753674,7098.48550472255
164.585692529738,60.8393752044023,7098.4896814413
173.484530281854,124.653481980985,7098.49011247255
184.334363874437,1087.22242320169,7098.4906380038
191.061234833981,983.262915532634,7098.49096383193
200.215560126352,552.932533093298,7098.49140723818
219.670678802355,2450.07236721051,7098.49234958193
245.607181080151,1783.08623421941,7098.49360586318
352.562913831708,78.6827131227241,7098.49878645693
359.769469123495,81.9576836952329,7098.49913551943
3.04919377850883,400.290439683815,7098.4992943788
13.7828966095242,155.080295827226,7098.49981428505
17.7555344430337,416.845918893571,7098.50000670693
28.4218169613578,99.9786989308582,7098.50052334755
33.6780216632725,1940.67362180306,7098.5007779413
48.0417767351437,1966.52583106527,7098.50147367568
178.729463872683,44.9684837977582,7098.50780376943
189.012837668369,304.289510255629,7098.50830186318
194.960020022317,927.245336068694,7098.50858992568
201.515275654122,165.739227897532,7098.5089074413
213.058990150878,88.7275877770044,7098.50946658193
217.280663844875,1758.6406775294,7098.5096710663
238.975169551032,1620.57045560715,7098.5107218788
354.951999870742,109.056985664324,7098.51633942568
4.69278517479946,62.7024335231319,7098.51681123817
6.6008771833318,600.623384361398,7098.51690366005
11.1770720662858,247.643378026297,7098.5171253163
21.440445572074,143.50165500332,7098.5176224413
24.9566252031225,1403.45524091146,7098.5177927538
43.9246401414392,1903.13298453759,7098.5187115038
81.4454639321096,506.094277596958,7098.52054795693
172.397417952862,44.1249189964132,7098.5249533788
188.659264888317,856.458903797375,7098.52574105068
196.576798197142,238.207314984251,7098.52612455068
202.719467221653,512.586750822663,7098.52642208193
218.289691292033,2105.89679028317,7098.5271762538
243.13295200564,729.042382019429,7098.52837958193
260.324489758477,1431.45073572271,7098.52921228505
346.007013092482,108.36564978689,7098.53336247255
349.468353257738,95.951038781017,7098.5335301288
355.194242071839,190.329085825169,7098.53380747255
0.571738826559596,539.168931723566,7098.5340679413
6.04826926753664,293.476909440926,7098.53433320693
16.962619845563,301.061536811531,7098.53486186317
20.2917000498331,208.24257596086,7098.53502311318
27.4237381361199,2145.49555899168,7098.5353685663
47.7227399656354,780.425279955921,7098.53635178505
55.8254372498842,515.219145125201,7098.5367442538
76.4160560714167,168.103045372625,7098.53774159755
181.339178959305,122.601748198115,7098.54282373818
193.17709126269,808.056177525884,7098.5433971288
204.825968575279,847.992898123096,7098.54396136318
216.504523697418,106.441327973883,7098.54452703505
228.518890144698,1576.94635127825,7098.54510897255
257.666406376288,1328.63176016684,7098.54652078505
346.738010784256,111.695500071285,7098.5508351288
349.769989892204,23.6922113872051,7098.55098198818
357.378163883105,237.417252524352,7098.5513505038
5.71150963910908,103.940682449899,7098.55175414443
8.7392951814955,1271.28019222766,7098.55190080068
20.9343093382334,1215.18051177105,7098.55249148818
32.7170595505279,112.866868628991,7098.55306220693
43.3194701837885,292.707635907163,7098.5535757538
49.5237530167099,1757.27254969615,7098.55387626943
179.727562256446,65.2717532800828,7098.56018292568
189.068873886809,202.756741951582,7098.5606405038
198.415459972305,780.810416323163,7098.56109322255
203.675858277334,590.528181909633,7098.56134801943
219.603829451663,1460.55667560319,7098.56211951943
246.640347523606,896.251406423687,7098.56342908193
341.759135735009,33.6282876545191,7098.56803633193
356.602897726866,204.601696696116,7098.5687553163
359.925526176261,106.881718753282,7098.5689162538
9.04404449195166,120.202861553231,7098.56935792567
15.5560737040779,217.423745674239,7098.56967334755
20.3322714860067,1234.81325164931,7098.5699046913
38.6967292622173,562.9008925645,7098.57079420692
52.6804789386978,1335.852650719,7098.57147153505
185.194966536651,163.226154814566,7098.57789011317
197.526756957895,71.8162682100676,7098.57848742568
199.688078354922,1024.58685979911,7098.57859211318
209.234989927136,292.193658157913,7098.57905453505
216.331543699594,258.919080620146,7098.57939826943
224.121655788482,35.9734811383738,7098.57977559755
230.895946845928,1438.99148152826,7098.58010372255
1.21427383340503,98.939675896581,7098.58641592568
3.06010682048468,41.9978080090644,7098.58650533192
8.64050972632036,60.2185454279258,7098.5867756288
20.0890615897453,158.791729765184,7098.58733016005
24.9891320888764,1262.7383583208,7098.5875675038
34.4008804479641,432.768487712565,7098.5880233788
44.7403840604173,149.528889270556,7098.5885241913
48.4675344610669,299.308994256009,7098.58870472255
64.2190514914997,796.062105123951,7098.58946767568
179.305546398135,93.3707000605466,7098.59504209755
187.168240203614,143.108316863483,7098.5954229413
193.331232105765,216.384243856282,7098.59572145693
198.245818978258,207.519515460497,7098.5959595038
209.610821254465,1000.23789251225,7098.59650998818
222.050032493088,1088.88009719976,7098.5971125038
234.357951533956,805.074340526346,7098.59770866005
354.776639694552,69.3540155860539,7098.60354441005
359.493159156978,46.710500051228,7098.60377286317
1.25931364731949,147.504716774272,7098.60385841005
11.2913934683116,261.087013120331,7098.60434433192
19.5986098048402,202.571306950894,7098.60474670693
24.235450732974,1133.25393513719,7098.60497130068
37.0275702969428,939.484601225615,7098.60559091005
54.1749138293156,521.886089899226,7098.60642147255
73.3490607210769,66.165198320256,7098.60735020692
89.1892886675196,1956.71767677652,7098.60811745692
168.346234291931,64.3659153753973,7098.6119515663
176.570223628985,404.771466344656,7098.61234991005
184.119041925682,120.437090855852,7098.61271555068
186.384235787568,181.951051447804,7098.61282526943
196.906000085751,79.2181806263947,7098.61333491005
202.818665851547,1801.87020859535,7098.61362130068
223.444123961636,1362.59026284336,7098.61462033193
235.772688505443,910.890474159487,7098.61521748818
267.893150700965,22.4972939583123,7098.61677330068
351.338545119023,49.8952927585616,7098.6208151288
357.143789917226,105.821705564946,7098.6210963163
3.67001291496964,115.41832073414,7098.62141242568
8.27362753081987,261.949156810104,7098.62163541005
17.7498929504587,379.075382195282,7098.62209441005
21.6180131060682,86.6925212172909,7098.62228176943
28.2352051340281,1282.58059728381,7098.62260228505
47.558709024533,1468.76677487029,7098.6235382538
82.262756819136,1102.59801289203,7098.62521920693
168.309801562155,113.448014871231,7098.62938705068
178.05961924793,120.748716581076,7098.62985930067
186.870713809713,982.651182646066,7098.63028608193
200.551555848037,1011.59436383114,7098.63094873817
215.409511625512,163.685939802427,7098.63166841005
222.327030514571,1537.56463117105,7098.63200347255
241.306335911257,1545.36561325358,7098.63292276943
349.70176675992,54.7434285402826,7098.63817309755
353.411174984879,48.9448204188392,7098.63835276943
356.649931259312,80.6287051013932,7098.63850964442
7.33040760080772,350.649537184111,7098.63902697255
14.4647038013009,959.745283246605,7098.63937253505
23.4361231949001,185.732526580829,7098.63980708193
28.4965186385087,1455.60841158243,7098.6400521913
52.8071910429898,1880.24862346481,7098.64122972255
72.0377903768161,1060.91235796413,7098.6421611913
170.291871037884,106.705783098349,7098.64693298818
182.825599771905,670.621447262931,7098.64754008193
194.207699048316,1036.25674707786,7098.64809139443
205.032048359357,835.132962784257,7098.6486156913
219.318060385845,1356.39866005732,7098.64930766005
236.383467307273,1784.43448906052,7098.6501342538
351.180603223436,89.8324470366418,7098.65569466005
354.621297885753,117.355541950914,7098.6558613163
1.70623853699031,60.2185454279258,7098.65620448818
7.46567625111829,460.042504091263,7098.65648345693
11.3776680394478,414.676709636908,7098.6566729413
20.5597356900119,196.736640867279,7098.6571176913
23.7475234764707,1463.84626642515,7098.65727209755
38.4364445154942,1623.53597232823,7098.65798358192
67.0868568268943,245.815728883159,7098.6593713163
84.2506522590911,365.344948738411,7098.66020267568
176.842307275925,56.6825891779033,7098.66468751943
183.680470180881,189.438520425966,7098.66501873817
187.393426871021,222.717122522198,7098.66519858193
196.761303634942,268.326999508517,7098.66565233193
206.700801486999,1039.73218923414,7098.66613376943
215.805126017072,1489.90120241166,7098.6665747538
232.545689559092,168.438013536942,7098.66738561318
247.486227160553,830.802093787497,7098.66810928505
353.577753880956,185.226028959207,7098.67324801943
1.94368069864835,65.9518689660743,7098.67365323817
7.53859994029167,143.632536420135,7098.67392423818
11.0876832958802,468.781347073843,7098.67409614443
20.4681408691465,345.68473084029,7098.6745505038
26.0546728670061,225.567203804289,7098.67482109755
29.382462720301,737.243266435428,7098.67498228505
46.6401303972999,1711.5132644463,7098.6758181913
78.4241361673001,1780.38672693503,7098.67735770693
167.99510257211,46.4078359074804,7098.68169623817
172.489360844119,318.528647902383,7098.68191392568
180.617542334802,155.322421591109,7098.6823076288
193.296111876707,1553.12740446334,7098.68292173818
209.175384192223,212.882655947766,7098.6837010038
211.760905317766,1089.98399195315,7098.68382623818
226.859509636836,1714.32135154248,7098.6845575663
255.429598276011,22.1818969442511,7098.68594141005
268.691724577463,2172.2315057815,7098.68658378505
339.714036956316,122.601748198115,7098.6900238788
351.412269818162,78.7423945491916,7098.6905905038
353.170682240207,108.36564978689,7098.69067567568
0.493045668263603,1280.70409832759,7098.69103034755
16.1374643188463,303.547659230574,7098.69178811317
25.0763026507569,1604.16302463773,7098.69222108192
38.579400231764,2010.0703324033,7098.6928751288
68.7495117998604,62.5899609918434,7098.69433647255
84.4845769680232,380.855541548542,7098.6950986288
177.663337247139,54.009161726265,7098.69961191005
184.744084295261,222.885779277426,7098.6999548788
197.48362247009,604.614303068018,7098.7005719413
204.950504155842,903.600638757496,7098.70093361318
218.032627848217,1443.99658896788,7098.70156726943
247.607892198396,156.64740338206,7098.70299980068
260.10871724543,1742.1530884576,7098.70360530068
341.530856731727,78.6827131227241,7098.7075491288
344.665095403368,29.952859637028,7098.7077009413
350.104205891393,109.486857080565,7098.70796439443
356.530427439649,417.926276918834,7098.70827566005
5.43216840635056,145.839396115122,7098.70870683193
8.74028051993802,433.809238531424,7098.7088670663
18.7149402107416,1590.61286364448,7098.70935020693
29.7480022147318,134.303471122088,7098.70988461318
42.4501204741618,1617.59972083786,7098.71049986317
60.2210214209844,563.967983424618,7098.7113606288
75.2734960682363,274.145817158455,7098.71208972255
177.098832361543,54.3991240942177,7098.7170218163
180.86759631826,124.728824490994,7098.71720436318
187.53769228555,202.014044381471,7098.7175274413
194.536825272917,318.764514783965,7098.71786645693
205.793761443597,1426.40155242901,7098.71841170692
226.729869222585,1123.66349558357,7098.71942578505
249.144707915242,2086.39194809734,7098.72051148818
349.958752197307,75.3901038819116,7098.72541008193
358.783717881856,93.6219018976558,7098.72583753505
1.8489233020877,227.722618539872,7098.7259860038
6.53641009289905,1143.81581983736,7098.72621305068
26.8812190064894,491.631457766317,7098.72719848818
31.4719302252508,1413.69960182658,7098.72742084755
45.4266471925626,2536.87870710451,7098.72809676943
175.890137575668,27.8396403152747,7098.7344160038
189.310975882879,338.211958439416,7098.7350660663
192.143597267339,154.716406353117,7098.73520326943
196.936892049472,1156.36256126095,7098.7354354413
216.861694912769,148.393700105665,7098.73640053505
220.900140157805,1454.78218360751,7098.73659614443
237.589089998808,23.8158017612511,7098.7374045038
242.097541943773,2347.81527552741,7098.7376228788
347.9200325889,21.9958253000474,7098.74274858193
350.334583487083,72.9196980575608,7098.74286553505
356.941452744796,265.79424772244,7098.74318555068
5.67351387266681,251.707071852181,7098.7436085038
13.0949109869799,370.249136905088,7098.74396797255
21.0914776546097,1708.70051441341,7098.74435530067
32.6319663490359,1324.0987195573,7098.74491428505
44.2663273258181,64.657161569226,7098.7454778163
53.5483963883158,679.970080241787,7098.74592741005
176.231452202185,29.3588937883005,7098.75186978505
181.832500535852,54.009161726265,7098.75214108192
191.563285770068,138.708031172108,7098.75261241005
196.382709934122,236.783287421716,7098.75284584755
200.161796623532,832.970303843439,7098.75302889443
213.342954039716,632.79603779165,7098.75366734755
228.598012250339,1499.55503569998,7098.7544062538
256.336475995157,1994.45571169576,7098.7557498163
344.656779218548,38.5879141140411,7098.76002776943
347.420367351598,102.392642975513,7098.7601616288
353.151740194896,327.60139045962,7098.76043923818
2.53800427244256,671.06953327567,7098.7608938788
7.57388323529511,489.486562393893,7098.76113780068
10.748767624665,279.843676009861,7098.76129158193
20.7382662390198,89.727801577677,7098.7617754413
23.3705621743152,1415.39968634419,7098.7619029413
39.9653171076648,2698.5753631692,7098.76270673818
68.9954123018197,312.333797714004,7098.76411286318
177.051064801153,60.2965039009362,7098.7693579413
183.941809095249,170.654393394365,7098.76969170692
195.558750484084,294.75458185324,7098.77025439443
198.512018783417,841.587521893672,7098.7703974413
212.750610824664,1593.63400253909,7098.77108711318
227.392434428638,103.669177409227,7098.7717963163
243.395567908847,1471.22092286622,7098.77257145692
354.323293318425,79.6321619755957,7098.7779444413
359.912405980681,315.922593641105,7098.77821516005
3.9640772105489,64.9471032510007,7098.77841141005
12.1522596084777,257.463661501589,7098.77880801943
18.5468677456152,1346.61148898374,7098.7791177538
30.3944576062048,228.71057825391,7098.77969161318
36.9955203220845,1472.03804701235,7098.78001134755
53.673179667164,48.3169858289667,7098.78081916005
57.501621868276,238.049524536876,7098.78100459755
185.865727175402,155.926077605173,7098.78722214442
189.278356929336,218.97371416113,7098.7873874413
195.31070180922,122.448398642838,7098.7876796288
206.795705787258,965.367008554097,7098.78823592567
214.610979569944,1429.76974704112,7098.78861447255
236.137741001287,746.160300213461,7098.78965716005
254.6063938301,1491.51457851104,7098.79055172255
337.987271187606,25.5292557926889,7098.79459042568
343.762192963219,113.28228632923,7098.79487014442
353.977823896024,85.8759383048913,7098.79536495693
357.804330570673,214.640596962745,7098.79555030068
4.087001624466,41.4914526347676,7098.79585461318
7.31317708955473,737.65094033007,7098.7960108788
11.8864687203688,1268.43935355225,7098.79623239443
32.4554743883926,236.783287421716,7098.7972286913
39.1033120266864,859.961823973521,7098.7975506913
58.1987480722788,2302.30279285593,7098.79847561318
178.006923807687,213.939158055787,7098.80427873817
185.374449219438,123.669852136743,7098.80463559755
191.367438695015,120.670876069262,7098.8049258788
199.001419517648,1488.28616097774,7098.80529564443
213.246463201109,946.498102116777,7098.8059856288
230.854362424622,522.749454834326,7098.8068304413
250.458192923882,2176.65574453463,7098.80777998818
353.501611261811,235.669761483592,7098.81277108192
357.463603812438,156.40734540856,7098.81296298818
3.09271705448894,234.550934230526,7098.81323564443
10.1057212397299,1247.40862084138,7098.81357533193
21.0991052516688,365.344948738411,7098.8141078163
26.6104748309868,588.998960715514,7098.81437476942
35.4644732622589,65.0193926476916,7098.8148036288
41.3161703200241,338.656075404842,7098.8150870663
47.4298067104731,425.765311895532,7098.8153831913
61.0906484589,554.832124688431,7098.8160448788
73.809218618154,2705.69566751533,7098.81666092568
168.362837346081,56.6411431646152,7098.82124080067
175.774879528487,221.70244806663,7098.8215998163
185.854701960016,276.330291981708,7098.82208805067
188.895713487235,1355.51170288295,7098.82223534755
200.143939901496,822.802881383922,7098.82278017568
215.185769228311,331.478455795065,7098.8235087538
224.563323549438,1812.51658126769,7098.82396297255
244.794905066262,1476.11689538252,7098.82494292568
349.762867199886,66.5192137483395,7098.83002723817
356.411995189155,283.578660553729,7098.83034930068
6.11568320311122,509.940700776923,7098.8308193163
11.0212376563324,263.665006494662,7098.83105692568
19.0749019415149,87.715952556966,7098.83144701943
21.4336455731205,908.908170949019,7098.83156126943
26.8979177549426,1641.21560786157,7098.8318259413
57.9544937207422,785.417009208089,7098.83333022255
74.3686009070806,2005.27883187362,7098.83412526943
169.380613363932,47.9265412078878,7098.83872734755
174.696818897985,213.587564301676,7098.83898484755
184.628897344597,231.973384945405,7098.83946592568
191.696740958077,42.7460948582148,7098.83980826943
193.667737050888,1433.96872154256,7098.83990373818
206.658246575113,1270.33383812147,7098.84053295693
226.862408283933,814.725231723656,7098.84151158192
236.306737779817,2017.23637793805,7098.84196903505
354.909412317501,124.954574465264,7098.84771376943
0.965629314756073,185.327447832506,7098.84800189442
8.45541454254533,264.660793281024,7098.84836467568
14.8174416179943,1226.01739871442,7098.84867283193
27.7556922657152,1103.68814087991,7098.84929951942
39.8010269110734,247.946663201049,7098.84988295693
48.112114300527,296.787400211329,7098.85028551943
55.4835106525424,60.6847627704354,7098.8506425663
66.6249613498039,461.021665287831,7098.85118222255
90.883052327591,2335.49068973105,7098.85235720692
166.310266886956,30.2842750876664,7098.85601066005
168.257391636945,164.487493070631,7098.85610497255
173.547790376821,116.793838489393,7098.85636122255
184.885050294834,1292.85260275225,7098.85691036318
196.619412721104,886.809792266519,7098.85747873818
217.588746737268,813.986877901129,7098.85849442568
232.767029665738,2329.30386090402,7098.85922961318
351.090345357899,88.7275877770044,7098.8649608163
5.54539208528356,161.490279482202,7098.86566097255
9.02737767837072,185.327447832506,7098.8658296288
18.8971971410844,1307.64965522445,7098.8663076913
30.0718740755218,440.684627678323,7098.86684895693
37.0348774984652,36.7485798735689,7098.86718622255
45.2814477898139,1458.08476403886,7098.86758566005
186.688644047859,65.5589818543412,7098.87443497255
190.730315095224,892.890872350449,7098.87463073818
201.990799731086,215.862633323738,7098.87517616005
211.84771579671,520.732734710094,7098.87565359755
224.631770704639,1393.99847221,7098.8762728163
238.773587098729,1801.87020859535,7098.87695780067
349.546471555474,29.7167013219024,7098.88232328505
353.415236961679,107.844240482269,7098.88251067568
358.195950859359,195.68328901709,7098.88274223817
9.7251490578611,426.118224039485,7098.88330067568
14.5461861981874,345.467238149766,7098.8835341913
18.8459254877577,906.921426846452,7098.88374245693
31.0670691015244,316.872722505579,7098.88433441005
38.344270620994,1747.66623395328,7098.88468689443
51.7673669673032,415.039030920994,7098.8853370663
71.2918415200144,122.754903464362,7098.88628276943
178.981219858557,43.4544900063116,7098.89147172255
186.191323615526,112.700279664146,7098.89182095693
193.3043292127,251.707071852181,7098.89216548818
198.926023011752,244.282233330395,7098.89243778505
202.626398854993,230.999372408114,7098.89261701943
213.50300696743,1430.61051893767,7098.89314384755
237.601740876633,1174.93148543701,7098.89431111318
350.405944883625,28.4240443682027,7098.89977498818
354.879235027398,84.107380782239,7098.89999166005
2.16966253169972,113.116301048155,7098.90034478505
8.98718004637833,110.085850157926,7098.9006750038
15.5675972968731,1111.82951734179,7098.90099373818
24.1325592878627,25.8946301900931,7098.90140859755
26.8542113522094,544.716105554954,7098.90154042568
41.9712030975663,1422.18015142248,7098.90227264443
63.507642011007,255.706206209183,7098.90331580068
70.7571011722825,3121.70111982368,7098.9036669413
170.809186157547,93.1188251507287,7098.90851314442
176.970565196087,163.456206903057,7098.90881158193
180.231579837071,325.530130629303,7098.90896953505
189.985268613325,1219.13235062721,7098.90944197255
203.477398211044,1423.87024393287,7098.91009548817
215.04014527202,364.108604378188,7098.91065555068
230.067458300582,2390.45094829748,7098.91138342568
251.808738929154,1596.64936827397,7098.9124365038
345.971706903701,37.9124960592225,7098.91699745692
348.764005158176,104.66125188735,7098.91713270693
354.49505541373,160.205335109076,7098.91741030068
3.96712715514658,239.936320811651,7098.91786909755
8.28944747411843,1186.13618926844,7098.91807845693
17.3902236141177,1347.50410829554,7098.91851926943
32.4626985888209,111.27417043344,7098.91924933193
43.6228591498971,527.330012989324,7098.91978989443
51.5158759404121,396.138344349595,7098.92017220692
59.5943792940945,2084.08534874138,7098.9205635038
178.571575348187,79.1588669613041,7098.9263263788
181.881622988237,273.459588306935,7098.92648670693
190.024965990214,121.21462167336,7098.92688114443
194.682129795989,291.678792230243,7098.92710672255
199.38768138779,1344.824362981,7098.92733464443
214.8172582534,478.303952000658,7098.9280820038
224.89353233241,81.3247941211515,7098.9285700663
230.194576317614,1896.80382511881,7098.92882683193
355.32304872915,90.4057939621339,7098.93487876943
359.48052795034,47.2851896526905,7098.93508014443
3.0438050164381,74.3865247176956,7098.93525273818
13.799766289111,556.99522771846,7098.93577372255
17.3607852410032,128.146687705666,7098.93594620693
25.5789680362243,742.120365160304,7098.93634426943
29.958385860087,871.076544228799,7098.93655639442
40.6353137364013,388.668763839917,7098.93707355068
52.874522113603,2398.48607641591,7098.9376663788
179.819897339198,55.4256120166574,7098.94381520693
183.604790532887,262.235927417365,7098.94399853505
195.624318346514,1343.92985629006,7098.94458072255
203.952825286362,212.882655947766,7098.9449841288
212.576497758515,293.476909440926,7098.94540183192
221.310171862658,1105.8650661866,7098.94582486318
235.805219169838,2253.73875117896,7098.94652695693
350.266543760859,96.0977894481907,7098.95207109755
356.665990751707,101.285653475447,7098.9523810663
2.28445867332086,82.0722309557986,7098.95265320693
6.86678264829839,518.128373538929,7098.95287516005
15.412712075068,317.109838388063,7098.95328909755
19.1263139406952,731.101235107445,7098.95346897255
26.5996472686605,183.595846858786,7098.95383095693
37.9511009722918,2134.25632722419,7098.95438078505
57.80267694351,1693.14728903913,7098.95534233192
177.895050378152,51.9251308617186,7098.96115922255
188.131971876721,416.845918893571,7098.9616550663
191.631377057756,231.486885216015,7098.9618245663
198.964708393993,303.29996847378,7098.96217976943
202.099914791311,1363.47244605872,7098.9623316288
217.522394801667,1636.81357356893,7098.96307864442
241.131444271232,800.580879367629,7098.9642221913
351.935296850947,81.5555054045625,7098.96958917567
0.899296839101513,132.89712386122,7098.97002336318
6.14388845734869,83.8276809078664,7098.97027739443
10.2897545948704,331.478455795065,7098.97047820693
19.9476354871979,67.1867006474258,7098.9709460038
23.0859282657569,335.310723631466,7098.9710821288
27.2508268923911,1319.55024684771,7098.97128386317
47.3353094871242,721.998294483939,7098.9722566913
57.1548056373503,1551.57808823247,7098.9727323163
80.5399808651183,130.471522474807,7098.97386501942
173.036150698431,43.1834047687207,7098.97834523818
178.379453415191,200.520378079716,7098.97860405068
187.290871939098,205.883324277956,7098.9790356913
190.383174542035,184.106840883658,7098.97918547255
198.429741934409,1464.66749839647,7098.97957522255
209.559256960259,51.5164438885662,7098.98011430068
219.103910455821,575.05311623629,7098.98057661318
230.70085147965,1496.34404866816,7098.98113833192
257.848661534558,21.4416175786658,7098.98245328505
358.261396875911,89.2027771093318,7098.98731695693
2.58758817269991,83.7155345045915,7098.9875265038
8.52702849590538,217.423745674239,7098.9878141913
17.5381259191096,434.501656876307,7098.98825066005
23.40724263993,413.224232609366,7098.9885349413
28.0715033009601,74.0701180945713,7098.98876086318
35.207412440172,1717.12477570196,7098.9891065038
57.6893488953309,488.256712838364,7098.99019545693
65.4301054349622,105.019680451957,7098.99057039443
181.126931696107,57.4235728412198,7098.9961743788
184.801500707617,119.261309161622,7098.99635236318
188.37735858306,193.267943315867,7098.9965255663
198.29363034289,177.031139747541,7098.9970058788
203.557577037993,1229.9343765676,7098.99726084755
219.244254457685,1254.13857077206,7098.99802066005
230.590546757416,260.22201060627,7098.99857023818
251.010840639738,501.319707968406,7098.99955933193
257.317060373501,2210.64233585366,7098.99986478505
340.064380246717,29.7167013219024,7099.00387280068
344.366700200684,139.113803809821,7099.0040811913
350.348076630147,65.9518689660743,7099.00437091005
359.05465351403,565.564928223239,7099.0047926288
4.45827968822565,162.070967757444,7099.00505436318
6.53895475017523,230.510832643915,7099.00515514442
15.0348834897548,665.220378781584,7099.00556666005
20.653673999113,2136.50896974116,7099.0058388163
36.921972651889,1245.47916424689,7099.00662680068
59.5664920906239,391.942256428024,7099.0077236288
71.7269896592108,487.33228563691,7099.00831264443
174.491176670477,53.3088538590132,7099.01329014443
177.849612096552,93.421000102456,7099.0134528163
188.810092383951,199.015526280988,7099.01398370693
196.586333312518,304.042430121498,7099.01436036318
205.134520853494,341.30878678873,7099.01477441005
209.605230370425,1007.42536535137,7099.01499095693
223.175103051081,472.931360739892,7099.01564823818
230.585532294768,1441.49614467182,7099.01600717568
358.273498835859,46.8360281113966,7099.02219197255
0.592564475413173,89.7801416543942,7099.02230430068
6.69716844659082,291.678792230243,7099.02259998817
14.9072866233258,208.783240696064,7099.02299766005
21.7454495282816,324.836768594849,7099.0233288788
25.4545351654963,652.904619258265,7099.02350853505
37.0269597836773,1792.50281284737,7099.0240690663
55.0243155615859,869.003313752614,7099.02494080068
79.4507961023368,525.044729915436,7099.0261239413
178.173507097567,47.9510355033685,7099.0309057538
185.642001684484,213.235415436053,7099.0312675038
194.028251454925,291.936336216381,7099.03167370693
204.625823272029,468.460603642029,7099.03218701943
208.730398478781,1072.74777949584,7099.03238583193
220.526374675908,266.500183032647,7099.0329571913
224.777726217007,1658.70683854763,7099.03316311318
260.374044913593,802.081512318864,7099.03488728505
344.120733955981,112.199013968528,7099.03894370693
348.609830786536,25.483214496913,7099.03916114442
0.956460131331305,118.86680528761,7099.03975917568
5.73201270021878,587.977277977103,7099.03999048818
12.805340305342,331.478455795065,7099.04033309755
18.7444580032499,329.659632924972,7099.04062076943
22.8116133321568,72.6615712043355,7099.04081776943
29.123962195498,1510.73997756157,7099.04112351942
44.5851524346734,60.9165357046138,7099.04187241005
47.374224849265,798.324684136986,7099.0420075038
64.8325406382803,855.756632223148,7099.0428531288
176.487050676572,69.1844845301937,7099.0482613163
188.912390754875,206.248046419333,7099.04886316005
199.198345214957,409.570571902051,7099.0493613788
203.055174912196,425.058654940358,7099.0495481913
210.029791456361,69.4893448338618,7099.04988601943
212.061433519244,658.863130720277,7099.04998442567
227.051649295259,1525.00012617907,7099.0507105038
249.659716544273,401.789657100693,7099.0518055663
355.931072886545,77.7216693781391,7099.05694395693
359.168538847558,113.448014871231,7099.05710076943
10.576767543444,261.518445787701,7099.05765334755
16.0603948396759,351.719570135245,7099.05791895693
24.1840601394996,532.718313905889,7099.0583124413
32.3948234166143,1329.53659193191,7099.05871014443
46.890193311538,792.276688699189,7099.0594122538
59.6242475322769,786.946563469115,7099.06002905068
182.939893142313,87.0170116518132,7099.0660020663
186.511880002386,135.626010422385,7099.06617508193
191.284529356687,124.124807654447,7099.0664062538
200.390144237735,407.731431950609,7099.06684730068
204.214070210434,419.362489179065,7099.06703251942
213.936145650677,846.573644519566,7099.06750342568
223.402088300069,530.739507897948,7099.06796192568
231.62865830152,1432.29050841853,7099.06836039443
1.10890875242713,180.811587924268,7099.0746320038
7.20964170823374,113.861309269936,7099.0749275038
10.0480696720815,136.454680887965,7099.07506498818
17.2626895823545,906.921426846452,7099.0754144413
31.8496737205358,491.325591323033,7099.07612098818
40.7320595728275,597.10952848846,7099.07655122255
49.8625135599292,864.14658762024,7099.07699347255
57.565205083782,2492.88856224439,7099.0773665663
181.957317732886,295.518526316485,7099.08339172255
189.447425510865,223.222718087612,7099.08375451942
192.958443813121,908.246422515191,7099.08392458193
206.069277664475,1583.0348143453,7099.0845596288
223.133716785118,346.770084869163,7099.08538617568
231.706098181552,1556.9938671689,7099.08580139443
246.592764005345,289.610141424035,7099.08652245692
355.101422363435,109.056985664324,7099.09177826943
8.09967388084862,298.302910151094,7099.09240786317
13.7668522513394,701.727620455728,7099.09268236318
20.4517871421803,240.874181711703,7099.09300616005
30.8648402344561,802.830746327032,7099.09351053505
41.1991825181167,89.2027771093318,7099.09401109755
46.4094619703575,1849.29593860517,7099.0942755038
86.5477815119362,1938.19360561065,7099.09621967568
163.047914682742,57.0131060417811,7099.09992509755
174.5271121565,306.994346610523,7099.10048111318
179.007821780825,272.081968066828,7099.10069814443
182.983362828921,529.889188083388,7099.10089070692
191.655423124653,156.887114410864,7099.1013107538
196.335813097763,342.188444246716,7099.10153745693
205.832723945233,1546.14354652693,7099.10199745693
219.843893317056,2416.46769261195,7099.10267611318
240.222896268608,723.661852664037,7099.10366320693
342.296945834658,21.7272450031558,7099.10860734755
356.021659468149,64.2563571795485,7099.1092721288
358.972992278573,173.49337244621,7099.10941508193
5.70566977995123,225.233776074418,7099.1097411913
16.4287273280841,401.415373163516,7099.11026058193
21.9878395930473,997.227855847882,7099.11052984755
32.2321805721693,1417.09799450496,7099.11102605068
45.4926939724565,509.35083928394,7099.11166834755
60.5351685123136,258.773918959676,7099.11239695693
76.4560427938337,1823.10067042835,7099.11316811318
172.792267874372,196.545529851377,7099.11783433193
178.024601271018,55.3408013859169,7099.11808776943
182.465955491036,208.60316252147,7099.11830289443
190.225744557334,1230.91170589618,7099.1186787538
200.066208760689,194.140925557917,7099.11915539443
205.757903536828,1095.48625726319,7099.11943108192
220.416501590815,80.1612873302382,7099.12014109755
228.963721406114,1747.66623395328,7099.12055509755
246.778816460739,848.701664502016,7099.1214180038
349.435777648402,21.0547516921178,7099.1263903788
351.290965642497,107.931316661869,7099.12648023818
5.5263318063073,377.883946356405,7099.1271697538
13.0503110345039,167.094060810058,7099.1275341913
16.060999501579,1105.32116792683,7099.12768001942
27.7934264013861,753.776374651238,7099.12824830067
40.4565118818063,746.965600484373,7099.12886166005
48.9159884692185,92.6130144796034,7099.12927141005
63.5691025691158,2306.47723142852,7099.12998116005
172.258532362583,39.0116342008362,7099.13525564443
175.779228222044,216.73129957378,7099.13542617568
182.631584875064,91.3362371846027,7099.13575808193
191.930428350021,1343.03479448761,7099.13620848817
200.56893978328,171.861233577708,7099.13662691005
203.842212683418,256.439924850582,7099.13678545693
214.39010643863,87.5551575685307,7099.13729636318
224.471219221135,1490.70811250596,7099.13778466005
243.356974885655,227.392354945621,7099.13869942568
258.717195949666,2455.95477288418,7099.13944342568
343.070022743447,39.2517095215705,7099.14352920693
347.809768373209,103.396957662483,7099.14375878505
350.819489114606,260.22201060627,7099.1439045663
359.24702974071,183.902615358278,7099.14431276943
8.35554794900527,1380.12756778494,7099.14475395693
23.3457636874662,74.3865247176956,7099.14548003505
26.4167756119774,1226.99783666746,7099.14562878505
45.0009139893166,2410.48869753513,7099.1465289413
182.005466256164,69.8265056886527,7099.1531650038
185.947781067083,86.1489907189039,7099.15335595693
194.553711363545,267.906558049091,7099.15377280068
201.250904513541,322.747772951715,7099.1540971913
207.68519064273,44.0183375860492,7099.15440884755
210.518134652488,1088.88009719976,7099.1545460663
223.750905732135,1776.32963893615,7099.15518701943
251.840664788472,886.809792266519,7099.15654759755
346.490091362772,81.6706147155344,7099.16113211317
358.640588823964,251.109188997845,7099.16172064443
2.93355380846895,110.511717832384,7099.16192858193
4.96584115950125,265.086397277514,7099.16202701943
13.7827422255643,62.3644122454969,7099.16245408193
18.4899067185294,453.129145316922,7099.16268208193
23.3851384766119,1372.26352503461,7099.1629191913
42.0266970592473,547.193956812464,7099.1638221288
45.796428704088,450.133763596483,7099.16400472255
54.5046185266899,25.4139990302216,7099.16442651942
59.8288887167835,1501.9588905929,7099.16468441005
181.245152112261,182.36363807933,7099.17056542567
191.805949264562,118.629453482733,7099.17107695693
199.340251225451,1220.11822867307,7099.17144189442
207.561982485853,348.715195608307,7099.1718401288
220.918948870447,1211.21590535012,7099.17248709755
239.121146325933,1701.64859980559,7099.1733687538
349.550882168322,28.8952490407057,7099.17872022255
353.233515798317,148.140236189143,7099.17889859755
4.03528411751141,99.9786989308582,7099.17942180067
8.80535280741661,217.423745674239,7099.17965284755
13.1347699440895,1358.17046498232,7099.17986255068
26.6033508618377,33.8891796569651,7099.18051492568
36.6863991708048,357.021634478372,7099.1810033163
43.7881142720556,1635.34352726202,7099.18134730068
63.4700104044426,2452.03479742884,7099.1823006288
174.198378090534,71.4884887398348,7099.18766395693
181.847843012206,234.550934230526,7099.18803447255
186.759526632558,855.756632223148,7099.1882723788
200.021975521754,1364.35418518488,7099.18891476943
213.849271306682,200.145219841907,7099.18958451943
224.418133077469,1739.38996539391,7099.1900964413
250.653349315198,2531.1841511666,7099.1913671913
344.957932220192,74.0701180945713,7099.1959350038
352.965144245812,147.759263158243,7099.19632284755
3.51077984926402,1261.78578696567,7099.19683364442
12.6531695453307,266.359156952944,7099.19727647255
17.4329156797794,1233.83903094521,7099.19750798817
33.3173378466858,705.998703942612,7099.1982773788
47.5927045527371,210.039360903913,7099.19896883192
58.4941518087825,3397.63905898849,7099.19949686318
174.558725281271,251.557746855369,7099.20511866005
181.376242720842,209.860379074556,7099.2054488788
187.795367376289,182.157469663657,7099.20575980068
193.246090947981,1543.80852546154,7099.2060238163
212.404753778258,267.625838157315,7099.20695180068
215.105115239285,1085.00808337908,7099.20708259755
232.10729537603,2376.32402644294,7099.2079061288
268.344591037459,358.072627104633,7099.20966134755
348.343806839109,43.7238925621308,7099.2135362538
354.834545410363,178.510817239186,7099.21385064443
0.296882065722404,112.533440899121,7099.21411522255
6.58826295104253,279.036821426715,7099.21441995693
11.9635015540032,542.226874511442,7099.2146803163
18.6358556730532,406.254113682891,7099.2150035038
25.3527265252029,176.81875408293,7099.21532884755
30.2408613529228,1735.2369541257,7099.21556561317
44.7988127819352,1330.44075756317,7099.2162707538
84.4275235818883,1096.03481845966,7099.21819183193
166.2264426988,96.6825716708364,7099.22215391005
173.763647911829,37.6014740177677,7099.22251898818
181.64505165623,172.406991461038,7099.22290073818
185.006390371999,808.799860418929,7099.22306355068
202.612772733675,772.293673456659,7099.22391634755
211.023538984872,1341.24289452586,7099.22432373818
232.909337758478,2019.6193606381,7099.2253838163
351.301364114304,32.9937362153476,7099.23111834755
355.200129917801,62.2890419799127,7099.2313071913
359.368577009617,210.753789420259,7099.23150909755
11.6168177685358,1261.78578696567,7099.23210236318
24.0521579917873,182.157469663657,7099.2327046913
27.890600375402,718.659576293135,7099.23289061318
40.3162630790024,345.90205699736,7099.23349247255
52.1815950777293,1649.98437135466,7099.2340671913
67.5918168289297,403.283323402448,7099.23481361317
92.3444311376181,25.7810058024166,7099.23601255068
172.385260382674,36.1688110017688,7099.23988947255
182.70444115504,176.286624187227,7099.24038930068
185.671903202437,95.6077370051212,7099.24053303505
198.437893384484,1259.87831278707,7099.2411513788
214.869097571026,813.24796896709,7099.2419472538
226.125711191516,1454.78218360751,7099.24249248818
250.396383053756,936.921207284058,7099.24366808193
353.31044468284,141.125194863534,7099.24865291005
355.794996595664,141.39123205581,7099.2487732538
2.34315533466026,62.0245452220836,7099.24909042568
10.64585548033,716.564918512574,7099.24949258193
18.0185422208743,1012.18855519392,7099.2498496913
31.5945440311087,489.17941919413,7099.25050726943
43.5060057767619,337.544658890465,7099.25108422255
50.7348195102064,2335.49068973105,7099.25143436318
173.440456315923,33.029311924393,7099.25737783193
188.653901045586,261.949156810104,7099.25811472255
196.849906952073,1047.22275295899,7099.25851264443
210.475909487051,328.05991256879,7099.25917264443
217.303749659314,967.233737547701,7099.25950336318
231.625891250226,2258.00311781654,7099.26019708193
349.810172676335,32.7257110299684,7099.26592155068
356.641238726036,107.145084471405,7099.26625242568
1.24033715102739,128.585794789693,7099.2664751913
9.00077139281247,281.45044628225,7099.26685108192
15.0721491268142,521.309773127143,7099.26714516005
19.8244755659204,70.6956160279049,7099.26737534755
26.9661912469661,1725.5078477163,7099.26772126943
52.8862416624921,861.359039650011,7099.2689767538
64.1299518483396,1750.41625638528,7099.26952136317
170.734711838567,47.6562539430958,7099.27468495693
179.701937629051,260.077570590767,7099.27511930068
184.844914896646,211.998224530774,7099.27536841005
192.219214538355,1038.57489275327,7099.27572559755
203.695831310163,90.2497868104923,7099.27628148818
205.929411836038,1372.26352503461,7099.27638967568
223.934187094499,1363.47244605872,7099.27726176943
239.456991104532,304.783087656801,7099.27801364443
0.321633701771642,77.1758282280821,7099.2838679413
5.5333215579248,209.3225037747,7099.2841203788
15.2308805174112,143.50165500332,7099.28459009755
18.5199601043324,301.809521818797,7099.28474941005
25.8161941129142,586.441450955988,7099.2851028163
33.6192096739982,60.8393752044023,7099.28548076943
36.3866688224197,651.521836481095,7099.2856148163
50.7617143902148,193.75341608896,7099.28631109755
58.726022546346,2682.48578905173,7099.28669686318
172.648952323961,151.526027836191,7099.29221492568
178.008384315247,239.936320811651,7099.29247451943
186.332375064235,82.2437465353154,7099.29287770693
193.238603494924,1402.59814873644,7099.29321222255
203.441330955532,750.57904336262,7099.29370641005
216.385065594897,757.357287994864,7099.29433336318
233.81112283486,1663.05091919838,7099.29517742568
257.243395497678,2593.1354841191,7099.29631241005
340.074791899933,30.9933329001311,7099.3003360663
343.837104101775,137.209910100466,7099.30051830068
349.774931486261,177.878184404179,7099.30080591005
359.30893969894,279.036821426715,7099.30126770693
2.44737189858885,698.291979794874,7099.30141972255
8.07003349842582,1467.12852977515,7099.3016920663
24.5538190741079,89.4131574336043,7099.30249048817
27.7003159673505,1536.7823680279,7099.30264289442
40.8998608098216,1374.88986862166,7099.30328223818
62.9166292309919,586.441450955988,7099.30434866005
181.070587634511,42.5809457138548,7099.31007166005
185.77259076113,135.833649883565,7099.31029941005
194.170776165428,170.213426686772,7099.3107061913
199.325366441583,1019.29165108317,7099.31095586317
209.418737483243,466.531424603289,7099.3114447538
223.876687537875,1406.87828054098,7099.31214505068
237.125910442239,166.869032480754,7099.31278680068
265.349864986024,1611.64170897621,7099.3141538788
342.565814914917,70.7620212425653,7099.31789397255
346.915877516974,105.644007430961,7099.31810467568
353.030804258399,108.452309632856,7099.31840086318
359.160569810712,331.024679889325,7099.31869776942
8.13908617222792,1452.30028003596,7099.31913266005
22.5134866020893,91.0271510945471,7099.31982891005
25.099975378202,1272.22565815543,7099.3199541913
49.7616206191205,2756.76770300493,7099.32114872255
178.814122951437,162.880459120274,7099.32739961318
191.383981249881,869.003313752614,7099.32800845693
197.794718661545,246.121262259535,7099.32831897255
210.124896144071,1351.95865613724,7099.32891620693
228.682905139489,1360.82412005578,7099.32981509755
250.344507196214,2536.87870710451,7099.3308643163
347.157513281748,83.3781932385591,7099.3355536288
350.147878946289,115.580996162823,7099.33569847255
357.049913736309,222.379406555895,7099.33603278505
7.09296146548077,1237.73125082494,7099.33651923818
14.9453325382671,1103.68814087991,7099.33689958193
34.834328462438,428.930918561221,7099.3378629413
40.1173076842076,21.8753730407695,7099.33811883193
42.3966953317108,335.086514091643,7099.33822923818
53.6039534029446,3403.29719961119,7099.33877208193
170.521166744132,35.5795948259185,7099.34445155067
176.871903323657,540.004652105353,7099.34475916005
190.964364206045,948.401912559405,7099.3454417538
199.596746472172,1408.58680275358,7099.3458598788
220.479305061235,1520.26158328766,7099.34687136318
238.287303260604,1270.33383812147,7099.34773392568
351.510868104849,83.1525473476979,7099.35321811317
357.279338238248,112.533440899121,7099.35349751943
3.72426968787301,63.2617846996197,7099.3538096913
6.98528436641046,323.213150688062,7099.35396764443
15.5921824261038,1112.91043047856,7099.35438453505
29.2797987694932,162.302657424895,7099.35504751943
34.9995585291238,1456.43441751275,7099.3553245663
53.4365980219256,390.21263997796,7099.35621759755
69.1526306258684,1875.12538829537,7099.35697883193
171.112485031921,114.273111806451,7099.3619174413
177.153862293523,210.039360903913,7099.3622100663
183.557825437676,117.595461146536,7099.3625202538
193.552162793079,1366.99562780507,7099.36300434755
204.592644240068,224.062851605922,7099.36353911318
209.384971296523,1086.66919906852,7099.36377123818
221.719664894799,851.530623791064,7099.3643686913
239.661858619172,23.4180140556983,7099.3652377538
259.310528439275,2162.24416149657,7099.36618947255
346.4475889066,126.89428674495,7099.37041011318
356.046114104722,116.229421920355,7099.37087503505
359.761328833961,100.447414275173,7099.37105498817
2.61620862252473,1092.18811772394,7099.37119326942
21.5977721334174,918.122522453046,7099.37211267568
28.2507711380573,114.190865097008,7099.37243492568
39.7628722612484,2058.54133739081,7099.37299253505
54.3340496750932,59.2751195349628,7099.3736983163
71.124291316559,1739.38996539391,7099.37451158193
169.928293859908,58.837656968791,7099.37929733193
175.730312818227,188.941973178203,7099.37957836318
179.153587892597,784.651121854552,7099.37974417568
198.039020969374,1435.64482524283,7099.38065892568
209.856610395117,1424.7145685431,7099.38123133193
223.665742710957,1336.75248648046,7099.3819308788
265.91602813786,1940.67362180306,7099.38397734755
346.232022662879,139.921838004931,7099.38786759755
352.016944583441,142.05410459045,7099.38814780068
358.914463182602,805.820854488104,7099.38848189442
3.30452640200829,60.2185454279258,7099.38869453505
9.77010331701828,642.695063834964,7099.38900770693
21.0763950369544,300.061336888646,7099.38955534755
28.2529499690027,261.518445787701,7099.38990295693
32.1065537888046,2026.7518774375,7099.39008961318
56.2330299810932,1694.56715326533,7099.39125822255
173.774076365707,56.3084440186046,7099.39695153505
183.214534808666,123.289448095143,7099.39740880068
186.74974696638,147.122078408835,7099.39758003505
190.393992992854,904.930408385241,7099.39775655068
206.593903532154,738.465566474389,7099.39854122255
213.207224507189,1386.21314427212,7099.39886155068
244.160250558319,2947.34170402933,7099.4003608163
345.528806136529,111.863587837213,7099.40527078505
355.368947714587,76.8097668801815,7099.40574741005
357.645754697694,130.183183677524,7099.4058576913
3.2871261988992,1320.46118483942,7099.4061309413
20.8551209946068,962.872559462369,7099.4069818788
27.7410265101001,392.708504604045,7099.40731541005
46.2070986745169,2705.69566751533,7099.40820984755
71.7719827255983,279.306022754611,7099.4094481288
177.217371152366,55.1707811380364,7099.4145555663
183.700045105134,159.500107566046,7099.4148695663
191.169507417728,305.767855479644,7099.41523136318
198.23638330553,62.3267409904926,7099.41557366005
200.865453363388,410.303901965392,7099.4157010038
214.579844339293,1938.19360561065,7099.41636528505
240.857641821214,1380.12756778494,7099.41763809755
256.790451736592,940.763689172286,7099.41840983193
340.663764641065,39.9338825896045,7099.42250378505
350.053254596049,92.6130144796034,7099.42295858193
356.650768884301,220.512788584593,7099.42327814443
5.48508957586541,70.3626115705624,7099.42370605068
7.53060283662247,317.820048056916,7099.4238051288
15.7010430213062,1231.88814704633,7099.4242008788
29.6799538816304,1396.58395958975,7099.42487797255
38.4210474287723,682.61757357746,7099.42530136318
51.734787356133,89.2027771093318,7099.42594623817
59.6778049089456,224.565421813594,7099.42633097255
65.7156337804736,318.292614487348,7099.42662342568
180.503737277365,33.2242809653049,7099.43218339443
187.703195713897,183.186035784821,7099.43253211318
197.730114168543,275.649503223008,7099.43301778505
202.131467883874,181.744411187346,7099.43323097255
209.112213482508,961.622892425851,7099.43356909755
238.080049692764,1768.18748531815,7099.43497220693
354.7830194657,137.89289154964,7099.44062492568
3.70282523339005,121.05952351682,7099.44105697255
6.5193174184318,40.5756643562238,7099.44119339443
14.6578216042528,1406.87828054098,7099.44158759755
32.3329147047028,266.076854993358,7099.44244372255
35.8329650612251,1321.37156771961,7099.4426132538
60.5691274700896,963.496726846813,7099.44381139443
95.0576883417866,249.909148930527,7099.44548191005
172.442995521766,49.1363824628444,7099.44923020693
178.855345834595,135.279232260643,7099.44954080068
185.371568649836,137.072908579228,7099.44985642568
191.582303237633,698.291979794874,7099.4501572538
200.377913662823,785.417009208089,7099.45058328505
214.349082454851,1074.98721035881,7099.4512600038
225.861183615596,1081.12208074829,7099.45181761318
1.45313485538143,66.8362240552334,7099.4583852538
4.06349504942449,97.7936204238361,7099.4585116913
12.4697449971015,157.484789098383,7099.45891886317
20.9234150802338,375.689812592839,7099.45932833193
28.1109378829083,962.247947988715,7099.45967647255
36.5517044938441,1439.82681333199,7099.4600853163
57.1574849017793,102.667520318622,7099.46108339443
79.2910292224508,977.12893332158,7099.46215547255
173.982077856423,243.357500817609,7099.46677714443
178.533756258621,52.0155134242639,7099.46699761318
183.866413654944,253.492254964627,7099.46725591005
188.066796670514,190.230345364917,7099.46745936318
191.577492385027,612.027095669987,7099.46762941005
211.679717155451,1550.80304153898,7099.46860309755
232.485177837064,859.961823973521,7099.46961084755
254.143231466162,1655.80449351665,7099.47065989443
341.785460397055,30.6695849272565,7099.4749050038
348.098131923247,128.366428597815,7099.47521076943
358.768930669984,125.254945304576,7099.4757276288
2.39091825480003,231.161992325646,7099.4759030663
8.21713110613167,1202.24752375719,7099.47618526942
20.2518204310535,161.838931145297,7099.4767681913
24.9676947931,1121.52109821295,7099.47699661318
46.4486490652607,1988.41720866483,7099.47803708193
61.2404748434655,1000.83874521317,7099.47875355068
172.465946412192,82.2437465353154,7099.48414095693
182.793514390788,206.248046419333,7099.4846411913
187.370031861486,703.866409601517,7099.48486286318
196.554035000959,328.746446731643,7099.48530770693
204.377373364576,1365.23514715492,7099.48568664442
222.247307997655,1383.60822798944,7099.48655220693
240.226598974575,333.061772606058,7099.4874230663
258.529765605226,2049.17371959823,7099.48830961318
347.870728713768,49.1841602168197,7099.4926370038
357.686676436367,884.093742659076,7099.49311245693
6.08260372645926,130.111005303135,7099.4935191288
10.1991145670685,244.896797285676,7099.49371851943
18.6205260635944,1392.27218642901,7099.49412642568
29.3135831768811,38.4659908092555,7099.49464436318
38.6582337734676,1992.04253092944,7099.49509698818
55.7178341155081,753.377416007339,7099.49592330068
177.590233125703,43.3191607585037,7099.50182641005
190.521709543467,253.047138798479,7099.50245276943
193.638851177351,236.465680369946,7099.5026037538
199.29699712857,319.706233709027,7099.5028778163
208.318094696723,57.2187054681539,7099.50331476943
213.158486913905,1418.79397119737,7099.50354922255
223.389924495939,1325.00665994684,7099.50404480068
249.994940888343,375.889819270725,7099.50535816005
348.572165975309,33.9929785708737,7099.51013292568
357.570359926317,126.0027499006,7099.51056876942
3.31850721962885,109.82953435601,7099.5108471913
8.14696376539993,213.939158055787,7099.5110810663
16.0470774487238,517.547837919352,7099.51146372255
25.3239851448753,124.124807654447,7099.5119130663
28.3549965271455,1117.22409101844,7099.5120598788
37.5554514913345,381.052828180017,7099.51250551943
56.2102360963563,1764.10230867674,7099.51340909755
174.445485972887,62.8894367138422,7099.51913603505
186.418884077141,156.287163766144,7099.51971598818
193.722537566275,967.233737547701,7099.5200697538
201.064256108742,213.235415436053,7099.52042536317
212.342160332551,1311.32293912373,7099.5209716288
229.062400996929,1013.37593871875,7099.5217815038
249.197206866596,2347.81527552741,7099.52275676943
347.340554742948,70.8946651384323,7099.52751051943
349.970915114227,93.2700375266826,7099.52763792567
355.821321933679,164.829816462486,7099.52792130068
4.65531999994594,303.795127942763,7099.5283491913
8.22085521780455,1120.44840072656,7099.52852189443
19.8187640048653,1103.68814087991,7099.52908366005
38.967426690193,1298.42125939916,7099.53001116005
55.2660483655592,2585.7052055045,7099.53080061318
177.222964726203,112.199013968528,7099.5367078163
191.564783981714,414.314083041489,7099.53740248817
194.404179671239,523.898313620208,7099.53754001942
203.13011174464,1500.35683876837,7099.53796267568
217.853226821625,70.8946651384323,7099.5386758163
231.607618302218,1619.08586537862,7099.53934203505
246.504929484,1094.38791362493,7099.54006361318
348.212844777426,35.8426656410504,7099.54499001943
358.976305731635,139.383671271531,7099.54554978505
5.52510964611897,320.645149320953,7099.54586698818
10.0235615212431,344.377776295701,7099.5460848788
17.5923801078372,58.1551126699331,7099.54645148818
19.8985423127491,1225.03618360525,7099.5465631913
28.031562582034,1101.50688570343,7099.5469571288
53.306119841858,227.227042737255,7099.54818134755
59.1752365626785,1123.66349558357,7099.5484656288
176.146919860701,91.4390299588952,7099.55413136317
183.911870330899,97.4568134526343,7099.55450747255
197.230126524226,552.116297125593,7099.5551525663
201.515026890245,309.675590726144,7099.55536011318
209.87159877603,1011.59436383114,7099.5557648788
227.893470997141,641.290298641906,7099.55663780068
233.470970650837,1333.14947969865,7099.55690795693
268.436957665462,1423.87024393287,7099.55860159755
346.356143543096,154.473336899663,7099.5623757538
359.678270751794,102.484354336241,7099.56302103505
3.24864467314784,1046.64843458835,7099.56319397255
11.4684403695339,29.1984596223482,7099.56359211317
16.4236729973088,1332.24709042423,7099.5638321288
38.7294778587614,262.379173943117,7099.56491255068
41.6288744179791,665.220378781584,7099.56505298818
55.2451994333062,2010.0703324033,7099.56571251943
179.983768690435,42.2487080042888,7099.57175445693
183.191879392089,192.878671367858,7099.57190984755
192.784275498188,172.842365420145,7099.57237447255
196.779171698247,211.465789323739,7099.57256797255
204.417668749293,1460.55667560319,7099.57293795693
217.491405235437,829.353419273815,7099.57357120693
234.132935053647,1523.42216619417,7099.57437726943
349.302334409566,21.4963151445868,7099.57995570693
353.818528385274,103.940682449899,7099.58017445693
5.97192909860544,101.192866586164,7099.5807631288
10.9036129713016,204.601696696116,7099.5810020038
15.8565874848702,1292.85260275225,7099.58124191005
29.8564663607693,27.4787605863969,7099.58192001943
35.329448336565,779.654507621075,7099.58218511318
51.681941752046,1732.46283985407,7099.58297717568
80.1055765695088,1724.11362964198,7099.58435392567
170.22643345687,59.4334026438048,7099.58876734755
179.479147222456,375.28952168131,7099.58921551943
184.661157306614,291.678792230243,7099.58946651943
190.889311444804,551.026280160016,7099.5897681913
196.354873977601,46.6853500302733,7099.59003292568
198.046511187335,1466.30863007147,7099.59011486317
218.695518052503,1866.12569841316,7099.59111503505
242.221017859743,1847.99497926491,7099.59225453505
355.052319049442,68.8100618151388,7099.59771972255
2.0037093887173,466.853500302733,7099.59805642568
10.5554453573206,137.483524564885,7099.59847064443
15.2842231164558,298.050861768928,7099.5986996913
27.5985938746449,1657.25633216596,7099.59929616005
40.542005926266,1531.2953127733,7099.59992309755
64.1762170145214,912.868558522462,7099.60106786318
172.711327304723,65.3077314449746,7099.60632495693
186.484751349536,212.352441186781,7099.60699209755
189.35092159647,377.684994390393,7099.60713092567
195.306491194202,368.417713003666,7099.60741939443
205.059534757414,98.5591469548908,7099.60789180068
210.330255757582,1162.58513926937,7099.60814709755
219.99039480167,1641.21560786157,7099.6086150038
254.672184192169,928.541243894188,7099.6102948788
345.69317153944,74.8899969815753,7099.61470364443
352.931017617048,104.12128798043,7099.61505422255
358.50593653124,86.3668095374415,7099.6153242538
1.59017444058344,307.972036761583,7099.61547364442
8.95028037178271,34.9468717852908,7099.61583014442
13.1664700741357,602.622174383782,7099.61603436317
20.4749623794264,474.834505048705,7099.61638836318
28.1860410719553,982.039227714893,7099.61676186318
37.1861705869796,87.8764630507511,7099.61719780068
42.7265729130202,1455.60841158243,7099.61746616005
83.9026493399543,1768.18748531815,7099.61946059755
171.053258342301,154.59490632086,7099.62368189443
181.690830814308,57.7091603670699,7099.62419714443
185.595725709829,1093.28857078594,7099.62438628505
198.365909457438,468.460603642029,7099.62500483193
202.26886886405,199.392807820331,7099.6251938788
210.465761018398,48.680184883132,7099.62559091005
215.076149939313,1297.49477828511,7099.62581422255
230.797343909602,1962.85343534441,7099.62657570692
265.933738204993,1199.24303820795,7099.6283083788
342.174835332808,60.8393752044023,7099.6320012538
351.12851258827,99.41330397778,7099.6324349413
359.381857184684,362.868013414896,7099.63283470693
8.13456381549322,718.659576293135,7099.63325866005
16.6598477393239,76.1957719142003,7099.63367159755
19.8947329983863,1328.63176016684,7099.63382828505
41.3911713695858,2011.26648669003,7099.6348695038
64.1205307465132,1245.47916424689,7099.6359704413
174.231147597542,59.670025864822,7099.64130384755
181.625770154447,198.82660795556,7099.64166201943
189.170072260285,211.998224530774,7099.6420274413
194.381760153992,402.910427244052,7099.6422798788
201.239278210911,1441.49614467182,7099.64261203505
221.891188290665,848.701664502016,7099.64361234755
230.37195551895,1411.99740788522,7099.6440231288
357.731530253005,64.8385303780863,7099.65019201943
1.3822279592455,135.001163026338,7099.65036884755
8.49007215251978,169.77130812279,7099.6507131288
17.2521337527906,319.000215132093,7099.65113753505
21.6409066212222,1175.95455595421,7099.65135011318
35.4356212318002,1204.24614724612,7099.65201828505
49.2522716962919,85.8759383048913,7099.65268751943
65.5037958615005,291.936336216381,7099.6534746913
86.6070028149229,1110.74738295969,7099.65449686318
165.721689707779,74.8272485640022,7099.65832892568
177.003464984512,212.529327470179,7099.6588753788
181.395463655274,183.902615358278,7099.65908811318
185.288422916937,164.144461911597,7099.65927667568
190.490433253439,337.099043123956,7099.65952864443
201.685433027964,1029.2706686954,7099.66007089442
208.673598144705,884.093742659076,7099.6604093788
219.664724079992,963.496726846813,7099.6609417538
239.638882454991,925.947540864058,7099.66190923818
263.281803374774,1524.21131272007,7099.66305442568
348.730129809398,150.780207763823,7099.66719326943
352.861802161302,85.9852605783473,7099.66739339443
356.048944809827,110.766451566491,7099.66754776943
7.44846371173912,252.303539172161,7099.66809992568
10.5849604600329,1356.39866005732,7099.66825184755
22.7449826881624,557.534685086125,7099.6688865038
29.750244805107,505.499919700725,7099.6692258163
36.825507899139,771.124997189787,7099.66956851943
46.2404820605565,355.756368808358,7099.67002455067
51.4782994112925,412.86032925747,7099.6702782538
65.6530195299228,339.542616245581,7099.67096483193
81.5145381172379,2434.31608204503,7099.67173311318
172.721657090502,261.949156810104,7099.67615089443
177.142043294945,247.491582783255,7099.6763650038
186.637663828994,146.866435679627,7099.6768249413
192.486457672173,1427.24443374931,7099.67710823818
206.755372660903,840.157443615652,7099.6777993788
222.694634331155,1341.24289452586,7099.67857142568
244.733015980942,2000.47578502449,7099.67963889443
349.053872095253,37.1616765137972,7099.68469186318
356.072682784774,271.113437255721,7099.68503183193
8.26285820046326,135.833649883565,7099.68562228505
11.7203273503482,509.35083928394,7099.6857897538
18.016546976717,66.7659053044112,7099.68609472255
25.2901999934512,1920.74312010959,7099.68644703505
39.0029779930843,793.792975795071,7099.68711123818
51.4973513603509,971.575264685498,7099.68771642568
74.6163937274279,252.0054998012,7099.68883623818
175.163647181527,50.1769216454395,7099.69370642568
184.82023772288,179.560283308788,7099.69417416005
189.871278159473,261.662108647087,7099.6944188163
196.120722938536,778.496933584449,7099.69472151943
207.564758611102,141.258268970823,7099.69527583193
216.128107625819,1166.71516892097,7099.69569061318
228.918291663325,1264.64161365192,7099.6963101288
254.393174372314,1898.07125572372,7099.69754405067
347.631612970933,42.3597407150922,7099.70206022255
351.395538111494,201.827943246968,7099.70224253505
359.875337576547,138.165145990854,7099.70265326943
8.32868499682778,331.024679889325,7099.70306272255
15.6623389583621,56.8067606843137,7099.7034179413
18.2243112912727,1452.30028003596,7099.70354203505
30.8535252839216,1576.94635127825,7099.7041537538
61.3052538493017,1033.93327233192,7099.70562873818
87.1859488229663,33.6631937603027,7099.7068823163
110.495961744855,2045.64964967346,7099.7080113788
169.236118713538,152.514778584134,7099.71088201943
176.097830336019,242.11904703364,7099.7112143788
182.942767583594,128.146687705666,7099.71154592568
188.433491735081,972.812164157233,7099.7118118788
198.394925441052,1445.6611463487,7099.7122943788
211.133818440393,835.132962784257,7099.71291141005
229.352790270785,1410.29299349782,7099.7137938788
253.471847057629,1992.04253092944,7099.7149621288
347.339972087613,97.0704627789587,7099.71950880068
350.069688770446,82.2437465353154,7099.71964101942
357.776896485158,133.109023803257,7099.72001433193
4.45183123104973,447.118286839299,7099.72033764442
11.2277352272146,360.582508296403,7099.72066584755
16.1787742143207,1607.15862840277,7099.72090566005
32.8035295825165,101.285653475447,7099.72171091005
41.5091387407223,1753.16205996978,7099.72213258193
65.5301295669872,96.9736305145297,7099.72329608193
77.4332041064105,1100.96098904222,7099.7238726288
173.525232067511,41.9418458297294,7099.72852701942
179.471769283525,207.700523446874,7099.72881505068
184.302806531246,304.289510255629,7099.72904905067
192.680346470159,173.601646946686,7099.72945483193
201.713379709724,1367.87503546287,7099.72989236318
211.799976446318,1110.74738295969,7099.73038092568
229.848945850135,167.431069009183,7099.73125516005
243.250106455193,1746.28955740275,7099.73190426943
349.04033858882,113.530802814399,7099.73702841005
355.675272754918,46.6853500302733,7099.73734978505
358.475313040135,57.8717213040036,7099.73748541005
5.58509275987232,565.564928223239,7099.73782978505
14.4594140312317,346.986744892419,7099.7382596288
17.9310768916264,227.061605628798,7099.73842778505
26.3605530441924,1051.80575360464,7099.73883608193
34.4384112599412,49.8952927585616,7099.73922734755
35.9064968531748,1658.70683854763,7099.73929845693
60.7820161158342,494.679408546972,7099.74050334755
78.1687179514895,101.840653965457,7099.7413455038
181.154070946189,27.4359909790967,7099.74633378505
185.074772528492,190.920473874812,7099.7465236913
194.266517736262,292.964291714881,7099.74696891005
202.466635768048,145.193801426302,7099.74736609755
205.080221764421,519.576826008006,7099.7474926913
216.211349691436,458.733717678683,7099.74803184755
227.475705342668,84.4418077128317,7099.74857745693
229.748641235296,1629.45046344731,7099.74868755067
265.002051826593,1908.18094658596,7099.75039511318
339.490852053357,28.9561447736064,7099.75403191005
342.980579677187,92.765045645038,7099.7542009413
348.452916477495,260.366367355047,7099.7544660038
357.877245645928,371.262687259843,7099.75492248817
2.65344342785663,309.432812706234,7099.75515383193
10.6661393700128,1758.6406775294,7099.7555419413
26.6344336743266,80.977495542367,7099.75631539442
30.0951287016491,1366.11566503575,7099.75648301943
51.7886666445758,1111.82951734179,7099.75753378505
75.6067513948337,1768.18748531815,7099.75868745693
167.575816798003,58.2358258838234,7099.76314214443
173.741066814361,261.230925779898,7099.76344076943
182.607646054978,199.015526280988,7099.76387023818
189.222257343434,1077.78019842186,7099.7641906288
202.558255712452,597.10952848846,7099.76483658193
208.64060131708,639.412467418055,7099.7651311913
218.670745649163,71.3569550669924,7099.76561701943
222.953065313232,1994.45571169576,7099.7658244413
258.038731517053,1327.72648431256,7099.7675238788
346.92162352197,95.8040660692383,7099.77182908192
352.811708295919,118.9458115336,7099.7721143788
359.299543577479,47.6069426935677,7099.7724286288
5.11478859573808,773.849095914159,7099.77271030068
14.6071832523495,1290.05928162229,7099.77317008193
30.3667649012685,182.980783303144,7099.77393342568
38.2794593939373,45.1248934052462,7099.7743166913
41.5072477977448,1665.94060768688,7099.77447303505
60.0420306633817,2613.4596708971,7099.77537080068
175.065298822887,188.44409366281,7099.78094216005
184.462853433911,288.04886254008,7099.78139734755
191.544568245264,340.426853373543,7099.78174036318
199.419842860088,1641.21560786157,7099.7821218163
216.635897056127,1366.99562780507,7099.78295570693
240.363335288805,1382.73892336116,7099.78410498818
350.582985971039,44.0450037553219,7099.78944367568
355.005630289688,71.9469622767477,7099.78965789443
4.55641287727312,129.677060756173,7099.7901205038
8.28711170555026,272.220024299941,7099.79030120693
15.5639906372758,51.5620116048332,7099.79065367568
19.2159786569379,699.582280994093,7099.7908305663
28.9738609987527,1146.96530051361,7099.79130320692
40.876605794073,1081.67808043902,7099.79191278505
56.3842483303647,1463.02447934232,7099.79266392568
180.058608732473,138.843422869961,7099.7986543163
182.656710629808,262.522364957718,7099.79878016005
191.286512231538,1080.00930421071,7099.79919816005
209.054832476411,1003.23893637011,7099.80005880068
217.779474123729,950.301948243748,7099.80048139442
242.455635700455,2461.82341179235,7099.8016766288
351.278492079964,83.0960369957445,7099.80694766005
355.680490895674,51.7438904223955,7099.8071608788
9.04261872172122,1169.80314324167,7099.80780809755
19.6159966833668,463.298316377703,7099.80832023818
23.9296071332571,281.983991712309,7099.80852917568
34.9029908928524,72.8552496109813,7099.8090606913
38.1430374807073,1313.15569529278,7099.8092176288
60.8636870261071,3070.43324099254,7099.81031814443
172.631424498719,39.1318574766153,7099.8157318163
176.859549872483,296.026730906007,7099.81593661318
183.309642688454,252.0054998012,7099.81624903505
192.257835952272,1271.28019222766,7099.81668245693
205.622544442716,1437.31915258627,7099.81732980068
218.124014627683,838.72497835813,7099.81793533192
236.34395425886,2485.15874545774,7099.81881784755
355.075662917647,73.4971597471379,7099.82456883193
1.72188761722149,206.430164628735,7099.8248907538
6.52808575888887,297.293412110378,7099.82512355067
13.5930261577821,307.972036761583,7099.8254657538
19.6840815939376,1446.49270339414,7099.82576078505
37.3914331307786,1409.4401201703,7099.82661847255
56.1317028494803,54.9575211727937,7099.8275261913
59.4920738020178,975.897584964969,7099.82768895693
180.920475307738,52.8664473309348,7099.83360655068
182.383399609733,244.896797285676,7099.83367741005
188.315097864642,230.999372408114,7099.83396472255
197.775556597498,131.189586971558,7099.83442295693
203.789836676394,1411.99740788522,7099.83471426943
212.434477239229,666.123545212116,7099.83513298818
232.26056896646,1301.19670593842,7099.83609330068
351.874548382281,40.5756643562238,7099.84188701943
359.212073321633,108.8845680286,7099.84224242568
4.93409115791565,105.999112265387,7099.84251958193
11.512250331758,309.432812706234,7099.84283820693
23.7062968003723,350.863810227864,7099.84342884755
27.9886165019953,1333.14947969865,7099.84363626943
48.447620575583,1358.17046498232,7099.84462723818
74.0166981922255,52.0606439902149,7099.84586572255
175.860099361629,48.1709429289712,7099.8507986913
186.656706314477,270.558464521287,7099.85132164443
194.30971970133,301.809521818797,7099.85169233193
205.311168294201,1043.19597404867,7099.85222520693
215.980031514475,1426.40155242901,7099.85274197255
245.844009679639,1442.33003318561,7099.85418848818
353.597173212484,124.728824490994,7099.85940770692
359.729842129599,107.407797933501,7099.8597047538
5.12024228140882,52.6438510839444,7099.85996584755
14.0477900798419,1250.29731012916,7099.86039826942
28.7344530797667,1239.6726978281,7099.86110964443
43.7195074143275,26.1203923074271,7099.86183547255
55.9300057452118,189.339321998716,7099.86242691005
64.2588352728028,2107.03854364169,7099.86283033193
176.991425363989,195.87523270026,7099.86829073818
191.810348287346,1307.64965522445,7099.86900851943
206.25894329741,175.645983868655,7099.86970836318
218.104597669091,1647.06659422365,7099.8702821288
238.414244706381,1397.44482652304,7099.87126586317
269.320495985313,1167.74534486552,7099.87276286318
342.321854866018,34.8796026783393,7099.8763240663
344.855439702801,124.653481980985,7099.87644678505
357.964015477502,130.687363708581,7099.87708172255
1.95826646452033,287.26507284027,7099.8772751913
9.75192705614314,1367.87503546287,7099.8776526913
23.983744754772,25.8037705785918,7099.87834203505
26.2979715781701,74.512715442232,7099.8784541288
30.0973811076672,1213.19987389512,7099.87863816005
52.2273769631574,2414.47617455037,7099.8797100663
176.275291193551,43.23775712467,7099.88571855068
189.214509604503,235.190922293071,7099.88634528505
193.201018635886,672.4121814905,7099.8865383788
206.948635811414,1645.60576276784,7099.88720426943
233.756118350321,740.904115836827,7099.88850273817
240.851381771804,1578.47068749106,7099.88884641005
350.509734061042,92.9168339491859,7099.89415791005
359.485024507566,76.0723775639072,7099.89459264443
4.5499360669254,206.248046419333,7099.89483797255
11.0890624617578,677.312150809684,7099.89515470693
21.1834012666488,363.695545901876,7099.89564364443
27.7834962568511,1608.65443188385,7099.89596333193
42.0362820086087,21.0408045153709,7099.8966536913
49.6286493127278,279.036821426715,7099.8970214413
69.8802310818958,1086.11575289075,7099.89800236318
175.345297210818,71.6197795513906,7099.9031107538
191.037781097235,194.431054589828,7099.90387084755
194.377183996644,943.953804011244,7099.90403259755
206.870589600679,166.530886303029,7099.90463773818
216.210723968853,407.731431950609,7099.90509014442
224.109224751012,1321.37156771961,7099.90547272255
244.919524211227,1449.81415761691,7099.90648070692
349.860711824996,38.3742933263154,7099.91156372255
356.264997556893,213.059112019742,7099.91187392568
4.12220737072778,115.986692472703,7099.9122545038
9.51163979685985,252.452420079763,7099.91251555068
13.9146064133554,1374.88986862166,7099.9127288163
29.0877280130336,50.2704509963703,7099.9134637538
34.0065084135333,701.299074368222,7099.9137020038
47.5112189332591,945.862721479784,7099.9143561288
61.6418220961661,1926.99345369363,7099.91506411318
175.17732692273,48.4868152572648,7099.92056341005
178.385760174574,187.644760840655,7099.9207188163
188.158804065238,145.96816810819,7099.9211921913
193.565978629507,1172.88290191198,7099.92145409755
200.545756502464,201.641661701224,7099.92179217568
210.472996170474,925.947540864058,7099.92227301943
225.175788407371,1683.17504378734,7099.92298517568
268.263505195358,1357.28484007558,7099.92507220692
347.675293184536,121.833071409228,7099.92891866005
358.408350877617,525.044729915436,7099.92943853505
3.41777779569729,85.4372267378167,7099.92968117568
9.64948036151487,35.5795948259185,7099.92998301942
13.906638444448,1423.87024393287,7099.93018922255
36.3569614884879,165.739227897532,7099.93127664443
42.8499581739478,1809.86081677048,7099.93159114443
62.0905576527229,1661.60418757499,7099.93252309755
170.142757770799,60.8007602598271,7099.93775680068
175.553480762696,140.324099562328,7099.9380188788
181.376467811697,235.510250190529,7099.93830092568
188.40431092049,886.809792266519,7099.93864133193
198.693491220455,1288.19377387401,7099.93913970693
209.751069705202,1154.28089308978,7099.93967530068
229.610387744716,105.910447079083,7099.94063722255
233.247859466125,1652.89693043746,7099.94081341005
266.739631757939,2538.77385780754,7099.94243564443
341.060056142984,78.6229970017871,7099.94603548818
347.529181448068,135.695260583546,7099.94634883193
354.376376772295,265.511307384614,7099.94668048818
358.659019061662,386.924547957079,7099.94688792568
5.99299553583242,1475.30188066014,7099.94724316005
18.2076874698317,1278.82493483611,7099.94783480068
30.767223073137,949.669010097409,7099.94844314443
49.1455520472213,227.061605628798,7099.94933333193
58.1705206307455,59.7879940000823,7099.94977047255
60.9692706025421,2004.07912487321,7099.94990603505
170.743430952942,34.524282738202,7099.95522314442
184.561694356152,806.566646804896,7099.95589245693
191.4849721171,258.046806145273,7099.95624183193
197.866999444893,192.391005904291,7099.95655095693
208.614896061526,68.6049550502332,7099.95707155068
211.656875314422,1531.2953127733,7099.95721889443
224.074795949726,1276.00086052837,7099.9578203788
260.375318358286,854.350257206704,7099.95957866005
338.999353010719,36.3307856021677,7099.96338695692
354.49764057755,219.316662053437,7099.96413764443
0.193529031911623,98.0813902318189,7099.96441353505
3.4629308791252,56.2249621860467,7099.96457189442
11.9369238398988,661.140586721842,7099.96498234755
21.1883472920627,732.744143139286,7099.96543045693
26.9052037619996,1107.49476256444,7099.96570736318
48.2680918212379,2723.41482698835,7099.96674211318
178.813196265099,47.334830499679,7099.97306530068
183.344229201911,21.0686901952473,7099.97328476942
189.630126133142,1125.801785129,7099.97358923818
203.085803653801,869.694982696956,7099.97424098818
213.263369458166,803.579314201386,7099.97473395693
223.018025960097,250.059473128061,7099.9752064413
232.346224694413,2639.10049369542,7099.97565826942
349.748236850529,29.1179129419117,7099.98134484755
353.705067959702,55.4679739639408,7099.9815365038
355.895099478155,157.8422947901,7099.98164258193
9.91949483480992,1129.00155890827,7099.9823218788
17.5425077492626,170.103015006973,7099.98269111317
20.9215886407225,321.581372642044,7099.98285478505
31.5946454641117,473.883876583869,7099.9833717538
42.0160857626173,1740.77197101496,7099.98387653505
74.4013905429635,2695.00821659108,7099.98544517568
173.590559885604,291.162982613002,7099.99024958193
181.154539693595,234.871150306404,7099.99061595693
191.112102346641,1435.64482524283,7099.99109826943
204.951656353171,1346.61148898374,7099.99176861318
215.425032902882,647.819964338936,7099.99227591005
244.81352033892,168.994832017155,7099.99369939443
250.855542738455,2043.29686503968,7099.99399205067
350.737751539173,180.187018083977,7099.99885276943
356.819774556057,86.5840871222545,7099.99914736318
2.51695328628609,106.617707718026,7099.9994233163
6.64314172165421,86.3124086092348,7099.99962317568
12.5596784652683,1331.34425706061,7099.9999097538
27.5518296926379,507.577146979798,7100.00063592567
34.4474128404438,324.141935514888,7100.00096992568
44.2685219293887,307.4835941419,7100.0014456288
49.9134418582218,181.123060993826,7100.00171905068
62.7804012154343,2494.81724168277,7100.00234228505
173.492962177189,40.6335069758068,7100.00770484755
177.866573534326,234.871150306404,7100.0079166913
182.613416019342,174.034023303626,7100.00814661318
192.202586248003,233.587676978786,7100.00861108192
199.020426312872,73.7523583871358,7100.0089413163
200.961744596134,1504.35874868293,7100.00903534755
213.919672983563,1478.55860888058,7100.00966298818
231.727993770676,168.214761564478,7100.0105255663
256.502543858171,2857.85684006612,7100.0117255663
343.00798229256,67.9859571417474,7100.01591561318
359.251441839282,614.478135041452,7100.01670239443
4.58087339572177,125.629395775206,7100.01696053505
12.7332487418627,1728.29317524048,7100.01735541005
29.4399408336649,67.6396161303217,7100.0181646288
35.2955089443553,1124.7331954678,7100.0184482538
50.5237925975696,1040.31028236307,7100.01918586318
70.6756955425478,162.302657424895,7100.02016195693
178.913059598493,48.5352313894793,7100.0254046288
183.265057727014,136.385819304863,7100.02561542568
188.751910863129,145.193801426302,7100.0258811913
197.294614450015,345.68473084029,7100.02629497255
206.483456330537,1071.62623219637,7100.02674005067
223.297891902569,1363.47244605872,7100.02755448818
244.75142640428,1119.37470403944,7100.0285936288
274.738632148712,145.96816810819,7100.03004611318
348.08807482316,51.0585115853779,7100.03359892568
355.981414201419,191.018853512581,7100.0339812538
5.82703977112036,180.187018083977,7100.03445814443
10.1258112974595,285.427820267969,7100.03466636318
17.896568309491,61.1089998048264,7100.0350427538
20.7691902737461,796.817001269545,7100.03518189443
26.1673324938521,1195.22547414874,7100.03544336318
55.3613009850043,2227.98091087384,7100.03685742568
178.849736774481,572.958236411125,7100.04289376943
188.820848000103,153.497173305261,7100.04337673818
197.727105195218,1040.31028236307,7100.0438081288
210.194703967522,1472.85472706926,7100.04441201943
226.163320859579,793.792975795071,7100.04518548818
244.070030157461,1602.66311333146,7100.04605283193
345.076645028608,36.5884544883954,7100.05094526943
353.61096137171,86.3124086092348,7100.05135864442
0.800742288590639,249.30696396197,7100.05170689443
4.77757372521506,254.527815490846,7100.05189951943
11.2015371217113,394.617671872766,7100.05221067568
14.5344883037986,64.9109307970797,7100.05237211318
21.7362048545368,1576.94635127825,7100.0527209413
41.9871414482173,600.623384361398,7100.05370183193
50.1788721986658,49.9893494654291,7100.05409861317
55.8244373405402,1458.08476403886,7100.0543720663
177.428445375838,37.5389615225874,7100.06026217568
189.813139736412,919.431308865626,7100.06086205068
197.424217054561,117.034895663615,7100.06123070693
207.966949368319,1266.54187138087,7100.06174136318
218.775169442388,156.767321346507,7100.0622648788
237.730280908508,1704.47289615794,7100.0631830038
355.481652887236,85.1067133433858,7100.0688865038
359.805586069818,31.9999929332404,7100.0690959413
8.10183449816696,176.393191719804,7100.06949778505
13.4219110475915,1040.88804242508,7100.06975547255
28.9989094230369,188.643392573518,7100.07050997255
34.5283438408977,120.826487703951,7100.07077780068
38.7229203146344,1586.07038613923,7100.07098097255
57.4357702628861,60.8007602598271,7100.07188736318
78.8986598091657,383.608284026948,7100.07292695693
178.237186112996,37.5389615225874,7100.07773859755
182.819832713271,222.885779277426,7100.0779605663
190.13058305766,101.655996120886,7100.07831467567
199.290714891864,258.337878866755,7100.07875836318
205.619449696351,1321.37156771961,7100.07911445692
221.667422572511,102.02497874312,7100.07989176942
224.432946232024,981.426717672207,7100.08002572255
247.198112585631,1453.95528949877,7100.08112839443
346.970193512331,56.9306546349679,7100.08596103505
357.083242331252,114.026212083562,7100.0864508788
1.95169945681798,280.648199124656,7100.0866866913
10.3885950523826,61.5684794813554,7100.08709534755
15.8851257832572,1502.75925037135,7100.08736158193
31.8234196527247,1195.22547414874,7100.08813358192
50.364331647939,1097.13138574108,7100.08903164443
88.7016575608354,1718.52476693601,7100.09088858193
172.227698276417,220.853349497396,7100.0949343163
180.340395630506,173.49337244621,7100.09532726942
185.70305349923,217.7691360572,7100.09558701943
191.968950103009,1220.11822867307,7100.09589051943
208.852096263599,1089.98399195315,7100.09670828505
216.118007324699,153.863963237022,7100.09706022255
226.22073333582,1534.43313610779,7100.0975495663
246.603607302742,1560.07995411045,7100.09853684755
350.168323491428,71.8816395295363,7100.1035531913
356.266798370582,122.678339709026,7100.10384858193
2.7878599644257,218.113971328648,7100.1041644413
9.87892970768632,448.796055874112,7100.10450791005
15.6851423442283,890.868490088792,7100.10478914443
26.5056206398986,1590.61286364448,7100.1053132538
47.8685086991368,445.096681733759,7100.1063480038
57.606713338798,52.1958101740161,7100.1068196913
72.5327345668976,2281.31513679841,7100.10754266005
176.019385122456,260.943044949613,7100.11255522255
179.883311712504,69.4217114349804,7100.1127423788
186.191467047838,244.282233330395,7100.11304792568
193.697704100343,1318.63853169989,7100.1134115038
201.399105235667,215.688480964538,7100.11378453505
210.985372212189,502.816621672508,7100.11424886318
216.425127950808,58.2761408574051,7100.11451234755
224.596535823615,1881.52737834457,7100.11490814443
253.060171258427,1575.42046075321,7100.11628683193
344.239324526549,49.70665198889,7100.12076159755
349.043909842159,63.224647739446,7100.1209943163
357.55241935353,230.021252045631,7100.1214064413
4.65510218045829,98.4637787970755,7100.12175047255
7.83998675233092,77.5401479136129,7100.12190473818
14.1571744318285,1605.66149265406,7100.12221072255
31.6503293967386,857.16067577124,7100.12305803505
40.3765840203294,1393.99847221,7100.12348070693
61.0655913901844,360.165453017203,7100.1244828163
181.18344903126,81.3247941211515,7100.1303009413
189.210983934521,147.37729092662,7100.13068976943
192.8471652674,120.748716581076,7100.13086589443
201.568258487091,391.75046540052,7100.1312883163
211.839051510986,359.120566617577,7100.13178580068
216.37427801336,1468.76677487029,7100.13200547255
234.504861553039,1343.03479448761,7100.13288366005
0.299252496512619,44.5486945943596,7100.13897673818
2.74057791455066,133.742711350138,7100.13909498818
10.1674590205075,396.138344349595,7100.13945472255
20.8911617065741,267.906558049091,7100.13997414443
24.5937956264675,1130.06615176658,7100.14015348818
36.4184819450195,1695.98579624619,7100.14072623818
54.350998074633,71.6197795513906,7100.14159483193
65.2182512176095,1323.19033507855,7100.14212120693
177.145345833914,33.7328880106735,7100.14754259755
181.220565743753,679.527822899928,7100.14773998818
190.196501365765,216.210521708504,7100.1481747538
201.087625851564,205.151950982696,7100.14870228505
210.19195041919,67.2914918231626,7100.14914326943
212.122623382016,1420.48806051065,7100.14923678505
231.274511907228,1651.44131702988,7100.1501644413
259.966860287332,345.90205699736,7100.15155420693
358.682151839563,145.064335543843,7100.15633566005
3.35867075974864,143.239559102781,7100.15656217568
8.29745148769979,146.225392905208,7100.15680139443
17.2614514383002,340.426853373543,7100.15723558192
21.4731249873482,1405.16787094924,7100.15743958193
40.8482425037619,89.2554086195929,7100.15837805068
46.3618702348401,327.371879604854,7100.15864511318
56.2878195518748,1526.57619878482,7100.15912589443
84.0472512747133,851.530623791064,7100.16047047255
171.988759705699,113.778771126949,7100.16480448817
178.596596726643,156.527429906461,7100.16512455067
185.485405569384,832.248214788223,7100.16545822255
201.395311942724,1016.92954057597,7100.16622884755
216.026490226262,352.786383439607,7100.16693753505
222.021415228301,1639.74966937985,7100.16722791005
259.022915433842,1623.53597232823,7100.16902014443
344.976733032439,75.7630139180954,7100.17318347255
353.311691727161,83.3218424811655,7100.1735871913
2.32859565464535,726.564031161558,7100.1740239413
8.76836573792407,365.550617553723,7100.17433586318
14.7136126029632,411.766648555911,7100.17462383193
22.994376932273,67.4309635906312,7100.17502492568
26.4660397551139,1349.2876815846,7100.17519308192
43.3466052888621,2358.03665482592,7100.17601072255
82.3303921206919,316.398018895825,7100.17789897255
182.188925924303,319.471060716836,7100.18273580068
192.753271504231,510.82421625992,7100.1832475038
205.279258207508,1210.22269983229,7100.18385422255
218.540739408581,1388.81317557349,7100.1844965663
245.01337842313,1088.88009719976,7100.1857788163
352.711702490182,46.9111902101638,7100.1909953788
0.400845366351383,95.8040660692383,7100.1913678163
9.72226983315668,291.936336216381,7100.1918193163
16.8130170637812,694.839352721743,7100.19216276943
23.8286018758644,951.566492268796,7100.19250258193
42.8604886616908,1413.69960182658,7100.19342442568
60.6865516620494,159.735530358418,7100.19428786318
72.3973653707943,1717.12477570196,7100.19485509755
167.980676365591,31.2574341410077,7100.19948484755
172.308157975801,150.030668444323,7100.19969445693
182.857987257476,745.354056252978,7100.20020545693
188.292259004451,856.458903797375,7100.20046867568
203.364088803667,56.0157129014804,7100.20119870693
209.527403293562,1406.87828054098,7100.20149723818
221.68886862538,1584.55337739838,7100.20208630068
238.776962539149,776.950725978054,7100.2029754413
268.087706892248,1472.03804701235,7100.20439516005
340.597782641597,43.9382315253756,7100.2079073163
348.579510423229,213.939158055787,7100.20829392568
354.46798225846,140.190137276619,7100.20857914443
0.159031896665232,246.73124654484,7100.20885480068
6.31008816495918,1334.95225984603,7100.20915273818
23.7971140002918,1211.21590535012,7100.2099997538
33.9769378813087,953.460088659597,7100.21049283192
53.4514117092762,2004.07912487321,7100.21143611318
180.080008211503,89.3606091900701,7100.21756959755
185.757509277132,318.292614487348,7100.21784459755
193.024065438611,169.105979219708,7100.2181965663
198.173816973717,409.203393392232,7100.2184460038
206.223610243528,1701.64859980559,7100.21883591005
226.71325992745,1101.50688570343,7100.21982836318
235.90081149455,832.970303843439,7100.2202733788
350.933434661071,44.680304595035,7100.2258451913
355.391240743358,55.2558589161922,7100.22606111318
359.57001060542,84.8303025047237,7100.22626351943
8.04335831559865,241.808434386925,7100.2266739413
14.9253928532746,40.2560554335629,7100.22700728505
15.9025036558963,482.060280582175,7100.22705461317
22.5225989359961,979.587189142705,7100.22737526943
39.8812358257138,1305.80923851653,7100.2282160663
59.4599047062837,1751.78971328904,7100.22916439443
175.600285735247,65.9874724306952,7100.23478986318
181.69230889708,295.518526316485,7100.2350849413
189.179835973109,193.75341608896,7100.23544761317
192.188911576573,256.293375411332,7100.23559336318
200.272576259048,1463.84626642515,7100.23598491005
219.205429358618,824.992185677331,7100.23690195693
238.103120694549,1809.86081677048,7100.23781730068
355.66468991708,142.318379303674,7100.24355492568
359.845072642753,69.3540155860539,7100.24375741005
5.75193182916178,127.926558235458,7100.24404351943
12.6749346723101,1118.2998971293,7100.24437884755
23.3250879536618,404.028088762942,7100.24489470693
32.664577183902,1258.92340996359,7100.24534708193
48.4141586878723,148.773049435391,7100.2461099413
53.7613323824493,105.198440236709,7100.2463689413
70.7038342747987,1024.58685979911,7100.24718958193
174.162097371783,48.6560583490281,7100.25220076943
182.139631475193,212.706074975699,7100.25258717568
190.543300796028,128.073357474889,7100.25299422255
193.498182071633,395.758703586324,7100.25313734755
204.40930684733,129.386959479838,7100.25366584755
206.790631395675,1262.7383583208,7100.2537811913
224.883472432212,415.401046893749,7100.25465755068
236.021374664293,945.862721479784,7100.25519703505
260.829796164451,1770.90564434934,7100.25639867568
340.687074410356,31.9999929332404,7100.26026670693
344.821650051954,117.355541950914,7100.26046697255
351.066901190348,46.9862274088406,7100.26076947255
359.89089914922,1204.24614724612,7100.2611968788
6.27421682798726,161.024221734252,7100.2615060663
15.4656394104589,204.049957486241,7100.26195126943
19.7144102120542,377.485959157653,7100.2621570663
30.6897294605582,81.1513287124477,7100.26268867568
34.0249387568518,1787.12800114056,7100.26285022255
51.570352560712,1622.05393561266,7100.2637000663
179.765423166941,42.2209038564159,7100.26990942567
184.692590886332,233.587676978786,7100.27014808193
197.809553829709,1013.37593871875,7100.27078342568
201.898322312125,331.705135581117,7100.27098147255
212.959449262053,137.415176459932,7100.27151723818
217.19112302589,1544.58734691332,7100.27172220692
246.133152441969,530.172794555028,7100.2731240663
359.279619453871,74.6386910610575,7100.27860451943
3.79613609243021,73.8160227387041,7100.27882328505
11.2868890083429,238.837505328604,7100.27918611318
18.0289215542903,483.616868773851,7100.27951267568
29.1506944742903,396.138344349595,7100.2800513788
33.3059155812734,449.130843627188,7100.28025264443
40.6747313064464,44.680304595035,7100.2806095663
47.211276961775,1318.63853169989,7100.28092617568
72.1797008186668,2073.67345517184,7100.2821355663
171.449217546455,164.487493070631,7100.28699442567
178.749000020218,62.7024335231319,7100.2873480038
181.63162220453,347.419676360872,7100.2874876288
189.029793151508,580.257342175372,7100.28784597255
201.265775651272,1326.82054232447,7100.28843864442
214.619193683345,1722.71807930002,7100.2890854413
230.42329202781,1081.67808043902,7100.2898509413
355.316379687583,49.5172930436993,7100.29590036317
1.33582117037837,54.4854057704658,7100.29619192568
8.74560523857763,202.014044381471,7100.29655083193
17.0444343313224,265.511307384614,7100.29695280068
25.2439071500672,394.236587819563,7100.29734995693
31.033990474529,1144.86653490786,7100.29763041005
38.409580504767,299.559987926301,7100.29798766005
61.8463693959975,1554.67505535967,7100.29912286318
82.2218238823678,2183.27489420744,7100.30010978505
165.722380391515,78.6827131227241,7100.30415428505
172.018600017884,337.767230851327,7100.3044592538
178.101913385743,289.350488014151,7100.30475391005
191.949532010759,1382.73892336116,7100.30542464443
208.764612683171,2126.35398177952,7100.30623911318
226.88455086486,391.558563350713,7100.30711678505
236.184039515305,1744.91177062919,7100.30756722255
0.0358218996491289,181.019296774387,7100.31356620693
5.21138022893251,76.7485866526307,7100.31381689443
5.60203101986724,141.656741892149,7100.3138358163
15.4257207356545,191.215474010242,7100.31431164442
20.8048304290941,1341.24289452586,7100.3145721913
31.1665924080972,316.872722505579,7100.31507408192
38.9734789845524,46.1031837706294,7100.31545222255
44.0880687560199,1599.65918289373,7100.31569995693
68.6029376250368,305.275860146281,7100.3168873788
184.971709049102,51.1963214877564,7100.32252391005
187.023996652478,225.733737257983,7100.3226233163
196.997365992307,1109.12223849624,7100.32310639443
211.427251063448,920.085008182525,7100.32380533193
222.546765944349,296.280472378285,7100.32434392568
240.387667830705,2418.45721227207,7100.32520808193
349.169280170146,21.3042569696675,7100.33051566005
356.001636570822,229.857827216406,7100.33084659755
5.30789948877794,138.368969060387,7100.33129736317
10.4344249316566,297.546098870782,7100.33154567568
14.6041623368933,1501.15808672524,7100.33174764443
29.4069560232781,426.118224039485,7100.33246464443
35.3470414844171,99.7905855171233,7100.33275236318
43.1455408170886,419.362489179065,7100.33313009755
55.2444246148179,1877.68867121463,7100.3337161288
179.077819572875,155.201407281425,7100.33971422255
188.193434636426,62.3644122454969,7100.3401557538
194.484815484192,1125.801785129,7100.34046048818
202.122344734452,260.943044949613,7100.34083042568
214.792849695425,298.55476424423,7100.34144414443
224.735573387366,72.5321677719215,7100.34192573818
227.265932384265,1694.56715326533,7100.34204830068
246.818149220062,1468.76677487029,7100.34299534755
350.405123812852,128.219962425291,7100.34801276943
1.88593418777526,274.28284643527,7100.34856886318
6.57987273346167,189.240068060315,7100.34879622255
13.3951320963801,1493.12606723129,7100.34912633193
32.1473374113854,111.189703277947,7100.3500346288
38.311297076768,348.4996180525,7100.3503331913
47.5730432616247,1787.12800114056,7100.35078180067
184.473400475869,45.487762861951,7100.3574128163
188.392811744751,141.524042485131,7100.35760266005
201.591388748883,1222.08776431876,7100.35824195692
222.448463131512,334.862138018366,7100.35925220693
228.462743210408,415.039030920994,7100.35954351943
237.287063757023,2004.07912487321,7100.3599709413
352.194201230069,123.213217406715,7100.36553667568
358.123318820582,107.844240482269,7100.36582386318
2.57693126220056,58.837656968791,7100.36603958192
7.05893127505455,478.93206067684,7100.36625667568
12.4912361991114,388.475362989027,7100.36656591005
22.3726687454925,1316.81354709201,7100.36704453505
34.5109079099755,1540.68968694077,7100.36763247255
53.4147283754846,433.46259914756,7100.36854811318
66.5323364943493,74.8899969815753,7100.36918348818
84.7025979885265,1766.82679597917,7100.37006359755
168.931229439808,55.0855784597903,7100.37414336317
174.453889590158,303.547659230574,7100.37441086318
184.845652041561,964.12056116435,7100.37491420693
188.590222030158,117.675313937582,7100.37509558193
195.090315570873,1071.62623219637,7100.37541042567
208.968851865203,102.117023170756,7100.3761193163
215.334347267895,1428.92842003306,7100.37642805068
226.423627145859,744.546924114076,7100.37696589442
247.53617035968,1869.98794227122,7100.3779898788
348.366403354776,81.8429699012135,7100.38288026943
353.412988959604,163.80069522981,7100.38312503505
359.071672453082,155.443338756278,7100.38339948818
4.61888964700314,615.455852948088,7100.38366853505
12.4949780781765,923.997489632455,7100.38405053505
25.5104332919867,1884.08200152423,7100.38468180068
41.2883826662205,94.4212485975982,7100.38544705068
61.1831732869705,1105.8650661866,7100.38641197255
72.7254056407891,1859.67075072568,7100.38697178505
168.585404164091,92.5115262173648,7100.39162111318
174.934791681222,189.933790917252,7100.3919290663
183.760276107594,378.08275954454,7100.39235711318
191.380572075132,1302.12052251721,7100.39272670693
202.785887814222,1044.34805248133,7100.3932798788
225.416111446662,1025.75969940233,7100.39437747255
245.401428093237,2272.8656734472,7100.39534678505
346.254534204821,39.9632792136284,7100.40023828505
349.315667741467,56.3918009510722,7100.4003867538
352.842962056611,172.842365420145,7100.40055783192
359.234874327118,129.894206502001,7100.40086784755
5.78496553278461,262.379173943117,7100.40118553505
13.3347091580837,1359.05564579986,7100.40155170693
25.5930960007428,206.793915324965,7100.4021462538
30.4164269597578,1232.86392206268,7100.4023801913
48.9649244746999,268.606942244176,7100.4032798163
55.9090133955772,1009.80968031905,7100.40361661318
172.576208002748,46.5089425305543,7100.4092573788
182.141364315369,158.554919194032,7100.40972130068
184.901603473824,128.219962425291,7100.40985517568
194.883952739851,372.273462057038,7100.41033933193
199.872550174181,366.166874599116,7100.41058128505
208.550164610142,69.8265056886527,7100.41100216005
210.292710508136,424.704882373561,7100.41108667568
216.808330903208,556.455215239282,7100.4114026913
225.354183271822,389.055343497091,7100.41181717568
233.420988493482,1899.33802019482,7100.41220842568
272.613935375967,1326.82054232447,7100.41410933192
346.475781839064,133.461450224637,7100.41769172255
352.515898913516,211.288014861921,7100.41798467568
358.740933950155,451.467474515965,7100.41828659755
2.2321467336549,121.524235119352,7100.41845592568
11.0866252640284,1536.7823680279,7100.4188853788
26.2424899640756,219.830084691175,7100.41962045693
29.6244916000027,293.732871359254,7100.41978448818
38.6510017616107,270.697297910516,7100.42022228505
47.1366108452463,2029.12375790731,7100.42063384755
64.6580725576043,78.8020274034018,7100.42148366005
178.333984174747,36.2336896597704,7100.42699708193
184.075139788773,108.970811540932,7100.42727553505
190.208682284448,385.562498594894,7100.42757301943
200.115969091789,201.455213622026,7100.42805353505
206.756586323281,1346.61148898374,7100.42837561318
222.63214922599,1387.08033947665,7100.42914559755
245.238211105096,1271.28019222766,7100.43024201943
270.152848378658,21.8216243685898,7100.43145041005
342.900676727167,30.9933329001311,7100.43497876943
358.693767471824,306.994346610523,7100.4357447538
6.95934342675242,192.683771715885,7100.43614564443
9.97859656595006,388.281851115835,7100.43629208193
18.0753624067496,1361.70741349417,7100.43668478505
36.6609079309696,510.529896136092,7100.43758620693
47.3945268148546,1523.42216619417,7100.43810680068
184.270235199712,62.0245452220836,7100.4447454413
189.074558915271,790.757459512292,7100.44497845693
204.387313951138,1021.05979227218,7100.44572114443
215.325180199876,283.578660553729,7100.44625164443
225.34393326927,1480.18441947784,7100.4467375663
251.516914783993,1402.59814873644,7100.44800698818
345.368006824957,65.9874724306952,7100.45254197255
353.306915777295,101.655996120886,7100.45292701943
2.69456375208764,365.344948738411,7100.45338233193
6.50825543092564,345.031891946235,7100.45356730068
14.1021345681531,1473.67085201466,7100.45393561318
28.4622720542102,73.4332178398134,7100.45463209755
39.903991484155,1940.67362180306,7100.45518703505
60.7591313632755,660.685783859805,7100.45619853505
74.0799911842357,510.82421625992,7100.45684461318
169.653914503055,55.2558589161922,7100.4614800663
181.034424170388,237.733610575219,7100.46203203505
187.601589664243,266.218047606515,7100.46235055068
190.931079761257,264.376659453447,7100.46251203505
198.713098452784,1203.24716856857,7100.46288947255
217.2377563361,1380.12756778494,7100.4637879413
248.257908441465,96.9251900961865,7100.46529245693
253.037426085267,1807.20127751499,7100.46552426942
343.04286985223,113.613521368627,7100.46988964442
355.133735217606,160.205335109076,7100.4704760663
0.0314843918924801,537.773214848158,7100.47071361318
5.47818869944367,149.277382122115,7100.47097778505
9.49097327076093,73.5610392044173,7100.47117241005
13.8729495230353,347.635920050493,7100.4713849413
19.9774979147095,1121.52109821295,7100.47168101943
31.0323070945905,2042.11958454437,7100.4722171913
58.02646617598,63.038636810564,7100.4735264413
68.2075861752746,1463.02447934232,7100.47402023817
174.465838468685,35.2479989640386,7100.47917389443
181.25013762084,246.426434813429,7100.4795029413
191.255037919152,173.385042434582,7100.4799881913
197.642439923195,221.193383054263,7100.48029798818
201.847552081056,1380.12756778494,7100.4805019413
220.046509514424,1433.12983702515,7100.48138461317
240.969302377888,1639.74966937985,7100.48239939443
350.143073257004,121.678750408805,7100.48769445693
354.896174070496,43.1834047687207,7100.48792498818
1.85830375719542,100.820830850612,7100.48826266005
9.91318920054622,1339.44855207346,7100.48865333193
24.0700457618803,288.309653928565,7100.48933995692
30.4846332239505,433.809238531424,7100.4896168163
35.7799238272683,57.4644568041016,7100.48987364442
45.015835938616,2139.8833816022,7100.49032159755
77.9044972560291,407.731431950609,7100.49191673818
177.322395032037,92.1044282509165,7100.4967386288
182.837074408136,260.943044949613,7100.49700609755
188.544725726705,111.358561261099,7100.49728292568
196.89245164297,179.455603155354,7100.49768780068
204.095232460386,1423.87024393287,7100.49803714443
218.775593764805,1197.23597702404,7100.49874916005
240.055980577616,112.700279664146,7100.49978128505
252.338207014398,1143.81581983736,7100.50037698818
348.484602901394,122.754903464362,7100.50504020693
356.709587095719,153.74179707095,7100.5054391288
1.96686321212523,451.467474515965,7100.50569411318
5.61013398077781,92.1044282509165,7100.5058708163
14.6885114378835,1210.22269983229,7100.5063111288
27.160166028307,242.42924334672,7100.50691601943
31.0034961670729,153.497173305261,7100.50710242568
38.7365469960049,1471.22092286622,7100.50747748818
59.1558087999704,1472.85472706926,7100.50846784755
168.610178214479,35.8754137508299,7100.51377651942
181.782523801612,508.760311657142,7100.51441539443
185.614900564695,212.352441186781,7100.51460126943
193.22682043024,235.190922293071,7100.51497045692
202.342890252551,1145.91647282225,7100.51541259755
209.82498093101,1478.55860888058,7100.51577548817
228.401506072319,580.775205705208,7100.51667647255
241.540025204784,1712.91780759475,7100.51731370693
348.244786677309,34.0964548262157,7100.52248901943
355.995878272063,78.8020274034018,7100.52286495693
358.97196241447,278.227607619641,7100.52300930068
10.7628997667779,292.450785810416,7100.52358117568
15.9844165107513,796.817001269545,7100.52383442568
28.2946705363962,1459.73322318582,7100.52443148817
41.5662403730538,224.398027937056,7100.52507517568
49.5815004959316,1881.52737834457,7100.52546392567
76.3723786901018,21.537247679726,7100.5267633163
175.4866495243,39.9044616794519,7100.53154836317
181.434307617659,203.865715975304,7100.53183683193
188.940882246168,263.237098785396,7100.53220091005
196.123367183282,1377.5111051828,7100.53254926943
213.547859723091,1040.88804242508,7100.5333943788
225.888718723802,1469.58523128404,7100.53399292568
246.869821916976,860.660709367522,7100.53501053505
340.961824152105,32.2194250446106,7100.53957411318
355.578720579432,77.7820863273604,7100.54028305068
0.267067916490582,257.171589579386,7100.5405104413
7.6811835264022,348.930662141811,7100.54087003505
14.6858379289728,74.260125826342,7100.54120976943
17.8806664882342,657.03548157714,7100.54136472255
30.7192576076311,1680.3148872313,7100.54198741005
49.7152308918343,416.845918893571,7100.54290873818
66.1242853606697,1714.32135154248,7100.54370459755
176.916571778994,221.532903132982,7100.54907816005
180.947719350353,128.146687705666,7100.54927367568
193.992812949083,1363.47244605872,7100.5499063788
207.55529034089,1180.03773419417,7100.55056417568
222.601299574941,281.45044628225,7100.55129392568
234.879337941975,1886.63329403482,7100.55188942568
357.415848964491,170.654393394365,7100.55783259755
0.630651282346903,42.0257613431563,7100.55798851943
7.50579869454667,206.612116304683,7100.55832197255
13.6854095824108,730.689897476822,7100.5586216913
21.6649103328564,282.250389727068,7100.55900870692
30.0686915393589,277.416062344216,7100.55941630068
35.5766056470263,1704.47289615794,7100.5596834413
54.5265104640327,1531.2953127733,7100.56060253505
78.7865251705769,473.249051058389,7100.56177917568
172.328927991521,57.7904980814115,7100.56631609755
180.622209413605,227.557542253898,7100.56671833193
186.973529923508,262.379173943117,7100.5670263788
190.350699171264,409.570571902051,7100.56719017567
196.582499551342,52.6884473550648,7100.56749242568
200.286013642476,1486.66934318697,7100.56767205068
215.740517681242,290.90477249305,7100.56842161318
221.83153549855,496.801877414299,7100.56871703505
235.146596416201,705.14649674891,7100.56936283192
244.033612764397,1830.99857498092,7100.56979386317
347.853673362936,51.8798788651242,7100.57480464443
350.446713128312,108.798248188435,7100.57493041005
355.819965698227,180.291254148202,7100.57519101943
5.22758735660514,236.941938291935,7100.57564730068
8.7787213033761,655.20278091924,7100.57581953505
19.5835368104183,115.580996162823,7100.57634358193
22.7777210887608,1501.9588905929,7100.5764985038
38.435506014746,283.578660553729,7100.57725792568
50.5502108617331,1651.44131702988,7100.5778455038
70.5899720399927,1226.99783666746,7100.57881745693
178.627496043959,62.3644122454969,7100.58405741005
181.735020132006,485.168405450764,7100.5842081288
187.515156673074,216.557854981758,7100.58448847255
197.352213334892,885.45282217467,7100.58496558193
211.783225284895,1502.75925037135,7100.5856655038
222.225614454419,315.922593641105,7100.58617197255
228.773128386395,69.4893448338618,7100.58648953505
235.20241082539,2043.29686503968,7100.58680136318
351.752604986717,130.75922289385,7100.5924541913
356.894549043045,99.0345860873987,7100.59270358193
2.71592166313937,99.6964039101655,7100.59298592568
9.66548725310627,402.163607970962,7100.59332298818
9.91644736607528,687.00750643913,7100.59333516005
16.2394180904001,49.8952927585616,7100.59364183193
24.8590442808541,419.003887142111,7100.59405989443
32.0991952667589,1456.43441751275,7100.59441105068
58.0418347080265,2808.62377799451,7100.59566930068
171.183610403116,64.1466116335643,7100.6011568163
181.119569117743,895.580332116452,7100.60163872255
191.006237885571,728.62987865463,7100.60211823818
204.745257175076,265.652805309102,7100.60278459755
212.381660990671,2001.67749042635,7100.60315497255
232.59925266597,1493.93120096875,7100.60413555068
253.880928115627,20.2008219180039,7100.60516773818
261.779245344866,975.897584964969,7100.6055508163
346.804789938702,107.757101852624,7100.60967466005
349.811801140379,74.6386910610575,7100.6098205038
358.840566416466,161.722801816921,7100.61025841005
2.32759116772275,360.374036167954,7100.61042753505
14.0099616908801,674.643840792299,7100.61099414442
20.1290071720588,1236.75925056688,7100.61129092568
36.610546938401,615.944073523167,7100.61209030068
48.0377644994274,1906.92017731919,7100.6126368788
178.250948976435,38.3742933263154,7100.6189523788
189.373411028148,838.72497835813,7100.61949183193
196.485021501316,241.808434386925,7100.6198367538
205.053102667996,101.932857987652,7100.6202523163
216.211324092141,1508.35022250106,7100.6207935038
227.559295941651,1222.08776431876,7100.62134389443
252.658206821472,711.512737616715,7100.62256122255
343.270271732986,40.9788418476165,7100.62695601943
351.156024865493,111.020602433509,7100.62733848818
357.409087566002,94.7192602129832,7100.62764176943
0.685421805681434,263.665006494662,7100.62780067568
10.2815051400674,65.3077314449746,7100.62826609755
12.1641892824081,324.605314849791,7100.62835741005
19.0048658465091,1195.22547414874,7100.6286891913
39.7404855958037,1479.37173622381,7100.62969489443
53.4424568760306,1044.34805248133,7100.63035945693
176.09365571521,81.6706147155344,7100.6363081913
183.798678917775,138.301065044644,7100.63668189443
192.234353623678,275.513140080008,7100.63709103505
195.424027710565,262.95143840116,7100.63724573818
204.302667956768,1127.93596684924,7100.63767636318
218.768472839074,1276.00086052837,7100.63837797255
231.486255229303,162.765065314652,7100.63899480068
263.777315747571,2024.37711038783,7100.64056095693
337.687163520622,48.4141060574927,7100.64414567567
347.163082444263,88.3562251141612,7100.64460526943
354.896777554114,477.360206918576,7100.64498036317
0.369254448560241,76.6873647917166,7100.64524578505
4.07856733049188,113.613521368627,7100.6454256913
9.87513387882901,535.813116098183,7100.64570683193
18.9915258603507,264.376659453447,7100.64614898818
24.8016229455503,1918.23734674301,7100.64643078505
48.0275144593717,165.057648104927,7100.64755726943
50.9871685945102,1210.22269983229,7100.6477008163
181.978161684221,38.4965045951979,7100.65403945693
183.610207872804,136.592320787443,7100.65411861318
188.728312222498,107.669879956251,7100.65436684755
199.796329817534,169.438962860369,7100.65490366005
203.681540316244,1134.31464221492,7100.65509209755
213.872969410303,718.241133235153,7100.65558639443
227.117800219936,59.3543131310881,7100.65622878505
242.675072222047,1356.39866005732,7100.65698333193
349.799926155889,57.095432548504,7100.66217901943
356.165743680288,105.910447079083,7100.66248776943
5.56595575181306,284.1082091809,7100.6629436913
11.7178611725216,156.287163766144,7100.6632420663
15.3253725312379,70.0280250454099,7100.66341703505
24.338030034276,1456.43441751275,7100.66385416005
44.1116896916393,579.22028284807,7100.66481320693
53.8385686907457,1513.12606888609,7100.66528497255
182.058247119286,58.0338277433867,7100.67150378505
184.764041746057,649.673537189699,7100.67163501943
195.751842297521,228.71057825391,7100.6721679413
201.108987056882,234.390673536922,7100.67242776943
211.548798952715,1438.15548359072,7100.67293411318
231.595325399406,1497.14740604878,7100.67390639443
261.528198454713,1524.21131272007,7100.67535817568
341.865395711491,37.1616765137972,7100.6792546288
344.806686921596,137.824751611504,7100.67939728505
353.03070467579,156.887114410864,7100.67979616005
359.207416168256,246.73124654484,7100.68009573817
3.63836024562183,267.906558049091,7100.68031064443
11.3704445969196,46.458416974593,7100.68068566005
13.3597626131425,1433.12983702515,7100.68078214443
25.2148091234611,1443.99658896788,7100.6813571288
49.8920168209156,966.611901631609,7100.6825540038
63.6316804288432,2038.58330216633,7100.68322039443
172.164359352812,96.3418858579423,7100.68848436318
181.160264651866,771.904262730772,7100.68892067568
192.403535507755,352.146700688394,7100.68946598817
196.434038723186,391.174481695344,7100.68966147255
206.596795834952,1510.73997756157,7100.6901543788
220.65636110203,1408.58680275358,7100.69083628505
238.918139094067,1349.2876815846,7100.6917220038
358.19634874345,204.601696696116,7100.69749411318
4.3456769279712,116.390966309332,7100.69779236318
7.65970349535091,196.927557594151,7100.69795309755
14.0107018085387,1278.82493483611,7100.6982611288
28.9671514568953,281.983991712309,7100.69898653505
33.4425531678969,943.316647017411,7100.69920359755
45.1304003601438,332.157940041711,7100.69977047255
63.6721326066547,2298.12058272216,7100.70066976943
172.725739000018,115.662250610438,7100.7059590038
178.189517595757,237.891623067199,7100.7062240038
183.353046131728,113.943791901772,7100.7064744413
190.697898111255,1099.32141167945,7100.70683067568
203.227540872177,1005.63324334502,7100.7074383788
217.167585971925,742.930106323314,7100.70811448818
222.932259020862,1196.23111416445,7100.70839408193
248.158743973289,2772.42628854424,7100.70961759755
344.778710300645,99.9786989308582,7100.71430378505
352.168986316434,106.264663735089,7100.71466222255
359.992885367906,273.047029430984,7100.7150416913
6.46404816684633,662.049359778649,7100.71535555068
10.9677996259223,71.3569550669924,7100.71557398817
15.8536290594031,1828.36978890322,7100.71581095693
40.842362314016,202.014044381471,7100.7170229413
47.1766084982275,922.043330575661,7100.71733016005
63.3907581443317,2270.74847813924,7100.7181165663
171.8074606898,146.225392905208,7100.72337491005
177.430706895049,266.782040903024,7100.72364764443
184.84450034575,181.537535004495,7100.72400722255
190.480632844447,380.855541548542,7100.72428058193
197.596109153143,1555.44843671862,7100.7246256913
221.966623644106,1467.12852977515,7100.7258076913
235.969811424231,1509.94383663061,7100.72648686318
350.795178369183,96.6825716708364,7100.73205603505
358.249241421275,170.54427314811,7100.7324175663
3.13184922513754,52.3754858927639,7100.7326543788
9.43484622837211,563.434687794739,7100.73296008193
16.6778966096754,1081.12208074829,7100.7333113788
31.0731491872462,1595.14246256265,7100.7340095663
46.7554180257771,1278.82493483611,7100.73477017568
70.1734466645104,31.0122726110418,7100.73587795693
76.3411378115691,260.798993512168,7100.73617709755
169.267254749124,23.2292084872965,7100.7406841288
182.939265410212,199.392807820331,7100.74134723818
186.940130203219,116.632856150822,7100.74154128505
194.308821739365,996.624671678603,7100.74189867568
208.900267776512,906.921426846452,7100.7426063788
214.537688874551,852.236448078969,7100.74287980067
234.666687479294,1510.73997756157,7100.74385608193
265.056700967692,144.805070712017,7100.74533003505
342.348228254962,27.0697318727198,7100.74907876943
347.985327193789,50.5035110953678,7100.74935217568
355.858838388775,48.2926754141744,7100.74973405068
0.92153184166075,289.869517278163,7100.74997959755
6.33730912744655,172.62481721847,7100.75024226943
14.6814912923859,1288.19377387401,7100.75064697255
24.1880150785814,49.8010625793466,7100.75110805068
27.2236982250479,367.805230716556,7100.75125528505
41.3782997094061,803.579314201386,7100.75194180068
53.8592968419519,1572.36423881102,7100.75254714443
83.4484286439859,289.610141424035,7100.7539822538
179.351918360794,119.811438548112,7100.7586336913
184.169128332296,687.444934310832,7100.75886733193
198.389449808226,800.580879367629,7100.75955703505
210.297007932465,1408.58680275358,7100.7601345663
229.779760034679,61.5684794813554,7100.7610795038
232.210432757643,1331.34425706061,7100.76119739443
273.498042930892,1526.57619878482,7100.76319989443
340.957990262937,57.9122895472128,7100.76647178505
345.582550488685,20.9849186638689,7100.76669608192
349.514795932226,138.64027981203,7100.76688680068
354.647397371424,162.995783536957,7100.76713573818
2.83984371042262,1059.21094117889,7100.76753308192
13.7049026149547,326.912413806113,7100.76806005068
22.0970861273512,446.445436175225,7100.76846708193
27.2815548620468,88.9390922020894,7100.76871853505
30.5021559706994,1506.75483201468,7100.76887473818
50.9188405384776,2921.11335120637,7100.76986497255
177.919155615394,136.592320787443,7100.77602464442
186.712424345651,708.548997252478,7100.7764511288
200.939245763399,1472.85472706926,7100.77712926943
213.652517924669,192.195578896381,7100.7777458788
223.513414143106,1530.50971896107,7100.77822414443
249.261148724138,2563.28536174522,7100.7794729413
344.513881784466,58.2358258838234,7100.7840928163
348.70546336796,99.7905855171233,7100.78429611318
353.111279176854,102.392642975513,7100.78450980067
2.9125764287352,568.745217588429,7100.78498517568
7.46432923526831,975.897584964969,7100.7852059413
17.1689794363088,1620.57045560715,7100.7856766288
31.8132592090842,55.6370852167198,7100.78638689443
41.3858251085587,1537.56463117105,7100.78685117568
69.5893607185311,412.496092838666,7100.78821908193
79.5011576798235,1224.05419133997,7100.7886998163
169.735010564974,94.520689886135,7100.79307626943
177.438745130694,492.242524519071,7100.79344991005
186.935926412271,1030.4382902504,7100.79391053505
205.332688063768,60.9165357046138,7100.79480280068
210.594152249922,1555.44843671862,7100.79505798818
231.720870319028,1332.24709042423,7100.79608266005
256.836533327825,1137.49043517686,7100.79730080068
345.661916904425,84.552989609854,7100.8016089413
349.421164089082,102.575975491348,7100.80179126942
1.45436333065957,318.056414538859,7100.80237489443
7.51219901172211,582.325965226005,7100.80266870693
15.297117098648,1082.78919164206,7100.80304628505
26.8947603867777,1169.80314324167,7100.80360878505
48.5021363238863,335.534766637835,7100.80465676943
53.754257967918,1739.38996539391,7100.8049115038
82.0502524839754,74.0066827265018,7100.80628389442
175.188348607457,52.2857243612229,7100.81080120693
180.766492860648,229.366858839342,7100.8110717538
187.409365244123,256.293375411332,7100.8113939413
192.598666291981,169.881955724982,7100.8116456288
198.402964623888,1347.50410829554,7100.81192714443
219.285487810953,1311.32293912373,7100.81293997255
245.152742559315,1850.596009767,7100.8141945663
349.420619238254,115.255416321958,7100.8192438163
352.028800336549,86.0944440739253,7100.8193703163
359.127202357058,187.04300608352,7100.81971459755
5.79713592677049,752.578943608029,7100.82003809755
10.4358710828109,323.909982169468,7100.82026308193
19.0651619745987,383.216264276953,7100.82068161318
25.5240828360182,211.998224530774,7100.8209948788
29.9624365002379,523.324217294174,7100.82121014443
38.4451461134671,1975.06810906134,7100.8216215663
60.7499914176677,95.705957048331,7100.8227033788
67.7536793426041,690.063783892469,7100.8230430663
176.459034291239,36.1363300394046,7100.82831541005
177.902940888018,118.232840184973,7100.8283854413
183.344812882406,199.392807820331,7100.8286493788
193.953757051579,132.89712386122,7100.82916392567
196.71141889884,977.12893332158,7100.82929767567
211.503246465312,1226.99783666746,7100.83001509755
229.604268248497,732.333749198233,7100.83089301943
250.008066560332,1834.93487071473,7100.8318826288
341.382676549591,25.3677495676286,7100.83631441005
344.835230490253,70.6956160279049,7100.83648186317
359.707275100297,204.049957486241,7100.83720317568
0.464021312236778,211.998224530774,7100.8372398788
7.53342922874474,1245.47916424689,7100.8375827538
18.4310258760913,87.0170116518132,7100.83811130067
25.1373631366586,864.842086834017,7100.8384365663
42.0396396077324,1518.67873832146,7100.83925634755
53.5432131562161,570.328784199603,7100.83981428505
182.178795938821,53.2206639869415,7100.84605326942
190.242057484164,227.227042737255,7100.84644434755
193.802856094765,167.094060810058,7100.84661705067
204.645363967012,696.567803437631,7100.84714292568
217.020371544098,1374.01501287826,7100.8477431288
229.10318292919,924.647969302583,7100.84832916005
260.835301453648,826.448465218732,7100.84986820693
335.211310080204,29.4188284843955,7100.85347553505
350.346234619031,175.431905113932,7100.85420959755
354.952109798037,149.779993963151,7100.85443298818
4.34684516296826,147.759263158243,7100.85488864443
8.13734156610627,261.805688239747,7100.85507248818
16.5385455364216,1154.28089308978,7100.85547995693
30.1628769717595,369.029223845629,7100.8561407538
36.3672940063886,1342.13906655134,7100.85644167568
60.9546199589374,275.922035219978,7100.8576341913
69.6222475718566,2593.1354841191,7100.85805458193
166.265387406194,35.7113748294946,7100.86271426943
181.058503609512,221.023435664769,7100.8634317538
185.041649758405,371.465053161657,7100.8636249413
190.625270680686,40.6335069758068,7100.8638957538
195.637385549927,1428.08653791349,7100.86413884755
210.106089865135,1170.83054362865,7100.86484059755
224.49586581112,1005.63324334502,7100.86553851943
245.969868809817,1766.82679597917,7100.86658003505
353.07925917652,94.1721770009174,7100.87177497255
358.246653623028,285.427820267969,7100.87202559755
3.95172763040256,193.559376859831,7100.87230230068
9.23832008502881,261.662108647087,7100.87255870693
13.5700398378624,352.360030042576,7100.87276880068
21.0859570084933,1680.3148872313,7100.87313333193
41.274232383076,433.809238531424,7100.87411248817
48.0897807912165,841.587521893672,7100.87444305068
70.0044942907435,300.811792142142,7100.8755059413
176.780130264718,69.0485654764039,7100.8806846913
184.564726192433,207.700523446874,7100.8810622538
191.190202053501,154.351656456164,7100.88138359755
194.281296171782,273.596978406232,7100.88153351943
203.273013438592,899.599394976747,7100.8819696288
219.246189794769,816.199829944964,7100.88274434755
227.048826525809,1014.56187895366,7100.88312278505
256.042290446462,2947.34170402933,7100.8845290038
340.063672429211,151.773829615287,7100.88860414443
344.818706197971,52.2407846148543,7100.88883476943
351.890047032244,185.226028959207,7100.88917773818
356.32195754974,1314.98578692657,7100.8893926913
15.4071682229218,1278.82493483611,7100.89031834755
27.6797299583702,683.497813902534,7100.89091358193
37.1466284240926,293.732871359254,7100.89137273818
42.4357981149059,34.4732228874101,7100.89162926943
51.1665684082016,3423.02652889259,7100.89205272255
175.181134678881,41.4348069743831,7100.89806758193
178.654628855771,280.915873895893,7100.89823605068
188.355413183779,129.677060756173,7100.89870655068
190.310260351903,877.951711331093,7100.89880136318
200.357685328582,1518.67873832146,7100.89928867568
222.395932235684,743.334671593487,7100.90031980068
229.908305692494,1374.01501287826,7100.90068416005
254.230818760991,1478.55860888058,7100.90186383192
343.079719772503,34.7784509524551,7100.90617311318
346.499735932846,136.316929966185,7100.90633898818
354.339098476449,182.87805991779,7100.90671920693
3.41586517500195,1203.24716856857,7100.9071594413
12.9378524533281,210.218203955392,7100.90762126943
22.6528116741251,1217.15804102251,7100.90809245693
33.3422950835855,535.532507228709,7100.90861091005
46.3029836064994,1776.32963893615,7100.90923951943
76.8196047273741,56.9306546349679,7100.91071961318
175.447251958482,45.6938271942153,7100.91550317568
181.282477349658,202.385733172328,7100.9157861913
195.885521043407,1156.36256126095,7100.91649445693
205.614010801067,198.258798267403,7100.91696630068
217.482587923256,1184.10692362403,7100.9175419413
236.726299765818,2642.74313543922,7100.91847528505
351.050390728246,141.921779883702,7100.92402014443
0.725724628569981,300.061336888646,7100.92448941005
9.36339165985386,1491.51457851104,7100.92490834755
23.6110964437279,100.072609920954,7100.9255993788
34.0035513105265,1395.72264856724,7100.92610342568
46.8440753851918,886.131612531926,7100.92672620693
77.2646937736481,328.51774078857,7100.92820164443
175.481913282277,34.1652678370608,7100.93296530068
181.230156361449,156.64740338206,7100.93324409755
189.252826108685,145.064335543843,7100.93363320693
197.171761377437,829.353419273815,7100.93401728505
204.569447017584,822.802881383922,7100.93437608193
224.012573799325,1399.16456198819,7100.93531909755
248.603765699914,921.391019037543,7100.93651180068
356.291924704962,204.968708672482,7100.94169978505
1.15327018839274,67.5353661883094,7100.9419355663
6.0577846686142,288.04886254008,7100.9421734413
10.6188800922776,827.902246758327,7100.94239466005
22.9652156870702,227.227042737255,7100.94299347255
31.992370204605,55.6792806305495,7100.94343130068
35.531262176351,1799.19878995349,7100.9436029413
65.0121492709419,68.5364542896139,7100.94503280068
69.3100425691076,775.789044116237,7100.9452412538
177.039262570525,37.4449984907876,7100.9504662538
184.905686300365,229.530630613262,7100.95084778505
190.717716378337,264.802735294722,7100.95112967568
202.512841762889,1189.17364844151,7100.9517017538
212.46877423611,208.60316252147,7100.9521846288
226.255794873071,1517.09433904301,7100.9528533163
270.20216472826,1456.43441751275,7100.95498476943
344.476371831601,138.64027981203,7100.95858716005
354.062790464653,183.698153910505,7100.95905211317
1.59191608794305,923.997489632455,7100.95941728505
12.6151539276358,125.554594498922,7100.95995192568
16.8041582374394,168.326436122967,7100.96015509755
22.4557542657709,1816.49284503038,7100.96042920693
45.9290621412361,271.94382856699,7100.9615676913
56.0293208160397,235.829161754353,7100.9620575663
60.1087918565627,1995.6611918559,7100.96225542568
178.521374242425,254.822912770791,7100.96799858193
182.283843019196,97.6013020403954,7100.9681810663
188.487615735402,386.341403313395,7100.96848195693
199.747316598559,1457.25975730926,7100.9690280663
209.087929628521,805.074340526346,7100.96948109755
223.752827440809,1361.70741349417,7100.97019236318
258.385967573981,1418.79397119737,7100.97187211318
339.76083181231,46.179539359148,7100.97581889443
353.318798975158,239.779668342877,7100.97647647255
358.686574875982,258.337878866755,7100.9767368163
3.27150989376857,88.7275877770044,7100.9769591913
7.63093511375773,1329.53659193191,7100.9771706288
21.2224066095656,100.353843290879,7100.97782983193
28.1371792297265,894.236573678597,7100.97816520693
34.4156922829114,798.324684136986,7100.97846972255
50.3982112187141,47.5822714562923,7100.97924489442
54.496689540197,665.220378781584,7100.97944367568
74.8598960539245,1946.86000654087,7100.9804313163
167.971827845004,66.0230550786345,7100.98489603505
176.08405714043,947.767753167739,7100.98528948818
189.131728012851,226.066443342887,7100.9859223163
197.585121400372,1090.53543972948,7100.9863323163
209.229155239902,1379.25593168831,7100.9868970663
226.562799594675,696.999236105,7100.98773776942
244.365182076646,1956.71767677652,7100.98860120693
353.901057171572,52.9108527824729,7100.99391383193
357.066569467621,258.628646276904,7100.99406736318
3.0090730135977,171.970521156695,7100.99435558192
12.8470961155457,298.050861768928,7100.99483273818
20.9995950498679,1676.01554856844,7100.99522814443
32.3627082322974,69.8937435705815,7100.99577926943
40.2065809673557,2075.99182289187,7100.99615970693
85.9699149733135,27.7974258194869,7100.99837928505
186.280831295072,103.124023209666,7101.00324448818
191.258475353719,302.555674958072,7101.00348591005
203.306815965719,941.402511500655,7101.00407026943
214.730494629842,1464.66749839647,7101.00462433193
230.511021277767,1021.05979227218,7101.00538970693
353.738558558156,99.6021251586932,7101.01136639442
0.343094295507971,82.2437465353154,7101.01168672255
10.3325310266814,188.344354001835,7101.01217122255
14.268964464963,346.55328606803,7101.01236214443
23.5937918435824,1311.32293912373,7101.01281441005
38.8736869024149,73.5610392044173,7101.0135555038
45.1834491740806,1150.10623247258,7101.01386153505
86.4475418749139,2225.82086095713,7101.01586289443
167.017658516343,37.7573076970616,7101.01977064443
174.380873345895,767.608310248136,7101.02012776943
186.84093031722,867.618477062848,7101.02073209755
193.343342334641,783.117126701427,7101.02104747255
203.571175082051,78.9806484102762,7101.02154353505
205.800177713853,1413.69960182658,7101.02165164443
225.214632550804,2212.8170407143,7101.02259326942
256.180760633202,1570.83401841618,7101.02405680067
343.962678474958,96.3418858579423,7101.02831433192
347.873017242141,58.6777709754571,7101.02850398818
357.801244210702,432.768487712565,7101.02898551943
5.92668195878733,284.900714131453,7101.02937961318
14.0566298983282,1393.13560687526,7101.02977392567
21.5287337537461,1282.58059728381,7101.03013633192
46.0709577917401,1038.57489275327,7101.03132666005
61.2603267872439,2136.50896974116,7101.03206336318
172.210792215737,92.5115262173648,7101.03744459755
185.07483368781,1042.61954625429,7101.03806851942
193.81462440152,630.416219227214,7101.03849241005
208.164452905325,299.810759551988,7101.03918839443
218.765665328433,1446.49270339414,7101.0397025663
238.816379807368,1904.39619629501,7101.04067505068
346.062686826303,21.1660047128026,7101.0458766288
350.834794920756,122.217999609653,7101.04610808193
357.525990773395,73.6886454633101,7101.04643261318
4.24650288924784,149.403184268593,7101.0467585663
10.622629433404,28.8952490407057,7101.0470678163
12.4212306216359,1266.54187138087,7101.04715505068
29.3776294651832,284.1082091809,7101.04797745693
34.5334262175852,437.60406409632,7101.04822751943
46.992194514561,2092.14756630161,7101.04883178505
179.357386134408,134.233513193749,7101.05525166005
192.725602984402,286.479118205563,7101.05590003505
198.486732319518,1354.62430161937,7101.05617945693
211.805981306917,55.4256120166574,7101.05682545693
220.65240589451,1129.00155890827,7101.05725451943
241.537506355266,1442.33003318561,7101.05826747255
349.157837368322,112.866868628991,7101.0634871913
354.640301085809,77.4795436142561,7101.06375309755
2.44252704979126,171.970521156695,7101.06409789443
9.33603734952021,1222.08776431876,7101.06443223818
24.3311458407157,102.208970453876,7101.06515951943
28.2778882612499,1292.85260275225,7101.0653509413
48.4043095547975,1412.84872690051,7101.06632709755
74.0473432172161,41.3496979712047,7101.0675708163
87.9622600859959,336.876027073885,7101.06824570693
182.728536412516,182.980783303144,7101.07284198817
185.768407591227,133.3205768006,7101.07298942567
192.783048854342,179.560283308788,7101.07332964443
197.0748212025,356.178642135774,7101.07353780068
206.535276559002,1026.34578613703,7101.07399664443
224.249065932912,1755.90342266219,7101.07485578505
252.863351349567,1534.43313610779,7101.07624361318
340.944874970171,64.7660466923661,7101.08051567568
346.532039606273,31.5565525099704,7101.08078666005
355.488641819073,357.862683930676,7101.0812210663
1.54583321921679,132.755653692307,7101.08151484755
6.17683659168794,240.092890013699,7101.08173945693
13.0726020434007,41.4064581233387,7101.08207391005
16.8721188294495,1453.12806232312,7101.0822581913
29.6221168032822,1525.00012617907,7101.08287658192
52.8525185085591,786.18211940551,7101.08400328505
67.0119523810882,182.775308776861,7101.08469003505
175.386774491604,48.2683545910412,7101.08994634755
185.120096637434,170.43405575734,7101.09041842568
188.415438120569,146.096829078957,7101.0905782538
198.441600739313,948.401912559405,7101.09106453505
211.32883752459,238.207314984251,7101.09168958192
214.608715515594,991.786652804194,7101.09184866005
233.069264240899,1517.88681623799,7101.09274401943
357.036795604251,55.2133373743491,7101.09875659755
0.206495932544222,142.450357065727,7101.09891033192
7.65089432080661,208.422959446786,7101.09927139443
12.3031600512135,106.705783098349,7101.09949703505
16.3394621324501,532.153709986716,7101.09969280068
23.8044785227214,1474.48653287086,7101.10005486318
39.1262539790025,427.175128603352,7101.10079798818
48.0967088878765,1274.11459160953,7101.1012330663
77.5982140219804,1645.60576276784,7101.10266392568
165.901318806778,60.7621175596762,7101.10691145693
179.238286438292,302.058461576493,7101.1075583163
187.327320495522,880.686801263408,7101.10795064443
200.709390079094,943.953804011244,7101.1085996913
215.40006040327,993.603754828598,7101.10931220693
233.27331738669,1693.14728903913,7101.11017908193
269.634828525066,20.7598712526069,7101.11194266005
351.57282278945,100.913971623484,7101.1159167538
357.694123310101,85.3271966971825,7101.11621364443
7.01572913410988,486.406082078616,7101.1166657538
12.4015458007564,182.980783303144,7101.11692697255
20.3462536188998,343.503753219565,7101.11731230068
25.7307816862048,1364.35418518488,7101.11757345693
34.0430703517445,394.236587819563,7101.11797661318
51.6724546873422,1441.49614467182,7101.11883166005
84.2560335193127,230.999372408114,7101.1204120038
176.334556022388,35.8754137508299,7101.12487792568
182.572799474181,291.936336216381,7101.12518048818
192.198521268495,433.46259914756,7101.12564734755
201.48565628191,293.476909440926,7101.12609778505
209.305689422845,358.701762737113,7101.1264770663
213.448303181248,1262.7383583208,7101.12667798818
232.884986928778,1636.81357356893,7101.1276206913
346.739051164667,24.6159446992689,7101.1331427538
356.761025751167,66.5545119016286,7101.13362883193
5.42382097591537,285.427820267969,7101.13404898817
12.0199806112751,278.767342543063,7101.13436891005
15.3884516728357,137.209910100466,7101.13453228505
22.2677871172795,1439.82681333199,7101.1348659413
38.8266444942914,342.408018605411,7101.1356690663
43.9160769366987,1374.88986862166,7101.13591591005
70.0816488645684,811.026967806328,7101.13718497255
178.368844344658,35.3810106212826,7101.14243703505
183.668000858513,300.311692180699,7101.14269405068
189.640142864417,208.783240696064,7101.14298370693
198.761044999891,463.622668034347,7101.14342608193
205.343351901673,427.175128603352,7101.14374533193
212.284863548859,94.9174211450909,7101.1440820038
214.396278968599,1334.95225984603,7101.14418441005
234.366776403961,1564.69792678138,7101.1451530038
269.96355989688,293.732871359254,7101.14685376943
347.583364945292,59.3543131310881,7101.15061842568
352.212435399999,125.104843151647,7101.1508429413
356.319934066889,77.2366684498316,7101.15104216005
6.10608994834712,288.830542816143,7101.15151680068
10.6307816061474,277.009387650295,7101.1517362538
15.0971629342381,1237.73125082494,7101.1519528788
31.9011815584139,1032.18722458109,7101.15276789443
49.3923605674292,1008.0219992048,7101.15361623817
70.2455675662892,565.564928223239,7101.15462764443
172.898885662162,38.2209819349555,7101.15960645693
181.340037074658,173.276643034015,7101.16001586318
185.070290155314,165.285146680461,7101.16019678505
189.61076750196,94.6200340301573,7101.1604170038
202.26089694535,926.596632755405,7101.16103055068
210.77582221719,1046.64843458835,7101.16144353505
224.993566419429,174.034023303626,7101.16213311318
249.14211486392,1546.14354652693,7101.16330434755
348.296810589438,88.5155698737705,7101.16811347255
358.232124985642,285.690998635957,7101.16859534755
1.62701291501692,58.9971127507027,7101.1687600038
7.17197503196227,173.059636066064,7101.1690289413
15.422409616467,1393.13560687526,7101.16942909755
29.0712250393585,295.518526316485,7101.17009108193
38.868334183988,69.7592053566787,7101.1705662538
43.7132496976542,329.887561711928,7101.17080123818
44.0975827115308,1347.50410829554,7101.1708198788
68.048004741177,466.209126859241,7101.1719815038
175.254042158721,57.3007405413328,7101.1771811288
186.983769710913,179.76943544884,7101.17775003505
191.829007346286,292.450785810416,7101.17798503505
197.614298434737,980.200698386113,7101.1782656288
210.535039552974,102.117023170756,7101.17889230068
213.247921607388,964.12056116435,7101.1790238788
228.177310107012,916.155762364923,7101.17974797255
253.421835787756,1760.00769513962,7101.18097236317
349.948054534678,254.084531192689,7101.1856540038
355.021701325743,33.6108259280099,7101.18590008193
357.578337325256,86.7466862231048,7101.18602408192
2.93193837079556,1215.18051177105,7101.18628373818
14.5044534654609,310.886677512556,7101.18684501943
19.0726362792628,200.145219841907,7101.18706658193
27.0197189831987,280.648199124656,7101.1874173163
33.5894617507445,1523.42216619417,7101.18773595693
58.4689838577841,2396.47990341041,7101.18894264442
172.047604143167,61.4921377706246,7101.19445134755
181.377263834949,157.8422947901,7101.19490384755
185.07336833923,252.452420079763,7101.19508311318
193.531916199125,1073.86810554999,7101.19549336318
206.749041466593,1340.34605636657,7101.19613441005
222.176484356626,827.902246758327,7101.19688266005
238.789464068608,2358.03665482592,7101.19768841005
345.507756153003,33.7328880106735,7101.2028643788
351.383573229774,97.6013020403954,7101.20314936317
2.83141364723127,284.372608794214,7101.20370459755
5.91767537734205,241.186015603745,7101.20385428505
17.2746676097632,1457.25975730926,7101.20440511318
28.3810218509227,1021.64843251984,7101.20494378505
43.769805898117,1151.15139642796,7101.20569016005
64.0576277189392,790.757459512292,7101.20667414443
174.47878961355,64.6208295207451,7101.21202970693
179.668734979831,88.7275877770044,7101.21228142568
182.722781013827,135.209760054877,7101.21242955067
194.77724261334,339.321210018895,7101.21301420693
198.869599909807,600.623384361398,7101.2132126913
204.500900057837,1015.1542939596,7101.2134858163
222.417003878836,1293.78241453537,7101.21435476943
242.868159182201,811.026967806328,7101.21534667568
257.717008479041,271.667299767131,7101.21606686318
340.324122324938,28.6913288266577,7101.22007341005
352.850543568754,73.1769089767909,7101.22068095693
356.325970663408,175.966602400379,7101.22084951943
3.3251483968893,250.659853984203,7101.22118898818
11.6461352861286,362.246121987653,7101.2215925663
15.8531803992581,403.283323402448,7101.22179661318
24.0668891336963,270.974798155521,7101.22219498818
31.9925896708798,1602.66311333146,7101.22257939443
59.6033567948701,1248.37229442676,7101.22391855068
79.7336439989544,1103.68814087991,7101.22489489443
164.519901796021,64.1832142989074,7101.22898517568
177.342062945653,203.311992241773,7101.2296070663
181.40349318285,265.935579113474,7101.22980405068
188.904591142269,756.563034443047,7101.23016786318
201.476758656566,1305.80923851653,7101.2307776288
215.51538372492,897.592111748224,7101.23145851943
232.462762148052,1504.35874868293,7101.23228048818
352.998357572752,71.7508275016598,7101.23812661318
359.064891477514,95.1151726824584,7101.23842084755
6.79310995577934,113.778771126949,7101.23879567568
13.1096374958763,428.930918561221,7101.23910203505
19.4992946894069,230.184565852554,7101.2394119413
22.9286533543683,435.5382721144,7101.23957826943
29.8972262252952,1515.50816340773,7101.2399162538
45.8224012715184,536.093502923052,7101.24068864443
65.0442064002181,91.7467421479579,7101.24162092568
73.8903087910955,1787.12800114056,7101.24204997255
163.571662904168,34.0447565971846,7101.2463996288
170.218723282383,207.519515460497,7101.24672201943
180.151138245685,120.670876069262,7101.2472037538
185.06918337528,290.128671087686,7101.24744228505
188.431211290117,1339.44855207346,7101.24760534755
205.802548010095,357.44243676028,7101.2484478788
214.207617853443,1503.5592770829,7101.24885553505
230.140524645732,1575.42046075321,7101.24962830068
257.290929782022,270.280520187072,7101.2509451288
346.322815800451,28.6503702706664,7101.25526328505
353.193452983691,135.209760054877,7101.25559651943
359.734845965659,105.37689471013,7101.25591378505
9.4249990771946,331.024679889325,7101.25638376943
15.3433409073411,645.49554590343,7101.2566708163
22.4597836936722,1394.86078243323,7101.25701597255
35.9919783071285,76.8097668801815,7101.25767230068
49.4104516190599,1890.45357146256,7101.25832311318
181.621974457697,228.71057825391,7101.26473553505
190.530897482252,83.9956160181288,7101.2651676288
193.360400271092,159.146307243674,7101.26530486318
204.022822494316,1589.10018477343,7101.2658220038
224.099309485138,187.944909635362,7101.26679573817
241.509305047955,1725.5078477163,7101.26764014443
357.984368957459,233.426750151366,7101.27326630068
1.55579874702775,54.9575211727937,7101.27343951943
8.07754020462031,164.829816462486,7101.27375583193
13.4034356704923,1248.37229442676,7101.27401414442
26.2101333279936,245.968551082498,7101.27463528505
37.8287168148477,1010.40498190486,7101.27519880068
44.3610893764002,51.3794909395848,7101.2755156288
49.3989767575292,1711.5132644463,7101.27575997255
77.909849892416,196.162780463638,7101.27714278505
176.068759071335,33.3653625561592,7101.28190361318
178.093192141567,133.953279024546,7101.28200180068
190.872184256905,116.55228171481,7101.28262159755
193.445572460403,339.099665014331,7101.28274641005
201.836467373458,1414.55003266344,7101.2831533788
226.46438508661,541.394595821032,7101.28434786318
230.474914543447,455.775167607086,7101.2845423788
242.84347897381,1859.67075072568,7101.28514226943
355.424701879032,101.563528420723,7101.29060259755
359.023837210764,535.813116098183,7101.29077716005
6.30619071582544,163.341229431069,7101.29113036318
13.2357825847021,522.174026240663,7101.29146645693
19.6199631091431,135.971914283495,7101.29177609755
21.3721736709667,411.401440691961,7101.29186108193
36.4378344668966,2300.21246494516,7101.29259178505
53.3600846965646,160.205335109076,7101.29341253505
74.500011180826,1530.50971896107,7101.29443784755
172.666652068307,41.0647175985712,7101.29919905067
174.592505207438,217.941623081863,7101.29929245693
185.010732586123,190.032697910958,7101.2997977538
190.508981992457,268.886607424079,7101.30006442568
196.941163826851,1368.75377698686,7101.30037639443
214.30154720865,1439.82681333199,7101.30121839442
230.003145449848,1644.14371006671,7101.3019799413
266.027036359968,78.9806484102762,7101.30372714443
353.699743054149,105.910447079083,7101.3079793788
3.00878470641877,164.258870394285,7101.3084308788
8.19647499572417,100.727606811013,7101.30868248818
12.1648019334055,714.043268956743,7101.30887495693
18.9768066277247,90.4577315830046,7101.30920534755
25.6770228632755,309.918174457025,7101.3095303163
37.8274871577029,359.53887089768,7101.3101196288
43.3855213839221,1746.28955740275,7101.3103544413
73.6966064655937,2064.37444916219,7101.3118245663
171.373891298876,37.4763449439985,7101.31656203505
177.77579035492,330.570293360921,7101.31687253505
186.335495457111,497.406615895812,7101.3172876913
189.764209841154,181.123060993826,7101.31745398818
195.301762371245,1442.33003318561,7101.3177225663
211.60547156554,156.287163766144,7101.3185133163
215.673989267884,1528.15082810065,7101.31871064443
233.820435162339,1023.41246588367,7101.31959076943
261.015942213183,571.907909918679,7101.32090978505
337.971460030749,21.2352444656227,7101.32464222255
356.320864653212,162.995783536957,7101.3255321913
0.376818221319164,112.031425802961,7101.32572891005
5.09577045843582,245.356679418052,7101.32595778505
12.6277954771242,328.974986141262,7101.32632309755
18.1473071663858,448.125703211844,7101.32659080067
22.1075802362944,560.760549106476,7101.3267828788
31.8283382853923,245.662795661516,7101.32725434755
35.3704518117483,109.915042345587,7101.32742614443
41.4795104323819,1721.32141873504,7101.3277224413
189.542756542101,143.50165500332,7101.3349036913
192.755303745477,113.696177472811,7101.3350595038
198.772869825148,1322.28117344368,7101.33535136318
221.711397535145,408.468092683023,7101.33646391005
226.103360572957,351.291967737311,7101.33667692568
239.493806258521,2412.48332422117,7101.3373263788
353.490908096652,71.8816395295363,7101.3428553788
355.912238314997,256.439924850582,7101.3429728163
4.65718350108238,251.258791550413,7101.34339695693
13.3331871784896,315.922593641105,7101.3438177538
19.5975253388854,35.9734811383738,7101.34412158193
21.70217545269,679.085232491161,7101.34422366005
35.8339037830556,2653.64108464894,7101.3449090663
86.2524029898269,1105.32116792683,7101.34735442568
166.651132205932,122.754903464362,7101.35125386318
180.318789531284,289.869517278163,7101.3518806913
184.103164946909,429.631191734003,7101.35206423818
193.485336215108,179.664894073284,7101.35251928505
200.238064027075,1309.48751841942,7101.35284680068
217.972471440498,724.907078808457,7101.3537069413
234.60864642818,1768.18748531815,7101.3545138163
267.979576372148,837.290015098802,7101.35613234755
343.34653923214,87.3940572687637,7101.35978773818
349.837031433748,176.81875408293,7101.36010253505
358.752719726734,487.023754658367,7101.36053495693
4.64335605222087,405.142613901788,7101.36082066005
9.1664369514683,172.95102849868,7101.36104003505
12.3928368884218,43.1289864932793,7101.36119651943
18.0521646253147,402.537170263173,7101.3614710038
19.6626262592467,1298.42125939916,7101.36154911317
40.0992845856191,670.621447262931,7101.3625403163
48.8319877966791,278.767342543063,7101.36296386318
53.5522286331373,1658.70683854763,7101.36319280068
178.472055387087,55.6792806305495,7101.3692515663
183.839831325416,163.685939802427,7101.36951191005
193.691062805015,951.566492268796,7101.36998970693
207.208438244763,1338.55049266884,7101.3706453163
222.292784124938,281.183298866949,7101.37137692568
233.798290591186,1544.58734691332,7101.37193495693
267.250081934653,2304.39090032064,7101.37355741005
339.130664324308,63.1131050199407,7101.37704370693
345.258407991682,183.902615358278,7101.37734091005
354.743669457446,82.1294351971424,7101.37780095693
357.681416916226,351.933204800758,7101.3779434413
3.38037001109576,37.3507960671482,7101.37821984755
10.5557674455593,1976.28535758554,7101.37856786318
31.8490405893224,437.260450070198,7101.37960061318
36.9974276798623,1028.10171487278,7101.3798503163
59.3083940090793,2272.8656734472,7101.38093242568
173.405686649377,65.5947934857792,7101.38646628505
179.448058763301,340.868111514681,7101.38675934755
190.937779578206,232.781932618664,7101.38731661318
193.983771706925,673.30574449187,7101.38746434755
206.479588050683,1758.6406775294,7101.38807041005
229.110133879839,1129.00155890827,7101.38916801943
239.920103934264,1491.51457851104,7101.3896923163
345.992375529194,30.2454727929558,7101.39481064443
349.945883255663,83.9396746554755,7101.39500239443
3.85596777377623,319.235693435616,7101.39567705068
9.64963492671479,1093.28857078594,7101.39595805068
20.5633394221189,834.412650085881,7101.3964873788
33.3294453190171,29.097741577333,7101.39710655068
38.3405936731208,267.344896220933,7101.39734959755
43.4606310530902,2849.42913708619,7101.39759792568
181.423940647217,132.117247697572,7101.4042893163
184.691898784904,200.332889166432,7101.4044478163
195.196786353886,144.154826964282,7101.4049573163
200.599033027802,1493.12606723129,7101.40521933193
212.893179205389,425.058654940358,7101.40581561317
225.151243926341,321.347531917482,7101.40641014443
237.740163569614,1613.13329360979,7101.40702072255
348.730898561995,29.0371424821467,7101.41240391005
352.267213297554,91.9002096644306,7101.41257542568
357.632734083899,130.038785295383,7101.41283566005
4.42863093016083,358.911206310708,7101.41316526943
9.53674845681297,166.305094695396,7101.41341301943
16.3548740636365,38.2209819349555,7101.41374370692
20.3267447901471,1348.39617249582,7101.41393634755
27.9731354287832,648.747389142557,7101.41430720693
43.5461931572448,673.752054147769,7101.41506251943
53.0826774875715,212.882655947766,7101.41552505068
72.9494404819546,2368.21384724806,7101.41648861318
168.105526491441,64.693479739919,7101.42110380068
174.082178688801,425.412149951399,7101.42139367568
182.336156987127,356.811108437327,7101.4217940038
188.778970000489,1508.35022250106,7101.42210648818
203.954164103204,302.803976337529,7101.4228425038
211.475880102136,1290.99109180686,7101.4232073163
231.49631180272,2225.82086095713,7101.42417833192
272.364151711368,1602.66311333146,7101.42616047255
339.735828132068,86.0944440739253,7101.42942808193
346.18186270004,56.3501398320732,7101.42974072255
349.525849849055,56.7240074356157,7101.42990291005
354.680680161327,308.459757736301,7101.43015292568
2.01683384214599,235.829161754353,7101.43050873818
7.69806829290133,1164.65193045201,7101.43078428505
14.8944059260893,48.6077636474569,7101.4311333163
21.4109928738035,1544.58734691332,7101.4314493788
48.1396947527194,583.872672432761,7101.4327457538
56.8975262322519,2149.97442071763,7101.43317051943
176.040558446128,51.150424174029,7101.43890270692
179.440278763673,204.968708672482,7101.43906759755
188.366276038912,180.187018083977,7101.43950051943
192.225714025735,217.7691360572,7101.43968770693
201.851113623333,1436.48226647031,7101.44015455068
214.89910669247,1021.05979227218,7101.44078739443
232.419601964698,1638.28228760821,7101.44163716005
348.24075538124,20.7598712526069,7101.4472546288
354.253166951033,102.941662138978,7101.44754623817
4.6752603152636,99.6964039101655,7101.44805172255
8.69191072210951,109.40101602408,7101.44824653505
13.7101465788637,82.3008466932507,7101.44848992568
21.2875956713182,1411.14553375843,7101.4488574413
37.9898127722787,322.281701325977,7101.44966751942
42.7519340061856,385.172421735192,7101.44989848818
63.4099140231032,2479.3453956562,7101.45090042568
171.428752905321,63.038636810564,7101.45613947255
177.479501121237,310.160591654451,7101.4564329413
188.203777463,164.829816462486,7101.45695308193
191.558717950194,350.43512536248,7101.45711580068
199.270828542898,1518.67873832146,7101.45748984755
207.845352856301,930.48180271893,7101.45790572255
229.213366299539,115.336899753071,7101.45894209755
232.09634714243,1167.74534486552,7101.45908192568
353.98113510584,75.3901038819116,7101.46499348818
3.04243827475835,69.3540155860539,7101.46543297255
7.17248789892572,286.741325128403,7101.46563328505
15.3137112983532,227.061605628798,7101.46602814442
20.827746356029,1140.65756839921,7101.46629558192
28.2898633884058,219.316662053437,7101.4666575038
37.2661171630848,56.4750399223435,7101.46709286318
47.8296372584918,1562.3906612916,7101.46760520693
73.8444398005507,204.417940907753,7101.46886695693
96.3393576143196,21.2214135153488,7101.46995798818
176.603425330175,41.2074541156215,7101.47385089443
181.909024990754,249.00531636618,7101.47410822255
189.487170133687,253.640469738414,7101.47444039443
198.349380372622,181.537535004495,7101.47487022255
204.599865836944,1494.7360016393,7101.4751733788
220.078853750752,949.035627861861,7101.4759241288
237.539427897213,908.908170949019,7101.47677098818
264.223027861574,1495.54024719833,7101.47806517568
346.887807718758,53.8349399781257,7101.48207451942
351.771382037759,250.809734092527,7101.4823113788
356.761590230643,119.968160405826,7101.48255341005
7.0899359019266,1269.38692890377,7101.48305434755
15.1502980143671,61.6066087033573,7101.48344528505
26.3429902491072,1333.14947969865,7101.48398814443
44.393433411144,1724.11362964198,7101.48486361318
54.0929291023061,440.684627678323,7101.48533405068
179.906096523713,41.9418458297294,7101.49143614442
182.815172112711,122.601748198115,7101.49157723818
195.64957516236,255.117704739405,7101.49219972255
200.907817793904,388.281851115835,7101.4924547538
209.604761632532,1472.85472706926,7101.4928765663
225.414604543669,1403.45524091146,7101.49364336318
244.732412404788,1377.5111051828,7101.49458030068
349.228789322528,38.4659908092555,7101.4996485038
356.756626308972,283.578660553729,7101.50001361318
6.1558718653589,176.606090862563,7101.50046948818
9.92413947043083,287.526558118145,7101.5006522538
18.6735948854752,1422.18015142248,7101.50107661318
34.6876851614661,70.9608899418512,7101.5018533163
37.0822763527859,529.321586562048,7101.50196945693
48.7472504285441,108.278927490879,7101.50253522255
59.0288833892166,1880.24862346481,7101.50303389443
177.360282253872,130.974578405052,7101.50877311318
183.745107059232,119.261309161622,7101.50908278505
191.520682566531,226.398649827431,7101.50945991005
199.611005260607,1351.95865613724,7101.50985230068
214.560689603029,1226.01739871442,7101.5105773788
232.978713649966,941.402511500655,7101.51147067568
358.957178464034,124.200469353575,7101.5175629413
7.30715953228209,58.717787576601,7101.51796792568
12.8173286794213,548.56569287054,7101.51823517567
16.3111187741168,346.119272132128,7101.5184046288
25.2026452762641,235.988451002811,7101.5188358788
33.755262913309,219.830084691175,7101.5192506913
39.7644528909877,1563.16015686997,7101.51954214442
66.6816165584228,1488.28616097774,7101.52084766005
168.702540922849,69.6244034648075,7101.52579580068
178.452293075948,209.142897444892,7101.52626867568
183.599069445439,184.310816608857,7101.52651830068
186.836744879783,253.047138798479,7101.52667533193
197.838720324036,1350.17863556186,7101.5272089413
208.034981731258,1234.81325164931,7101.52770347255
220.898378884908,33.4883197561364,7101.52832736317
224.667290845907,531.022614769228,7101.52851016005
256.843019229089,3563.47396035517,7101.53007072255
338.82901484093,124.728824490994,7101.53404714443
345.137810597458,178.089321067887,7101.5343531288
355.036721302806,88.0900075106439,7101.53483323817
358.686435255687,1381.86895259906,7101.5350102538
16.1415327330581,320.8794618903,7101.53585684755
20.127578314854,108.452309632856,7101.53605017568
31.3505532904408,1962.85343534441,7101.5365945038
47.0592389592816,2512.10940938051,7101.53735639442
182.353157692501,120.593007801872,7101.5439183163
190.047227556887,758.547169521506,7101.54429148818
203.55977057096,1442.33003318561,7101.54494686317
214.263751032421,162.534027903227,7101.54546601942
224.630111228121,1503.5592770829,7101.54596880068
243.919247106946,358.701762737113,7101.54690434755
252.209951292842,985.095671701686,7101.54730645693
343.567164834703,43.7507460815389,7101.55173739443
350.004501178975,105.287702167889,7101.55204961318
356.404789513969,118.073814614483,7101.55236003505
1.69685860018143,255.41210812996,7101.55261670693
7.60456921385614,331.931621078141,7101.55290323818
15.253214966972,116.067655486773,7101.55327420693
17.2109615679985,1113.99045543692,7101.55336916005
27.8704843958238,464.594279714348,7101.55388616005
35.8870331555473,321.113607926193,7101.55427497255
46.5552542070721,1824.419393337,7101.55479239443
68.0241027708989,162.418384297425,7101.55583366005
174.339551884364,35.0475343191547,7101.5609405038
185.289660070623,492.242524519071,7101.56147159755
195.510405427895,627.548457643456,7101.5619673163
201.589503429389,935.636901289172,7101.56226216005
221.669212012325,1578.47068749106,7101.56323605068
238.758017279146,1433.96872154256,7101.5640648788
351.379509785761,36.3630965616313,7101.56952716005
355.788225027556,187.844906296419,7101.56974098818
1.29646129443515,97.3603697662639,7101.57000814443
10.9308812749446,1125.801785129,7101.57047542567
23.3957705969368,311.369791061722,7101.57107998818
33.0150492070229,135.971914283495,7101.57154653505
37.3973476185087,366.372071569643,7101.57175908193
42.1797647327172,1731.07395085026,7101.57199103505
70.8011375770149,2203.01377140686,7101.57337920693
163.729831750757,41.9418458297294,7101.57788636317
170.609167195201,53.2206639869415,7101.57822001943
180.303508376485,1067.1281636121,7101.57869020693
189.271708208383,208.963138459417,7101.57912517568
198.341387441789,69.320139906015,7101.5795650663
204.738131987954,1361.70741349417,7101.5798753163
217.143422305888,2182.17310887781,7101.58047698818
241.496862433655,291.420998443925,7101.58165816005
256.078321610257,1497.95043036249,7101.5823653788
344.962659872494,121.05952351682,7101.5866763788
348.726095164403,39.2816161542964,7101.58685891005
358.486800618177,128.43957841735,7101.5873323163
4.32653616330484,223.559143419649,7101.58761555068
10.7867456240658,1418.79397119737,7101.5879288788
25.9886787538058,53.0881102966951,7101.5886661913
29.0746183247053,439.66016938235,7101.58881586318
39.0698539591876,383.999915198885,7101.58930064443
53.7366846892405,1847.99497926491,7101.5900120038
81.8970512274146,2368.21384724806,7101.5913778163
169.712151167911,116.954612661146,7101.59563695692
173.745553778741,314.969578196767,7101.59583258192
177.078909748788,210.932007971287,7101.5959942538
187.228780642114,925.298004883501,7101.59648653505
197.73560112886,1481.80823167365,7101.5969961288
213.305406601014,2002.87875173899,7101.59771626943
231.721497692683,1257.01171693748,7101.59860947255
351.45009048101,25.3908821051807,7101.60441645693
358.965685492429,165.625832493355,7101.60478097255
9.29016529068085,384.195592006975,7101.60528172255
15.6978632125293,218.113971328648,7101.6055925038
20.5347247459108,285.953954959339,7101.60582709755
30.8704800415527,1617.59972083786,7101.60632839443
47.4228942718408,118.550239069926,7101.60713120693
52.1608537149095,132.259384000299,7101.6073610038
64.8203257004215,1450.6432721717,7101.6079750038
172.900052261048,36.8761791935679,7101.6132170038
179.222378629446,284.372608794214,7101.61352364443
192.579642141261,492.547835850843,7101.61417148818
197.767010271355,134.373401294852,7101.61442308193
200.546900916682,1395.72264856724,7101.61455791005
217.370249018533,1389.67870544349,7101.61537386318
242.234951914361,675.534461702654,7101.61657983193
252.588747975825,1904.39619629501,7101.6170820038
334.607603527195,27.5214625394815,7101.62106001942
351.11201644753,127.999971732962,7101.6218605038
353.941841433086,185.124568452544,7101.6219977538
0.629815693612379,214.99045599338,7101.6223221288
8.09161052927371,209.860379074556,7101.62268403505
13.3511417976633,1404.31188899726,7101.6229391288
29.8468564192907,1332.24709042423,7101.6237391913
47.9836376499159,46.1286529807037,7101.62461884755
50.4362170492381,255.41210812996,7101.62473780068
65.1140011174702,2127.48463290779,7101.6254496913
174.607029337314,59.2751195349628,7101.63076023818
177.259990228457,148.520251652684,7101.63088891005
181.335595395947,317.109838388063,7101.63108658193
188.845391579065,85.272136574055,7101.6314508163
195.109729776965,1425.55822701951,7101.63175464443
210.531373801193,217.077786301978,7101.63250261318
215.162054976949,1425.55822701951,7101.63272720692
234.117436500549,1455.60841158243,7101.6336465663
255.839500291825,72.2076357040358,7101.63470011318
348.516664418637,40.2268704458031,7101.63917023818
357.096665326122,176.81875408293,7101.6395863788
3.27015530148135,136.11001214997,7101.63988580068
7.24170383127658,160.907481783212,7101.64007842568
13.5430900009503,899.599394976747,7101.64038405068
19.2323783194784,27.9028397609515,7101.64065998817
23.1314416267748,493.46249308968,7101.64084909755
32.7909898757566,360.790897158125,7101.64131759755
38.3646239374917,182.157469663657,7101.64158792568
43.0159231902644,1482.61958266005,7101.64181351943
71.6985058721822,2353.95325454135,7101.64320466005
163.758343253509,50.8279980604431,7101.64766967567
174.241324183636,227.061605628798,7101.64817811318
178.133944344209,179.664894073284,7101.64836691005
182.741430244264,260.798993512168,7101.6485903788
190.617840834649,100.447414275173,7101.64897239443
194.730494011417,1550.02732871168,7101.64917186318
205.07204813536,1311.32293912373,7101.6496734413
223.06579172624,920.085008182525,7101.65054616005
240.599495451127,1509.14714058814,7101.6513965663
351.017757875331,37.0667559146387,7101.65675198818
353.647523490774,78.3836606732535,7101.65687953505
0.235307024141811,54.7434285402826,7101.65719905067
5.17493663338078,162.302657424895,7101.6574386288
8.86395367251467,392.708504604045,7101.65761755068
18.4742119371939,139.248806929615,7101.65808366005
21.7105987346925,193.559376859831,7101.6582406288
27.429847634856,1573.89312693823,7101.65851801943
51.1183562508577,1476.93113294878,7101.6596669413
177.383187511274,79.3366830564857,7101.6657909413
181.72972647532,96.3418858579423,7101.6660017538
186.966706711424,118.15334821641,7101.6662557538
196.861751581244,1094.38791362493,7101.66673567568
209.4387513712,160.088012290949,7101.66734567567
212.941884008018,517.257292553808,7101.66751558193
228.113534359407,1349.2876815846,7101.66825142568
252.082963670013,1592.1242102479,7101.66941397255
342.296198515651,84.9962600302234,7101.67378942567
349.087585170457,62.1380377707759,7101.6741188163
355.154763393642,98.0813902318189,7101.67441308193
359.837956183318,874.520900140396,7101.67464022255
13.2706043880389,270.697297910516,7101.67529172255
16.567556629727,351.719570135245,7101.6754516288
24.9342898269515,77.8424477654305,7101.67585742568
29.6525977081414,1796.52337450875,7101.67608626943
44.8313355246774,1655.80449351665,7101.67682245693
181.632307569074,52.1057398616964,7101.6834037538
187.823193991833,299.057778541112,7101.68370401943
194.139721569434,819.874834689927,7101.6840103788
207.561094276764,1276.94277374246,7101.68466133193
219.855240491856,310.644843182217,7101.68525761318
231.206111736764,1476.93113294878,7101.68580814443
246.722469781557,2253.73875117896,7101.68656070692
344.777644481993,23.9632706039439,7101.6913165038
348.929278660811,124.804111489851,7101.69151786318
353.523878342427,269.723854362525,7101.69174070693
3.81904187746597,372.677028126489,7101.69224003505
8.61949968248846,941.402511500655,7101.69247286317
21.1356119065478,1673.14317955913,7101.69307991005
34.5347558533158,189.140758610762,7101.69372978505
41.4562937794117,1768.18748531815,7101.69406548818
79.2439929079567,1182.07410526594,7101.69589823818
164.768236135617,52.5545509888481,7101.70004626943
178.852929633663,295.009433548543,7101.70072939443
185.906551861325,211.820894158166,7101.7010715038
190.205733796336,429.631191734003,7101.70128001943
201.532765409618,1089.98399195315,7101.70182939443
212.56695658749,264.376659453447,7101.7023645663
218.056829891832,1557.76591626022,7101.70263083193
234.643714895211,329.659632924972,7101.7034353163
245.948195551215,1816.49284503038,7101.70398359755
346.679848540201,128.585794789693,7101.70886920692
354.583642476034,121.833071409228,7101.70925255068
3.81021204525913,1405.16787094924,7101.70970005068
18.1152607562167,324.605314849791,7101.71039386318
21.6825025135411,54.0960609640706,7101.7105668788
30.7074019165961,404.399930209465,7101.71100459755
36.6289653388567,1610.14868105269,7101.71129180068
63.1340904877555,2986.25213446257,7101.71257733193
171.93673676815,121.292101362691,7101.71785439443
182.069211139068,250.509890609152,7101.71834583193
185.507912383656,1009.21415668864,7101.71851261318
199.749174020807,761.711083097083,7101.71920333193
209.370707745372,1515.50816340773,7101.71966998818
227.443379780483,2648.1974391146,7101.72054653505
260.421670605078,436.227942657297,7101.7221158163
355.425376470201,138.301065044644,7101.72672361318
0.464230366468223,229.530630613262,7101.7269680038
10.396967488981,422.220175488874,7101.7274497538
14.9042627368863,352.786383439607,7101.72766836318
23.5809106952124,1803.20447462634,7101.7280891913
41.7363769350744,245.968551082498,7101.7289697538
46.0980573445512,105.466003985644,7101.72918130068
65.6075484362865,1677.44995671626,7101.73012753505
180.349476708048,824.992185677331,7101.73569266005
191.078585400477,60.0232225034247,7101.73621303505
196.946670768687,271.113437255721,7101.73649764443
205.218367673624,141.524042485131,7101.73689883192
211.964008057948,1556.9938671689,7101.7372260038
222.789441642008,1325.00665994684,7101.73775105068
241.412357334717,153.252174839302,7101.73865428505
357.14652847676,50.2704509963703,7101.74426753505
0.161915705420945,81.8429699012135,7101.74441378505
7.24582067392952,210.218203955392,7101.74475736318
15.5735728691039,222.210361222608,7101.74516126943
21.0299418779889,969.096802805325,7101.74542591005
33.4052716142868,1489.09384822815,7101.7460261288
52.9440789692346,125.629395775206,7101.74697378505
74.9828228275468,1808.5315467431,7101.7480426913
171.206214203505,194.720739532528,7101.75270964443
177.16579203767,34.3879577591188,7101.7529986913
183.397914539455,215.514203705247,7101.75330095693
188.889398639853,1220.11822867307,7101.75356730068
202.496333665296,223.222718087612,7101.7542272538
209.315103628046,1430.61051893767,7101.75455797255
223.979679243619,52.4650947686389,7101.75526922255
228.187368675172,1671.70510767534,7101.75547330068
274.222280796107,1350.17863556186,7101.75770605068
345.353526560677,90.8205038951948,7101.7611560038
352.608174636086,111.947541514557,7101.76150786318
357.374406020529,95.0657746967565,7101.76170242568
4.15677225492022,250.359843967374,7101.7620313788
9.9446405420538,543.611211600847,7101.76231209755
13.5189698020288,519.287446376637,7101.76248545693
21.3299825600532,59.2751195349628,7101.76286430068
26.2879750568216,247.187714741415,7101.76310476942
32.3268035319321,2266.50787027438,7101.76339766005
57.5175290744227,975.897584964969,7101.7646194413
75.6017986911275,733.973937183663,7101.76549655068
176.252912552338,71.6853312821009,7101.7703782538
180.996348664496,199.957397861716,7101.7706083163
187.255532352518,650.136111612909,7101.77091189443
200.574137021494,1094.93714095521,7101.77155786318
215.647851722701,1379.25593168831,7101.77228895692
240.359852352457,1197.23597702404,7101.77348751943
265.431057765122,1906.92017731919,7101.7747035038
339.672404891429,56.4750399223435,7101.77830430068
341.811847900032,53.9656583309345,7101.7784080663
349.490132075572,200.520378079716,7101.77878047255
359.150646802188,377.087555625266,7101.77924901943
2.91279341974708,1123.66349558357,7101.77943148818
16.8096694852011,1320.46118483942,7101.7801055038
29.4987798931371,49.5172930436993,7101.7807209413
33.1633130197254,548.291634316911,7101.78089867568
48.4061600317759,2540.66767624295,7101.78163797255
174.72704658243,60.8007602598271,7101.7877646913
187.024736511343,212.529327470179,7101.78836114443
194.769707118584,894.236573678597,7101.78873678505
206.547436055737,1076.10520494461,7101.78930801943
225.835927616139,1934.4674750954,7101.79024353505
240.890957270605,1051.23398874696,7101.79097372255
348.868237952089,26.4554263912364,7101.7962107538
357.349658928473,210.396880473418,7101.79662211318
6.93704403915916,916.155762364923,7101.79708711317
15.4522915077146,184.921467027976,7101.79750011318
23.9585185558553,1377.5111051828,7101.79791267568
37.1778989753076,31.3886486247306,7101.79855383193
37.921114612881,1509.94383663061,7101.7985898788
62.3827994105874,57.8717213040036,7101.79977630068
69.6709517814535,469.101868461053,7101.80012978505
175.81384000748,42.9379691524456,7101.8052203788
186.061324316769,208.963138459417,7101.80571739443
189.229736045721,155.201407281425,7101.8058710663
197.261426175867,114.355289126955,7101.80626061318
202.314777124135,1168.77463263165,7101.80650570693
216.387228609653,887.487583423052,7101.80718823818
229.048633550433,479.245754192448,7101.80780233193
247.171561972473,1673.14317955913,7101.8086813163
349.33004727005,92.2063675412588,7101.8136361288
359.495059496295,181.847772950938,7101.81412914443
3.9495209710685,101.655996120886,7101.8143451913
6.84313299292786,364.727276158661,7101.81448553505
14.5214172059715,1462.20247021489,7101.8148579413
28.3947758365141,82.5288240524635,7101.8155308163
31.7316755203825,615.455852948088,7101.81569266005
45.5666974672975,728.62987865463,7101.81636367567
60.3234099422562,489.793594571353,7101.81707939442
70.8328077401975,1959.17437828541,7101.81758911318
173.001602057531,72.2076357040358,7101.82254442568
178.454749511806,296.280472378285,7101.82280891005
185.97356611534,288.570223272444,7101.82317358193
191.396430828768,213.939158055787,7101.82343659755
199.12626010309,1485.86021264663,7101.8238115038
210.092153978196,896.922036641712,7101.82434336318
222.472638224372,403.283323402448,7101.82494383193
231.556814472275,311.128345309442,7101.82538442568
253.26631409181,2164.46771617029,7101.82643736318
344.407682612215,87.3403016576901,7101.83085783193
357.321658387013,124.049090444167,7101.83148417567
0.554179311479217,51.4708310694889,7101.83164095693
3.33664726800091,1176.97662727068,7101.83177591005
19.3404285242352,427.526875013129,7101.83255211318
27.5518821441938,322.514820405573,7101.8329503788
33.8142873868253,346.336348489018,7101.83325411318
37.9659214906357,1954.25786664316,7101.83345547255
53.3737127812861,52.1958101740161,7101.83420276943
63.5735179398334,106.617707718026,7101.83469747255
74.5294249168896,2536.87870710451,7101.83522884755
166.418197144616,42.9106090937825,7101.8396855663
171.908070448957,626.109719625845,7101.83995183193
185.177707330347,169.217057033322,7101.84059542568
187.347110920585,898.930818671317,7101.84070064442
201.525874195781,1665.94060768688,7101.84138833193
220.627192717021,1586.07038613923,7101.84231476943
257.130462435876,1670.26592556851,7101.84404034755
346.740942047499,82.3008466932507,7101.8483865663
354.826110156688,151.153575767005,7101.84877870692
0.287311553744285,618.865625412468,7101.84904358193
7.93338007067287,112.533440899121,7101.84941442568
13.6941872090737,1389.67870544349,7101.84969383193
23.5537947906648,21.0268451955598,7101.85017203505
33.3918178926129,449.465409335659,7101.8506491913
42.8065269786341,432.07329381012,7101.8511058163
51.9979814938498,291.936336216381,7101.85155161318
55.1915214162655,2043.29686503968,7101.8517065038
177.907473806887,64.2928973948464,7101.8576583788
183.169260114748,161.606575344031,7101.85791358193
192.450274178154,1080.56585901295,7101.85836372255
200.434285157559,513.758313669399,7101.85875095693
211.024544242488,1123.66349558357,7101.85926459755
231.734713564098,352.999351971306,7101.8602690663
241.619771573373,224.062851605922,7101.8607485038
245.970176410452,1945.62432831447,7101.8609595038
345.284984063903,67.2565753090382,7101.86577639443
349.156341829036,95.7550219671255,7101.86596416005
359.491774927962,114.190865097008,7101.8664654413
3.68786674041665,1083.89919262208,7101.86666895693
14.3982903110976,886.131612531926,7101.86718842568
26.3619036880706,235.829161754353,7101.86776867568
38.5114014673598,1967.74840865999,7101.8683579413
56.1169462088346,464.270621947094,7101.86921183193
77.626708654972,1854.49067213739,7101.87025508193
171.74834927502,76.441963869911,7101.87482009755
180.888258691454,1068.81714589946,7101.87526339443
193.203345105269,158.317733922608,7101.8758606913
197.322126591556,1134.31464221492,7101.87601578505
213.639642402308,1950.562600328,7101.87680641005
229.444736695704,1431.45073572271,7101.87757220693
260.56410986376,823.533297111823,7101.87908001943
342.823416138916,62.3267409904926,7101.8830656913
351.099879421766,25.4139990302216,7101.88346670692
355.589776153481,230.999372408114,7101.8836842538
1.47053150397335,226.398649827431,7101.8839691913
10.7099217601053,161.490279482202,7101.88441686318
14.3475023637318,1164.65193045201,7101.88459311318
24.1590512187077,31.8344274552462,7101.88507097255
28.7605261695512,630.892893482837,7101.88529392568
38.2346822897023,220.512788584593,7101.88575297255
46.2557410213896,1617.59972083786,7101.88614161318
68.4927098430386,162.995783536957,7101.88721905068
82.7869827403698,984.485049038142,7101.88791164443
171.9883278678,160.790686321022,7101.89223367568
178.225101678999,192.976065682693,7101.89253586317
184.139717444803,151.277837479036,7101.8928224413
191.036286531086,875.894856644521,7101.89315659755
202.521108877585,1276.94277374246,7101.8937130663
217.889242001314,919.431308865626,7101.8944576913
237.831116762607,1520.26158328766,7101.89542392568
350.909566779592,66.6250457581619,7101.90090286318
0.776826680907217,49.4698379482905,7101.90138095693
5.77882252205619,301.809521818797,7101.9016233163
12.3635529065163,275.240247260555,7101.90194236318
21.2182238270192,1268.43935355225,7101.90237139443
30.8987674943565,1110.74738295969,7101.9028404413
40.2507034186349,210.932007971287,7101.9032935663
58.4805289647756,135.764469111344,7101.90417684755
72.4494189866511,2651.82764636052,7101.90485367568
165.371222174539,36.6846136801158,7101.90935597255
169.146824491173,389.055343497091,7101.90953891005
177.673855192718,115.41832073414,7101.9099520663
186.564321501654,1342.13906655134,7101.91038283193
202.139809621587,1222.08776431876,7101.9111375038
215.255416103897,1361.70741349417,7101.91177298818
234.241136035038,856.458903797375,7101.91269289443
347.885539448067,29.2386531652866,7101.9181992538
4.54391724348655,202.014044381471,7101.91900639443
9.65168672227792,201.641661701224,7101.9192538788
17.1677408955838,231.324501220875,7101.91961805068
22.0481615068723,494.37542948283,7101.91985451942
32.7641902232086,1312.23965027516,7101.92037373818
55.539379090081,154.107990257835,7101.9214772538
61.7081095876487,1335.852650719,7101.92177614443
174.401459868576,34.8122017324037,7101.9272400663
179.215449581265,208.422959446786,7101.9274733163
183.066189800123,147.249740178879,7101.92765989443
192.928934939352,160.907481783212,7101.92813776942
198.477535308801,1248.37229442676,7101.92840661317
212.782127587246,1023.99977386369,7101.92909970693
221.123409541374,1008.61818896902,7101.92950386318
239.94982406881,329.887561711928,7101.93041605068
359.361469640083,42.5533566716929,7101.93620184755
2.13190004750402,91.7979234293931,7101.93633608193
6.9039672321844,128.658833586925,7101.93656730068
18.2188423108587,369.232783237194,7101.93711553505
23.0615327483027,287.26507284027,7101.93735017568
31.4727929516404,1286.32549056817,7101.93775772255
43.3984461887968,32.9937362153476,7101.93833555068
52.5223883921852,509.35083928394,7101.9387776288
75.2817757419229,1168.77463263165,7101.9398803788
176.409741555528,35.1813057852812,7101.94478028505
181.427538913812,225.567203804289,7101.94502341005
191.069384883203,224.732704667829,7101.94549058193
194.275164045261,964.744062414979,7101.94564591005
203.40878066375,129.677060756173,7101.94608845693
219.842712013806,2108.1796308664,7101.94688472255
232.804172782967,1467.12852977515,7101.94751273818
273.078446297752,1268.43935355225,7101.9494641288
345.112861758313,88.4093770414651,7101.9529543788
357.945652784104,157.961296820552,7101.95357616005
1.0824211084293,947.133149686863,7101.95372814443
7.67747083646119,950.934442300877,7101.9540476913
23.0865590016378,154.59490632086,7101.95479430068
32.223077929641,438.290514992445,7101.95523698817
38.5275727216314,1855.78707956324,7101.95554245693
61.091536833767,2082.93093884038,7101.95663573818
166.05734365861,27.9028397609515,7101.96172159755
177.015232790017,174.357597804153,7101.96225253505
183.099473303099,653.364917724275,7101.96254733192
192.27468996659,151.277837479036,7101.96299189443
196.457907649498,1159.47806911265,7101.96319458193
211.18140216189,1611.64170897621,7101.96390797255
232.450284394784,266.782040903024,7101.9649385038
236.73153619827,1568.5357457329,7101.9651459413
355.760671921163,121.678750408805,7101.97092391005
2.48277901507632,242.893816171375,7101.97124961318
6.17743869783312,76.441963869911,7101.9714286288
13.5886866825151,401.415373163516,7101.97178772255
19.1440591200098,1277.88424286734,7101.97205689442
32.3499602058333,364.108604378188,7101.9726967538
44.2146645677857,1670.26592556851,7101.9732716288
65.6222134796993,76.257389292067,7101.9743088788
76.2669739772597,285.953954959339,7101.97482464443
177.321414191046,39.10183635214,7101.97972098818
183.627198877519,215.339759912503,7101.98002651943
190.382843903739,276.602130089287,7101.98035384755
198.517415827675,191.018853512581,7101.98074798818
203.44137134446,1411.14553375843,7101.9809865663
222.301001358738,127.485175194231,7101.98190036317
224.996938792405,1086.11575289075,7101.98203098818
243.389617017777,2113.87596316115,7101.98292216005
341.680076409181,24.0854714644856,7101.98768458193
352.902077095376,100.820830850612,7101.9882283163
359.474553238227,290.128671087686,7101.98854676943
6.52204317005493,83.547030405029,7101.98888823818
9.55271537373136,457.749643745231,7101.98903508193
14.4495825057087,1410.29299349782,7101.98927234755
30.2133992746506,91.7467421479579,7101.99003614443
33.2705149346647,433.809238531424,7101.99018426943
42.6714679380031,1842.78203807509,7101.99063976943
66.8897572576901,649.210629699581,7101.99181320693
177.263885433015,44.94235886221,7101.99716111318
182.50225947813,188.144735902007,7101.99741492568
190.189228368279,295.009433548543,7101.9977873788
197.62111515273,1208.23384630597,7101.99814747255
217.089910948,1074.98721035881,7101.99909078505
238.049534305579,1501.15808672524,7102.00010633193
347.590695220559,33.4707817017943,7102.0054138788
1.79209368786889,131.47571920058,7102.00610197255
7.63157147636546,196.927557594151,7102.00638491005
11.5029504949927,372.878644627761,7102.00657248818
21.261856932158,147.122078408835,7102.00704533193
25.7685226675683,1130.06615176658,7102.0072636913
34.3155471277869,1827.05384155213,7102.0076778163
68.1359065360308,1096.03481845966,7102.00932680067
173.94209773036,160.088012290949,7102.0144533788
182.700991948869,133.461450224637,7102.01487776943
193.318664061622,276.330291981708,7102.01539222255
197.391593419884,999.636595722109,7102.0155895663
213.046089275658,1087.77531426796,7102.0163480663
228.149465841046,1036.25674707786,7102.01707986318
238.485289946297,1750.41625638528,7102.01758066005
344.158296672711,20.8304606202914,7102.02270078505
351.292856377991,90.2497868104923,7102.02304647255
358.70603926071,147.122078408835,7102.02340566005
3.59129711709087,208.062053697056,7102.02364236318
11.1050939093537,555.373691479844,7102.02400642567
16.4714927693692,73.9431779694932,7102.0242664413
20.2370981503541,838.72497835813,7102.02444889442
29.4577845798377,1760.00769513962,7102.02489566005
48.3209618696411,679.085232491161,7102.0258096288
60.1005314312615,1658.70683854763,7102.0263803788
169.494641221687,38.0053037651873,7102.03168080068
181.095556511858,232.943303535293,7102.03224289443
184.531909296397,211.110087744437,7102.03240939443
192.790636164075,497.708707580813,7102.03280955068
201.743341205156,1362.59026284336,7102.03324333193
209.841795295195,394.236587819563,7102.03363572255
223.447894675693,1493.93120096875,7102.03429497255
240.97406763333,120.046445006849,7102.03514416005
245.370122486005,1736.62229041582,7102.03535716005
344.33198642809,24.6397867387227,7102.04015211318
350.402037839067,97.5531599944901,7102.04044622255
355.468529793405,166.078970020855,7102.04069170693
4.96654943076097,285.953954959339,7102.04115191005
10.1265607435903,1202.24752375719,7102.04140192568
21.8048713921128,267.485422700275,7102.04196776943
29.9881378370187,71.1591896518371,7102.04236426943
35.9001737763158,2000.47578502449,7102.04265072255
71.847403238616,540.561040374143,7102.04439245693
78.3121708457881,97.7455755224454,7102.0447056913
176.809729508878,34.130878678873,7102.0494854413
184.080698512135,215.514203705247,7102.04983773818
192.466160225147,458.405924330663,7102.05024403505
204.755249069694,987.53405453067,7102.05083947255
211.341591869184,242.739051081742,7102.05115859755
217.818291197417,1493.12606723129,7102.05147241005
235.360910675743,52.4203111473831,7102.05232239443
246.050173452736,738.872629746368,7102.0528403163
349.202994632334,28.4033803421568,7102.05783833192
357.318540209074,246.426434813429,7102.05823155068
9.66825537073483,238.049524536876,7102.05882992568
12.6173400120636,171.423361616796,7102.0589728163
20.5581010758862,1200.24534755458,7102.0593575663
34.5173166451188,86.8008234733431,7102.06003392567
42.4490482973942,1534.43313610779,7102.06041823818
64.5176822662493,1115.06937017225,7102.06148751942
176.089825686798,46.483684956744,7102.06689347255
185.332763218456,220.512788584593,7102.0673413163
192.760780244374,273.871564315797,7102.06770122255
196.38707405541,335.310723631466,7102.06787692568
207.768057624762,1059.21094117889,7102.06842836318
215.19026995657,1421.33438352232,7102.06878798818
231.953453940614,594.081006610736,7102.06960020693
263.618141704945,1774.9751668461,7102.0711344413
349.53276503644,87.2326655354527,7102.07529722255
355.83725982843,199.204250317386,7102.0756026913
1.19430668126757,132.046110157269,7102.0758622538
5.4616918281142,483.305950815804,7102.07606901943
12.8239227712779,1431.45073572271,7102.07642573817
25.6783200458559,465.240901359465,7102.0770485663
30.8257545589871,135.487399077761,7102.07729797255
41.6107941505979,736.427363534631,7102.07782053505
50.4409565503416,1613.13329360979,7102.0782483788
88.7613203973609,628.027352345129,7102.08010509755
167.313712748151,27.4787605863969,7102.08391116005
177.841090332473,84.2747607809891,7102.08442123818
181.064605909702,163.111010809125,7102.08457742568
185.363916611366,217.077786301978,7102.08478573818
193.790978331838,254.67541964197,7102.08519405067
199.399882572937,266.076854993358,7102.0854658163
205.212272014167,1426.40155242901,7102.0857474413
221.605248322775,1027.5166273388,7102.08654172255
240.338143529261,1654.35132259972,7102.0874493788
349.512271790446,101.748359737641,7102.09274014443
355.637789865523,91.9513076791389,7102.0930369413
5.71498455200874,182.157469663657,7102.09352520692
8.96300864999732,506.687969359376,7102.09368258192
20.5329658719115,56.7240074356157,7102.09424317568
25.5365741280912,1430.61051893767,7102.09448561318
34.4992760297377,1390.54368020197,7102.0949198788
68.3494144582502,470.701255750328,7102.0965600038
177.886060648685,61.4539322207897,7102.10186733193
185.290214082316,100.540901992741,7102.10222608193
193.703731629155,194.624233396112,7102.10263373818
201.371996692655,991.180248988144,7102.10300528505
220.106826684552,89.3080262520662,7102.10391303505
230.928951559079,1945.62432831447,7102.10443739443
277.730231338098,838.72497835813,7102.10670503505
334.64837102565,31.2949804959217,7102.10946286318
348.775598964671,176.180015021288,7102.11014736318
352.008788957001,146.353817953582,7102.11030401942
2.02438991489556,254.67541964197,7102.11078930068
7.97189872207742,133.812919078657,7102.11107747255
10.5082082690336,491.937102164997,7102.11120036318
20.038475981755,1601.16175873526,7102.1116621288
36.5852754829634,112.866868628991,7102.11246386318
41.547283731683,313.294806764119,7102.11270428505
52.1423822217129,1023.41246588367,7102.11321764443
80.5377621222745,2057.37271663509,7102.11459347255
174.218362117301,291.162982613002,7102.11913253505
177.64052568711,254.527815490846,7102.11929834755
184.705107105639,64.3294167934627,7102.11964064443
190.723561648591,1239.6726978281,7102.1199322538
202.903974508439,989.966331133019,7102.12052242568
209.19363515723,188.044843585367,7102.12082717568
220.581068386705,1247.40862084138,7102.12137892568
242.069559894954,2182.17310887781,7102.12242009755
353.251179323304,174.034023303626,7102.1278071288
357.238651323145,153.986018380792,7102.12800033193
3.80790263593536,41.235945213991,7102.1283186288
8.27941794892519,1170.83054362865,7102.12853528505
27.2122510424739,1475.30188066014,7102.1294526288
42.7677453661926,255.706206209183,7102.13020633193
47.7536171696591,272.63385993237,7102.13044791005
66.3619693781636,994.208604332414,7102.13135003505
174.647390965235,124.200469353575,7102.13659673818
188.221887273922,218.113971328648,7102.13725445693
194.593780488615,851.530623791064,7102.1375631913
202.517772586284,208.60316252147,7102.1379471288
211.880027929218,1143.81581983736,7102.1384007538
234.028637082932,1044.92370311959,7102.13947391005
269.195463639473,1704.47289615794,7102.14117783193
342.28600291126,74.3233530275944,7102.1447192538
346.862969378886,102.208970453876,7102.14494101943
356.687661786181,444.420722445216,7102.14541705067
2.05922029921149,378.281517221524,7102.1456773163
7.09604404223303,600.623384361398,7102.14592136318
18.3625470454014,1742.1530884576,7102.1464672538
32.7609811278024,1629.45046344731,7102.14716489442
48.0988011117447,487.33228563691,7102.14790805068
60.6255581298239,139.518410713357,7102.1485150038
70.3354474879292,267.906558049091,7102.14898547255
82.8541424683963,451.467474515965,7102.14959203505
175.431536471174,43.3733431115524,7102.15407764443
177.291281776893,119.340051729644,7102.1541677538
181.884372282201,142.713910133985,7102.15439030068
195.323426704388,874.520900140396,7102.15504145692
207.917904628176,974.047509316733,7102.1556516913
232.594761328775,1438.15548359072,7102.15684734755
246.528823448778,1592.1242102479,7102.15752248818
343.227841368331,26.8300746203431,7102.16220780068
347.890265156836,56.3501398320732,7102.16243370693
359.424749473324,306.259045901314,7102.16299258193
3.77791442405684,336.429523128956,7102.1632035038
11.7189980084271,39.0417247142505,7102.16358826943
15.33078015927,1670.26592556851,7102.16376326943
39.5123067541311,960.371560054796,7102.16493492568
59.0507583156052,1914.4723584219,7102.16588161317
59.2439241721643,59.2354845729837,7102.16589097255
173.351087207644,61.0320891047955,7102.1714197538
179.901312135696,224.899848744187,7102.1717371288
188.075709143527,93.6720562227933,7102.17212270693
190.52011170948,276.330291981708,7102.17224114443
198.119688380712,1260.83243845443,7102.17260936318
216.013811632742,1002.63941593681,7102.1734763788
232.314558552424,1598.15494171767,7102.1742661913
356.425713120035,102.392642975513,7102.1802796913
2.08460185167112,66.0586238487859,7102.1805538788
6.68930167011778,127.116192571997,7102.18077698818
10.5809968928826,397.275046193357,7102.18096555067
19.739444552679,277.145001392753,7102.18140930068
23.7069227938475,233.748492783903,7102.18160153505
29.3235665144691,1579.99358041394,7102.18187367568
47.3960215174001,73.3692273602315,7102.18274933193
53.5073504528314,521.597987024336,7102.1830454413
79.2425883081584,1096.03481845966,7102.1842923788
169.468454137462,143.239559102781,7102.18866405068
182.889127216007,137.072908579228,7102.1893143163
192.820238264498,1082.78919164206,7102.1897955038
203.139938369609,144.545320157619,7102.19029551943
213.121678837107,1075.54642969632,7102.19077916005
224.124392730953,960.997392773777,7102.19131226943
243.282639793967,1448.1543741951,7102.19224053505
353.861543063906,163.111010809125,7102.19759836318
359.91063322965,126.746127482313,7102.19789145693
2.76200627094843,69.1165666366622,7102.19802961318
9.04134753862587,1224.05419133997,7102.19833386318
25.5052695830037,532.718313905889,7102.19913158193
29.4043819149099,390.982302089782,7102.1993205038
39.2629348126006,90.0413632543007,7102.19979817568
45.2252777254404,1448.1543741951,7102.2000870663
60.7675503209903,2360.07546838835,7102.2008401288
175.936641786724,414.314083041489,7102.20642036318
183.559114563684,218.630225035099,7102.2067896913
187.923566344549,165.852567790559,7102.20700116005
198.992388766613,1345.71809251582,7102.20753747255
207.412033453028,1249.33519085602,7102.20794542568
223.78340355039,1112.91043047856,7102.20873866005
240.388249579748,815.462863901217,7102.20954320693
255.175917722322,226.896029742463,7102.21025970693
348.595578631369,63.224647739446,7102.2147780038
356.720798585667,98.939675896581,7102.2151716913
358.702119083706,170.103015006973,7102.2152676913
6.18076552863132,61.1858202992366,7102.21563005068
12.4239889999531,609.072792201459,7102.21593255068
20.4053826222174,419.362489179065,7102.21631926943
24.6437444862188,557.534685086125,7102.2165246288
35.3210755421504,1557.76591626022,7102.21704197255
53.651514997835,298.050861768928,7102.2179301288
65.7168023254879,560.760549106476,7102.21851472255
92.0595935467773,1485.05074903937,7102.21979109755
170.254032501282,116.310225339866,7102.2235798163
181.596963376241,219.487927832773,7102.22412941005
188.818270334426,1152.19545016032,7102.22447930068
200.637505005469,683.497813902534,7102.22505197255
212.161347457837,1488.28616097774,7102.22561033193
231.195761985032,70.0280250454099,7102.22653259755
250.084092799148,1892.99620423355,7102.22744778505
347.312623760299,20.0696004953871,7102.2321587538
353.014724876884,36.8443227316551,7102.23243503505
355.443325888161,263.807475864297,7102.23255270693
3.17995678584044,167.767383318917,7102.2329275663
13.0333499929744,1327.72648431256,7102.23340498818
24.2511584376307,164.258870394285,7102.23394851943
26.6797594489077,507.280939476829,7102.2340661913
37.4570594483709,219.830084691175,7102.2345883788
53.1457382400048,1523.42216619417,7102.23534853505
67.0575492202917,2032.67624954151,7102.23602259755
170.728274128351,85.4372267378167,7102.24104570693
179.557791599624,827.902246758327,7102.24147351943
191.010365870758,1138.54703442939,7102.24202842568
200.840863009705,233.10456342962,7102.24250473818
208.557500073628,48.3655684946349,7102.2428786288
216.514707695681,1777.68288978086,7102.24326417568
234.496223166628,2555.76848573469,7102.24413542568
349.702077394729,92.9673699134881,7102.2497174413
353.362876624632,80.1612873302382,7102.2498948163
2.03115383170461,316.398018895825,7102.2503148163
5.4020430164949,58.7977305732679,7102.25047814443
8.1698935598671,451.467474515965,7102.2506122538
15.2618858462101,371.060182580152,7102.2509558788
26.8547391363111,2227.98091087384,7102.25151758192
43.6633929238887,186.842000204912,7102.2523320038
60.755184575908,1683.17504378734,7102.25316014443
182.283061556316,33.0115275393172,7102.25903120693
184.625560280701,914.184894451608,7102.25914470693
192.011654778612,20.4607424753034,7102.25950258192
198.169098446048,416.485151921719,7102.25980092568
208.696798513375,198.448243948768,7102.26031101943
216.055159698007,1632.39965988993,7102.26066755068
233.231763742436,1567.7690257121,7102.26149980068
356.878546422732,44.6013885546659,7102.26749080068
1.06498889815978,223.39100014257,7102.26769364443
8.39045711649742,251.557746855369,7102.26804858193
18.787552504876,1396.58395958975,7102.26855234755
31.82866597589,1252.21943925169,7102.26918422255
48.148761688233,350.220630274123,7102.26997497255
60.4920272648543,262.665444950017,7102.27057303505
73.0210415888932,321.581372642044,7102.27118009755
176.685316911913,40.0220030727372,7102.27620289443
181.805663115319,127.411456385396,7102.27645098818
186.861835688543,161.140850662989,7102.27669597255
195.453362503277,484.85848669344,7102.2771122538
206.247431468893,1086.66919906852,7102.2776352538
224.237331498,284.636758607348,7102.27850691005
231.848194924281,1367.87503546287,7102.27887567567
264.62673054498,1773.61958453304,7102.2804638788
343.400344548614,119.340051729644,7102.28428066005
347.003097250368,38.8608346890695,7102.28445522255
356.645910706319,282.782464111619,7102.2849224413
5.23260031350297,258.628646276904,7102.28533848818
11.8266825925165,1453.12806232312,7102.28565798818
21.3388913695183,875.894856644521,7102.2861188788
31.175838131047,1636.81357356893,7102.2865955038
52.8233125224531,67.6048800274387,7102.2876443788
56.6482543260697,306.013547834993,7102.28782970693
78.420851222862,2272.8656734472,7102.28888464443
170.030481044807,203.496719475282,7102.29332336318
176.814826870866,192.976065682693,7102.29365208193
184.873938296946,107.232729640305,7102.2940425663
190.116504621141,1498.75289956469,7102.29429658193
203.741952869383,742.930106323314,7102.29495676943
220.855857742382,1455.60841158243,7102.29577398818
239.44008937174,2019.6193606381,7102.2966744413
349.445944732125,34.1136702219913,7102.3020045038
356.358637818548,261.949156810104,7102.3023394413
1.13360735028381,89.6754406842781,7102.30257080068
6.40551932770555,251.557746855369,7102.30282623817
13.415924051701,248.40093870715,7102.30316591005
17.3698580816944,1263.69037456442,7102.30335748818
31.6580038769921,1554.67505535967,7102.30404978505
57.5709284796662,604.116923152986,7102.30530533193
68.0173634676524,2044.47370144578,7102.30581148818
170.536832790963,35.4804449709256,7102.3107788163
181.161277009303,554.56111924812,7102.31129359755
189.340028767206,335.534766637835,7102.3116898788
192.749938095407,233.426750151366,7102.31185509755
203.070605649536,97.93761635013,7102.31235516005
206.96423580788,1714.32135154248,7102.3125438163
218.350056622324,1432.29050841853,7102.31309548818
239.388687753285,658.406773546005,7102.31411486318
259.925539118384,1854.49067213739,7102.31510992568
338.66561515217,33.3301442001499,7102.31892508193
343.408336646082,145.581491306501,7102.3191548788
358.794851150995,270.280520187072,7102.31990039443
2.51659914347645,296.787400211329,7102.32008072255
7.1645113468723,1359.94016048357,7102.32030592568
21.9454073838594,71.027052295225,7102.32102209755
25.4930159045201,173.926026358906,7102.32119398817
32.6649833381801,413.587830649931,7102.32154148817
43.6909158583019,1886.63329403482,7102.32207572255
65.5676739401642,2141.00670525852,7102.32313570693
172.690553187439,163.111010809125,7102.32832608193
180.915097119257,188.742979578826,7102.32872458192
184.412398703917,253.640469738414,7102.32889403505
192.575026386596,1225.03618360525,7102.32928953505
206.946694642278,1447.32370532807,7102.3299858788
221.70759688305,1626.49593793418,7102.33070108193
248.802412730808,1298.42125939916,7102.33201389443
348.80654202095,20.5037445355494,7102.33685253505
350.565995900131,90.3538216467936,7102.33693778505
357.332927756483,162.880459120274,7102.33726566005
3.07533894850319,354.486551223943,7102.33754389443
7.55072402002519,96.9251900961865,7102.33776073818
13.9229396801821,20.7174034871915,7102.33806948817
15.9087749403064,816.199829944964,7102.33816570693
24.526422728372,108.8845680286,7102.3385832538
32.9125294073966,1885.35809186874,7102.33898958193
51.5209471120496,977.743996877223,7102.33989120693
68.7339914733815,436.227942657297,7102.34072522255
177.398650184978,44.6277043097965,7102.34599030068
180.5789534148,161.257410202786,7102.34614439443
188.195944018197,306.013547834993,7102.34651345693
195.008023157535,342.846723233592,7102.34684351943
201.89040306663,238.680103459288,7102.34717698818
206.060076613447,1179.01832741296,7102.34737901943
221.134752416537,424.350832251008,7102.34810942568
228.236096597433,1469.58523128404,7102.3484535038
358.125780228504,84.6085285166609,7102.35474698818
1.78690190387098,158.199009447912,7102.3549243788
5.10877404714291,66.6250457581619,7102.35508533192
12.5687166654203,433.115709963516,7102.35544678505
17.9483371785213,259.064186769464,7102.3557074413
28.3367256759005,468.139582654459,7102.35621078505
36.6760727319916,1846.69313174624,7102.35661484755
57.9559192744696,455.115084507796,7102.35764591005
87.5025547597798,597.612737074371,7102.35907751943
171.970207842387,48.8487549021865,7102.3631701913
177.50945627974,112.199013968528,7102.36343858193
183.261219366314,143.763279059073,7102.36371726943
195.74411899589,1106.9517524831,7102.36432209755
206.221189644211,135.626010422385,7102.36482973818
217.894985568189,1317.72626144055,7102.36539536318
236.380860631505,2010.0703324033,7102.36629105068
268.375768478842,137.961017609989,7102.36784128505
349.066529350332,64.7297701550364,7102.37175095693
358.200790972376,308.946673799326,7102.37219353505
3.85065025492219,306.749459166866,7102.37246728505
7.63431449654334,220.342313839161,7102.37265061318
13.3809179301019,1310.40556183848,7102.37292905068
31.2563373179415,546.094058861968,7102.37379516005
37.4002367366608,643.629927132849,7102.37409284755
42.9772154229426,34.1480801968608,7102.3743630663
45.5012706907484,23.140571056568,7102.37448536318
51.8225344113503,2410.48869753513,7102.37479164442
171.569161040112,29.4188284843955,7102.38058698817
182.938212850862,273.734285238802,7102.38113784755
186.824748458153,76.6260874196512,7102.38132616005
198.449527340613,1414.55003266344,7102.38188941005
208.07879662293,273.734285238802,7102.38235597255
218.718074946928,381.052828180017,7102.38287147255
229.966841534925,1347.50410829554,7102.3834165038
251.786198054651,2650.01331989367,7102.38447370693
346.677067498968,30.2454727929558,7102.38907141005
349.37397230657,211.643411129891,7102.38920208192
356.317623573875,291.936336216381,7102.38953851943
5.50799675094757,1564.69792678138,7102.3899838163
20.0596091350202,207.881364899798,7102.3906888788
24.6420577762091,1291.92223585761,7102.39091091005
38.8495833830941,338.434114066644,7102.39159930068
51.0435404541177,255.264948068046,7102.3921901288
63.4019625818614,1614.62354597575,7102.39278892568
183.617552130634,311.369791061722,7102.39861367567
192.014945714874,223.727175674426,7102.39902055068
195.457425563905,132.188329726723,7102.39918734755
202.904146454013,1317.72626144055,7102.39954816005
216.704379140088,1068.81714589946,7102.4002168163
235.362458852272,434.847491348478,7102.40112084755
247.435163213983,1527.36379099849,7102.40170580068
352.231345291549,39.3413565613621,7102.4067834413
354.416473472724,193.073418364165,7102.4068893163
0.561017932539052,147.122078408835,7102.40718703505
10.217053004034,189.140758610762,7102.40765489442
15.9610765735433,841.587521893672,7102.40793320693
27.4784694408716,1627.97375580226,7102.4084912538
38.2390004741817,166.078970020855,7102.4090126288
59.5333586768532,2800.04774921849,7102.41004439443
171.548590331561,71.8162682100676,7102.4154718163
181.91150282162,289.350488014151,7102.41597392568
188.860958707953,44.1515227156408,7102.41631064443
192.477578103888,1330.44075756317,7102.4164858788
207.652222888052,1004.43675599138,7102.4172211288
220.677212283842,981.426717672207,7102.41785222255
240.703642511692,1658.70683854763,7102.41882678505
350.991668325041,37.2878637688867,7102.42417051943
353.415432166309,152.514778584134,7102.42428795693
2.9898797129978,137.483524564885,7102.42475186318
7.87739495042169,209.501943571055,7102.42498867568
12.4301753052114,1259.87831278707,7102.42520926942
28.3952199307829,69.1165666366622,7102.4259828163
33.0502267227723,93.421000102456,7102.42620836318
37.3872676733641,1390.54368020197,7102.4264185038
60.0840937704086,1686.03031536207,7102.42751822255
174.485681500462,73.1126964526041,7102.43306126943
179.031367341742,108.798248188435,7102.43328151943
185.247179945249,222.548340866879,7102.4335826913
188.666441243087,470.062155866202,7102.43374836318
197.89260977105,420.793760946836,7102.43419539443
204.657606766907,107.49522799669,7102.43452317568
209.626387083672,1320.46118483942,7102.43476392568
227.309285580965,2490.95832849378,7102.43562070692
260.842103209175,702.155944498628,7102.43724545693
348.484899793506,105.37689471013,7102.44149197255
356.027397385608,185.530091290076,7102.44185742568
3.08875401161627,93.6219018976558,7102.4421995663
6.40417653230692,337.544658890465,7102.44236020693
17.75420199586,139.921838004931,7102.44291014443
18.9112622371776,448.461018320856,7102.44296620693
29.2477313084415,1722.71807930002,7102.44346703505
52.0583930807405,1570.83401841618,7102.44457226943
73.1560381137851,839.441516298223,7102.4455945038
173.227880078623,110.085850157926,7102.45044323817
179.644275610289,44.7853074070359,7102.4507541288
183.694631308288,245.203496396229,7102.4509503788
188.97267053791,347.203293893372,7102.45120611318
196.72865022825,859.961823973521,7102.45158191005
206.972889873047,1384.47708852851,7102.45207826943
221.798610710014,142.186304397107,7102.45279661318
227.340438973875,1604.16302463773,7102.4530651288
269.694711998205,389.441479065056,7102.45511730067
350.266155133503,71.1591896518371,7102.4590211913
359.454101513328,154.473336899663,7102.45947208193
2.95527285651987,58.5174478318073,7102.45964172255
7.47838507507717,345.031891946235,7102.4598608788
17.5455828634555,1232.86392206268,7102.46034866005
28.8956083270085,95.1645429125847,7102.46089859755
34.6925187341098,324.141935514888,7102.46117947255
41.2701545299764,1236.75925056688,7102.46149817568
61.4426028762088,2279.20571305162,7102.46247558193
177.599452243906,156.767321346507,7102.46810367568
182.39409308885,433.115709963516,7102.46833598818
193.803132454487,208.062053697056,7102.46888878505
199.212743699452,1137.49043517686,7102.46915089443
212.049727004322,2011.26648669003,7102.4697728788
232.85068996175,776.950725978054,7102.47078073818
261.094504013213,1916.98301676979,7102.47214922255
342.018740816697,75.7009940843822,7102.47607020693
346.500575548342,52.6438510839444,7102.47628736318
354.954725653623,175.002984326156,7102.47669698818
1.18408246830555,1083.89919262208,7102.4769988163
8.21673829447526,249.457648981988,7102.4773395663
21.9927849427977,166.530886303029,7102.47800705068
26.8361203087124,296.53404731711,7102.47824172255
31.7371797197695,1957.94624957557,7102.4784791913
64.0913308954168,1063.7423164539,7102.48004683193
169.251593508843,63.2989008431117,7102.48514211318
180.709327432992,248.40093870715,7102.48569726943
186.062827085387,141.125194863534,7102.48595666005
194.37186096415,258.48331808298,7102.4863592538
201.772467084712,274.419820200933,7102.48671783193
204.613198261891,1132.19233988104,7102.48685547255
223.925913483518,160.205335109076,7102.48779122255
227.274874011598,1219.13235062721,7102.48795348818
247.631458765301,2133.12922880959,7102.4889398163
346.221502616919,27.0480304820353,7102.4937167538
348.46661222428,92.8662632904143,7102.49382553505
355.510877363588,876.581029984891,7102.49416684755
9.79999053282073,148.140236189143,7102.4948591913
13.5301230459207,1090.53543972948,7102.49503992567
28.654138411077,2155.56039684373,7102.49577272255
47.5369870891723,166.078970020855,7102.49668764443
55.5077388097751,269.445049605466,7102.49707384755
78.8317896235323,583.357584460487,7102.49820395693
180.542547716015,93.8223804203275,7102.50312408193
186.159836402649,157.245994003574,7102.5033962538
194.762327602051,342.188444246716,7102.5038130663
198.12354237174,255.999943465923,7102.50397592568
206.89791566192,1093.83835322774,7102.5044010663
220.727494113846,315.446446741419,7102.50507114443
224.93296293647,1019.29165108317,7102.50527491005
257.329359048049,2165.57838328413,7102.50684459755
338.598005074185,34.7784509524551,7102.51078226942
351.697487556354,173.385042434582,7102.51141697255
358.118397812565,165.625832493355,7102.51172808193
1.73953189550248,960.371560054796,7102.51190353505
13.8483540911107,358.911206310708,7102.51249023818
19.921630294608,1184.10692362403,7102.5127845038
33.2265328749447,409.203393392232,7102.51342916005
43.758747666817,75.3277717979728,7102.51393947255
51.9784543910847,3178.20036954686,7102.51433773818
172.17856494327,37.7261902273496,7102.52016173818
178.542396120351,236.624525529194,7102.52047008193
188.640874535076,230.673799506143,7102.5209593788
192.443887644441,229.038940591231,7102.52114364442
197.752562496856,1504.35874868293,7102.52140086318
217.830201590113,112.449924372093,7102.52237367568
226.515247763339,1411.14553375843,7102.52279448818
252.288860796065,2655.45296862513,7102.52404328505
344.086819342101,68.9805088049944,7102.5284911288
351.318768164405,246.121262259535,7102.52884153505
4.10673439021636,328.746446731643,7102.52946114443
8.5672853936221,1324.0987195573,7102.52967726943
23.5194185929167,1458.90910463464,7102.53040173818
36.8730156942239,37.3193455305287,7102.5310487538
40.1481281394791,536.653999017034,7102.5312074413
55.8361619651005,194.237681494513,7102.5319675663
60.2293145458042,2810.33574189848,7102.53218042568
170.465098487574,76.6873647917166,7102.5375216288
177.062728117197,108.452309632856,7102.53784130068
180.108879392543,131.903737932149,7102.53798889443
191.732690825985,1400.02387460925,7102.53855209755
202.995001587615,143.370662564202,7102.53909778505
206.67837444024,415.401046893749,7102.5392762538
216.885206356656,1386.21314427212,7102.53977080068
237.482361593405,849.409764747122,7102.54076878505
264.978597088603,2947.34170402933,7102.54209417568
342.470350903622,94.7688455488205,7102.54584884755
346.948315839193,178.826314867209,7102.5460658163
353.395024510646,240.874181711703,7102.54637817568
359.344790661329,122.217999609653,7102.54666645692
2.21390015534126,498.01063273236,7102.54680547255
7.89955471369573,1605.66149265406,7102.54708095693
22.9945467960067,982.651182646066,7102.54781234755
39.4129991119339,1539.12804723433,7102.54860786318
67.7522673823837,189.933790917252,7102.54998097255
77.5750250042668,1687.4560637703,7102.55045691005
168.894744856182,50.9203269827285,7102.55488158193
175.517850380499,263.665006494662,7102.55520248818
182.324124863268,131.832503247331,7102.55553226943
186.405438704608,954.720413837151,7102.55573001943
201.482049405735,1205.24434876756,7102.55646051942
211.633092175046,1325.00665994684,7102.55695236317
229.892908377967,297.040503305368,7102.55783709755
238.897855290627,1521.0523951481,7102.55827341005
358.68357833341,72.2076357040358,7102.56407733193
1.4965761597681,304.289510255629,7102.5642136288
5.65238301240333,99.0345860873987,7102.56441498818
15.5654351251751,699.15245815011,7102.56489530067
23.7564411246871,1351.95865613724,7102.56529217568
38.8382115163709,101.748359737641,7102.56602292568
41.9391844898049,888.164819468074,7102.56617317568
55.2785924890081,2557.64986967222,7102.5668195038
174.072687796211,45.9245384776263,7102.5725753788
181.544562173091,338.877925720737,7102.57293741005
189.324082935172,309.189812641719,7102.57331434755
200.23392247408,1583.0348143453,7102.57384295693
210.974782194181,182.87805991779,7102.5743633788
222.536354895477,53.043854031376,7102.5749235663
224.941092352008,1462.20247021489,7102.57504008193
260.157580878537,3029.42915197946,7102.57674641005
339.213687855684,99.9786989308582,7102.5805768788
344.165054240284,45.8477665554735,7102.58081678505
351.219638760706,567.157321107459,7102.58115859755
357.537032722775,24.7586465218497,7102.5814646913
358.980778179144,245.356679418052,7102.58153464443
4.84411952238743,1516.30152878113,7102.58181873818
25.8985572902291,1456.43441751275,7102.58282872255
38.8980707162414,942.041000762117,7102.58345858192
60.7277466170808,1770.90564434934,7102.58451628505
176.899107644971,76.8708985354749,7102.59014508193
183.596706218126,1018.11126196338,7102.59046959755
196.345652300526,289.610141424035,7102.5910873163
200.366662270215,346.55328606803,7102.59128214443
208.793723990688,54.5715486688358,7102.59169045692
213.569660971442,1351.95865613724,7102.59192186318
223.004474465176,1347.50410829554,7102.5923790038
249.715538463864,361.207286303511,7102.59367322255
265.156552183858,1462.20247021489,7102.5944213788
340.825645976073,27.3717142701413,7102.59808773818
345.871821613648,194.81720403558,7102.59833223818
357.391149341472,135.487399077761,7102.5988903788
2.14064290343004,465.563865237328,7102.5991205038
12.3410251597235,1313.15569529278,7102.59961473817
19.8712685477583,371.869479653952,7102.59997959755
29.2696417245891,1388.81317557349,7102.60043497255
45.1163359879033,84.3861647226163,7102.60120278505
56.4641040328716,1081.67808043902,7102.60175261317
74.6271761223226,419.003887142111,7102.60263266005
178.814514901902,90.7170033537241,7102.60768080068
188.485706637144,82.8129162466773,7102.60814939443
192.921749082249,696.567803437631,7102.60836433193
204.675520191086,950.934442300877,7102.60893383193
218.1277963039,1108.58000557101,7102.6095856288
235.230874786051,40.1099327362875,7102.6104143163
240.111295472423,415.762729799596,7102.61065078505
253.779956105614,1678.88303259645,7102.6113130663
344.054838938894,134.44330371204,7102.61568711318
347.838503255598,39.7865768109185,7102.6158704413
352.11524033454,107.844240482269,7102.61607766005
0.947337632320551,1158.44056569614,7102.61650559755
11.6456298959435,20.4463911079866,7102.61702395693
16.0223359184169,218.286194675343,7102.61723601943
20.6492868765796,1278.82493483611,7102.61746020693
35.8887502569376,2031.49275179726,7102.61819859755
58.3456508369479,215.688480964538,7102.6192866913
70.7421256966256,293.732871359254,7102.61988733193
81.649062888478,51.8345887046134,7102.62041580068
177.745989465135,54.052630427126,7102.62506236318
186.550353449637,168.438013536942,7102.62548895693
195.688162309665,687.444934310832,7102.62593170693
202.749518898132,175.859785067622,7102.62627384755
209.802491041064,980.813985584916,7102.62661558192
224.661427402415,1359.94016048357,7102.62733553505
245.388219831553,1343.03479448761,7102.62833980068
347.867701599976,102.300848348058,7102.6333051913
358.170632701392,86.1489907189039,7102.63380439443
2.6240891162045,164.373223365821,7102.63402017568
6.7012107160057,572.433267453931,7102.63421772255
17.0505790324323,315.446446741419,7102.63471917568
28.9959035827973,1641.21560786157,7102.63529795693
39.9212221558335,1563.16015686997,7102.6358273163
59.2349048264791,251.557746855369,7102.63676311318
85.6328402288619,46.2557631086824,7102.63804216005
170.928300918798,32.9046373481745,7102.6421749413
181.665290805284,84.4418077128317,7102.64269517567
195.894100140409,298.050861768928,7102.64338459755
199.476859045948,731.923133212575,7102.6435581913
205.452101203951,1006.82828740872,7102.64384770693
226.681318364963,388.475362989027,7102.6448763163
232.196380727022,2006.47787274022,7102.64514353505
348.498346321237,23.8896489396234,7102.65077866005
351.63124488703,84.9962600302234,7102.65093045693
358.213072961976,47.2354932945507,7102.65124936318
8.58727224462642,1094.38791362493,7102.65175201943
20.017272893038,181.951051447804,7102.65230583193
23.4345992552973,266.641153601199,7102.65247141005
37.0597250205331,1416.24911798033,7102.65313158193
54.9632002046579,2337.54926526331,7102.65399905068
176.173319836065,93.772302423023,7102.65987198818
180.414906492586,90.4057939621339,7102.6600775038
184.945758228208,697.861324283622,7102.66029703505
200.674747095277,1407.73281920303,7102.66105914443
216.306669290787,349.791140497047,7102.66181655068
222.995560860317,1541.47017372708,7102.66214064442
239.343389923481,2329.30386090402,7102.66293273818
348.271500179025,72.9196980575608,7102.66820636318
350.673657809047,100.913971623484,7102.6683227538
4.67028114420182,775.013664355839,7102.66900092568
11.4823602835396,272.081968066828,7102.66933098818
14.8255161175092,1126.86937558948,7102.66949297255
28.3700217318741,164.829816462486,7102.67014923817
33.6899834144206,2216.07510120236,7102.6704070038
65.9483578505329,112.783601902144,7102.6719700038
84.3474856984861,2066.70303093404,7102.67286148818
170.234053196155,219.145257496223,7102.67702291005
177.064836199682,35.6455490124752,7102.6773538788
178.932966063562,205.883324277956,7102.67744439443
191.401999036498,1115.06937017225,7102.67804855068
198.478834696636,1410.29299349782,7102.6783914413
216.49485562399,293.988638988552,7102.67926436318
223.963505170809,42.0257613431563,7102.67962623818
229.19736449138,2689.648725962,7102.67987983193
353.873827564106,41.7453953349689,7102.68592072255
359.925497556358,136.523514715492,7102.6862139413
7.23097194093913,102.02497874312,7102.68656791005
12.9972466877063,166.418032132576,7102.68684730068
18.1820889667591,22.1818969442511,7102.68709851943
20.3320668381389,1625.01645473156,7102.6872026913
39.6831572371647,1356.39866005732,7102.68814030068
54.9855042781385,450.133763596483,7102.68888173818
66.8215079153353,179.350881368556,7102.68945522255
182.439492309338,59.905719274056,7102.69505720693
187.054511508898,191.510043934251,7102.6952808163
193.500252731333,269.165967292651,7102.6955931288
203.185956089227,290.90477249305,7102.69606242568
207.332733455232,1107.49476256444,7102.69626334755
217.794969997894,940.124311732404,7102.69677026943
239.464050563004,359.120566617577,7102.6978201913
249.359043777598,1642.68032509796,7102.6982996288
352.877880353552,57.4644568041016,7102.7033153788
355.33098992313,153.497173305261,7102.70343423818
3.22757115298502,189.636792380377,7102.70381684755
10.9622671901692,222.885779277426,7102.70419161318
14.5018137107594,1299.3470743794,7102.70436311318
26.5825800725408,1098.77429377292,7102.70494845693
40.3991899914472,113.778771126949,7102.70561784755
49.8910825643115,248.552151083103,7102.7060777538
57.9666404735383,798.324684136986,7102.70646903505
65.6094295297196,41.235945213991,7102.70683934755
179.347997229711,143.632536420135,7102.71235026942
189.868602745987,90.8205038951948,7102.71286001943
192.524552549684,182.87805991779,7102.71298870693
197.216967032511,724.907078808457,7102.7132160663
214.970488782568,824.992185677331,7102.71407626943
222.254034510439,1027.5166273388,7102.71442917568
239.6586323133,584.901571620833,7102.71527247255
270.993422440089,1714.32135154248,7102.71679072255
341.069091062876,154.716406353117,7102.7201860663
353.406229499922,276.194261905616,7102.72078383193
359.110587960008,209.501943571055,7102.72106022255
1.76815017873536,169.217057033322,7102.72118898818
7.49830709160523,1494.7360016393,7102.7214666288
24.7955188417923,1153.23861571426,7102.72230472255
37.8982261164811,542.781042334184,7102.72293958193
47.7603263272395,37.8504970421911,7102.72341742568
50.9038667196103,141.39123205581,7102.72356973818
63.2600314663109,3092.28709305387,7102.72416842568
164.276096502699,29.1582140377056,7102.72906291005
175.880559143479,156.767321346507,7102.72962517568
178.433960139595,160.322574660476,7102.72974889443
184.639775882537,1084.45374902288,7102.73004958193
201.748014017703,645.029640811146,7102.73087851943
206.588124591098,379.273584760753,7102.73111303505
216.873641760348,1622.05393561266,7102.73161139443
241.552110838437,1044.34805248133,7102.7328071288
263.230543410725,2867.93744308511,7102.7338575038
339.457851006837,100.727606811013,7102.73755091005
346.881675753676,168.994832017155,7102.73791061318
352.091026591029,252.452420079763,7102.73816301943
359.815403209558,176.499675985653,7102.73853728505
8.04026966192438,1824.419393337,7102.73893580068
21.8356651029075,950.301948243748,7102.73960422255
29.97120443832,729.454552317321,7102.73999841005
47.1678023165048,132.330396640512,7102.7408316288
53.027273901216,1834.93487071473,7102.74111553505
185.253484699191,828.628166082979,7102.7474701288
196.062387808007,153.374729583433,7102.74799384755
205.304035407641,256.73285719563,7102.7484416288
210.817485392211,1438.15548359072,7102.74870876943
220.966270780478,906.258290633843,7102.7492005038
244.758240869701,824.26310221706,7102.75035328505
340.508843476165,23.6301724715338,7102.75499264443
358.421670592385,465.886607070587,7102.7558605663
4.27050035051837,104.211479723393,7102.75614395693
11.5392120102736,716.145254209266,7102.75649614443
27.2446597680606,989.358817093944,7102.75725711318
35.3182828167921,962.247947988715,7102.75764830068
54.9857266421847,68.261757357746,7102.75860123818
67.1374387397359,339.099665014331,7102.75919001943
82.1843812295472,3448.22725928395,7102.75991908193
163.953194644056,501.919006357099,7102.76388098818
177.330655262568,885.45282217467,7102.76452916005
186.989270273196,1403.45524091146,7102.76499714443
211.230778219159,1894.26629937373,7102.76617170693
228.182290852211,843.728031885149,7102.76699305068
251.823017500258,2854.48886749862,7102.7681385038
343.188852084178,69.3540155860539,7102.77256541005
346.36496303492,63.0758847930402,7102.77271930068
352.281836181768,184.514611922815,7102.77300598818
359.23354937406,364.727276158661,7102.7733428163
5.52063023388543,1406.87828054098,7102.7736474413
17.8516415313564,942.041000762117,7102.77424491005
26.6747093800481,125.329926992102,7102.77467241005
39.8964119454648,1718.52476693601,7102.77531303505
61.151427521719,98.4637787970755,7102.77634289443
67.5375099135989,236.465680369946,7102.7766523163
175.623960987543,35.5795948259185,7102.7818893788
181.505683749511,163.111010809125,7102.78217436318
190.318109771625,307.4835941419,7102.78260134755
196.11695500168,282.782464111619,7102.7828823163
206.008078457742,1368.75377698686,7102.7833615663
223.635187845471,152.144755127814,7102.78421564443
227.330492456699,1072.74777949584,7102.7843946913
243.164932478404,1366.99562780507,7102.78516191005
344.813512914358,65.0915918387618,7102.79006770693
348.560091910605,25.4370899344103,7102.79024923817
355.099997495085,98.8446824390365,7102.79056611318
7.31685067183702,344.813982922076,7102.79115805068
12.5590945130263,1154.28089308978,7102.79141205068
23.9500750180271,1166.71516892097,7102.79196397255
41.2647007379214,524.18513973862,7102.79280291005
46.0322531980572,65.2717532800828,7102.79303391005
53.6985833259792,2412.48332422117,7102.79340536318
174.891933953692,106.17622059339,7102.79927748818
186.75470349269,181.123060993826,7102.79985226943
190.250715107784,1046.64843458835,7102.80002166005
207.304776548417,911.550335214173,7102.80084797255
217.546758849712,900.935104297673,7102.80134422255
224.07537760406,1820.46033803118,7102.80166055068
260.41925812305,207.700523446874,7102.8034215038
351.434878790208,57.5053130114078,7102.8078314413
2.52401752903493,165.171445964951,7102.80836873818
8.5985836645569,123.36562327242,7102.8086630663
11.4296403890929,261.949156810104,7102.80880023818
19.064044924656,46.0522141254582,7102.80917014442
22.9389712563509,840.872815821569,7102.80935789443
30.8787648711549,1484.24073032061,7102.80974259755
62.1542186128542,992.998461235572,7102.81125797255
179.587123550138,40.5467118214098,7102.81694789443
187.070284719609,725.736026829793,7102.81731047255
210.186658016613,1170.83054362865,7102.81843051943
219.640175336996,1027.5166273388,7102.8188885663
237.820661358612,1189.17364844151,7102.81976945693
353.051024107472,30.4582678523069,7102.82535266005
356.073634311078,93.0683655142595,7102.82549911318
0.0137016468905138,197.118293909782,7102.82569001942
12.17379826506,177.66679794029,7102.82627920693
17.799148989306,28.4033803421568,7102.82655176943
20.572804226789,1217.15804102251,7102.82668616005
30.118873456645,1124.7331954678,7102.8271486913
56.6409638778538,942.679045934369,7102.8284337538
74.463937969844,1772.26322506385,7102.82930509755
166.44345302176,61.4921377706246,7102.83376173817
179.760609881247,904.265773371549,7102.83440698818
188.409538220576,722.414572607022,7102.83482605068
205.96795929112,1523.42216619417,7102.83567680068
215.96001910219,1088.32787226731,7102.8361609413
230.78638490517,835.132962784257,7102.8368793163
349.236715955733,31.2386436163159,7102.84261853505
2.54645574362065,136.11001214997,7102.84326342568
8.82676442277479,135.695260583546,7102.84356772255
11.6829746716239,287.003310006639,7102.84370611318
18.5056957126231,40.3725698705504,7102.8440366913
23.7963115917766,1223.07142191858,7102.84429303505
50.3777384356172,1363.47244605872,7102.84558097255
70.1174179288042,1107.49476256444,7102.84653741005
170.412416406981,113.530802814399,7102.85139695692
181.115868398703,270.419520109755,7102.8519155663
187.649324360601,822.071855033357,7102.8522321288
199.257656722373,435.5382721144,7102.85279458193
206.49670013327,1299.3470743794,7102.85314533193
225.108665113449,1373.13949100104,7102.8540471288
241.177870924091,501.919006357099,7102.85482572255
343.462251975459,20.0988357901277,7102.85978166005
356.820363801311,103.306058152342,7102.86042889442
2.80947261595303,149.403184268593,7102.86071908193
7.15264070612001,29.1380704287025,7102.86092951943
12.2707294533997,334.188121620116,7102.8611775038
18.2195281926063,161.373886475857,7102.86146573817
23.4101751282283,852.941661744211,7102.86171723817
39.760261572435,614.967188283799,7102.8625094413
45.2053456477429,24.2555159984947,7102.86277326943
47.0392925382202,1236.75925056688,7102.8628621288
63.8253726279923,1853.19326551081,7102.86367545693
170.655117075176,31.2198426832833,7102.8688516288
176.19823523352,212.882655947766,7102.86912020693
182.63881680294,822.071855033357,7102.86943226943
197.383931989509,1331.34425706061,7102.87015239443
208.041591732232,179.978351666499,7102.87066878505
222.805396282518,1660.15612368398,7102.8713841288
236.857486281772,2038.58330216633,7102.87206498818
358.400728305699,140.190137276619,7102.8779540663
2.63231810165459,199.581171034247,7102.87815909755
5.61881043382177,772.293673456659,7102.87830380067
18.6695983574787,1319.55024684771,7102.87893614443
35.2099482361058,1517.88681623799,7102.8797375663
51.4320099029541,52.5545509888481,7102.8805235663
60.734283819702,561.296398249311,7102.88097428505
186.28950636423,196.066968216613,7102.8870577538
191.346323903466,191.999957599442,7102.88730276943
195.651439261699,115.41832073414,7102.88751136318
210.850270121157,977.12893332158,7102.88824778505
217.714913577539,1236.75925056688,7102.88858039443
236.396211840915,1156.36256126095,7102.88948555068
351.849731178198,102.667520318622,7102.8950795663
359.139726491109,79.2774595970158,7102.89543278505
4.967917449474,346.770084869163,7102.89571517567
6.25139005311919,85.272136574055,7102.89577736318
16.9380730036041,560.22420036328,7102.89629516005
24.284824950181,358.911206310708,7102.8966511288
34.7135234479124,102.208970453876,7102.89715642568
38.2517800740196,1694.56715326533,7102.89732786318
69.2321640800495,631.369179160401,7102.8988289413
181.240946149717,61.5303155648839,7102.90425605068
187.799555560846,216.03664690506,7102.90457383193
197.33853023965,896.251406423687,7102.90503601943
205.251557990193,252.303539172161,7102.90541942568
213.349367076678,50.1769216454395,7102.90581178505
219.114996894974,1531.2953127733,7102.90609114443
243.495171482416,319.941212412189,7102.90727242568
249.412044591722,1425.55822701951,7102.90755911318
349.509579188741,111.527155566282,7102.91241622255
354.687971882754,63.224647739446,7102.9126671288
358.440033052564,284.636758607348,7102.91284892567
2.12953308230562,27.8817888915706,7102.9130276913
3.94864586712503,244.128356419182,7102.91311583193
16.3947826592499,1503.5592770829,7102.9137188788
32.6142644995907,605.607952675058,7102.9145047538
35.9983753750081,339.763911449964,7102.91466872255
44.479613865097,62.4396853665665,7102.91507966005
47.4793279254331,87.3403016576901,7102.9152250038
62.6868657509739,578.700976028301,7102.91596184755
98.5396084057637,2279.20571305162,7102.9176990038
168.881645964381,47.0860885004587,7102.9211072538
175.257408937606,170.103015006973,7102.92141617568
182.038852416609,1077.78019842186,7102.9217447538
195.606899102715,344.813982922076,7102.92240216005
203.644081872085,217.077786301978,7102.92279158193
207.82278486799,1746.28955740275,7102.92299405068
221.37567492789,1105.32116792683,7102.92365072255
242.719050172079,282.516537941646,7102.92468486318
359.109375471771,119.340051729644,7102.93032426943
2.10715467161149,75.1404702348246,7102.93046951943
5.69217095819388,74.764444635278,7102.93064322255
14.684541108698,225.567203804289,7102.93107892568
20.3705181876003,23.2165658226036,7102.93135442568
24.2067467838071,1279.76484964876,7102.93154030067
38.543264617069,985.095671701686,7102.9322349413
51.2161053106843,435.5382721144,7102.93284897255
184.598898247334,105.109101977696,7102.93931170692
188.904336126115,133.742711350138,7102.9395203163
196.288818246536,193.656424229971,7102.93987811318
203.597839944185,916.811848661325,7102.9402322538
216.091381437881,1101.50688570343,7102.94083759755
232.441145286457,866.231419927033,7102.94162978505
259.431477466138,1880.24862346481,7102.94293753505
342.052284488188,144.675244007075,7102.94694072255
354.049205906578,124.276075541552,7102.9475220038
357.075363423252,223.559143419649,7102.9476686288
3.46305815507938,33.2419473891843,7102.9479781288
7.9510199887579,1489.09384822815,7102.94819558193
30.0322307197695,1408.58680275358,7102.94926547255
41.2916391718859,1087.22242320169,7102.94981101943
50.2214480696968,36.0387067410706,7102.9502436913
61.0903325671568,348.068046607253,7102.9507703163
74.4958490570373,126.671992339844,7102.95141984755
82.8455154942421,47.8038685025606,7102.95182441005
178.202498473435,40.1976715802554,7102.95644486318
182.761728488348,139.653011377305,7102.95666576942
185.932034820063,95.3125078861916,7102.9568193788
201.08765325703,1109.66424937686,7102.95755370693
217.255860599726,1077.22220032969,7102.95833709755
251.401068763908,1458.90910463464,7102.95999151943
346.612806359136,62.8894367138422,7102.96460476943
357.081814969844,166.305094695396,7102.96511201943
5.31474338473925,111.611359043806,7102.96551092567
8.02422499203993,1088.88009719976,7102.96564220693
21.1262872631747,24.0244473620477,7102.96627703505
24.984767074181,1254.13857077206,7102.96646398818
40.3361312317566,415.039030920994,7102.96720780068
58.6420621291405,2404.49504751439,7102.96809476943
173.88306674212,117.435575153202,7102.97367848818
186.714890356434,201.641661701224,7102.97430022255
195.490553541097,1261.78578696567,7102.97472542567
205.517118846117,985.705739253717,7102.97521123818
220.05808936607,890.868490088792,7102.97591578505
236.722271818059,2349.86297087403,7102.97672320693
355.020069570505,79.1588669613041,7102.98245503505
2.965022875866,668.825939076356,7102.98283998818
15.3608528070732,542.226874511442,7102.98344059755
21.5460297502463,42.2487080042888,7102.98374028505
24.0900788142668,980.200698386113,7102.98386355068
35.1098841948134,1939.43394677376,7102.98439748818
69.8652255139233,550.480494521111,7102.98608147255
179.401226738346,94.2220468314048,7102.99138876943
191.253354375684,168.883615425663,7102.99196303505
194.436882398026,282.250389727068,7102.99211728505
201.344738276899,326.682458862138,7102.99245198818
210.582201152714,1293.78241453537,7102.99289108193
227.245738676233,1200.24534755458,7102.99369847255
238.548037030292,802.830746327032,7102.99424609755
345.614482126907,32.4192651890431,7102.99943373818
358.069648443204,107.407797933501,7103.00003722255
5.2480654994454,260.510668592673,7103.00038503505
12.833775514038,392.133936433225,7103.00075258193
16.7457870535652,441.025577169185,7103.0009421288
21.890964223195,72.5321677719215,7103.00119142568
29.3776726681911,1381.86895259906,7103.00155417567
43.8644664560691,434.501656876307,7103.00225609755
49.332446674647,358.492180385639,7103.00252103505
73.3262895489701,1684.60323468622,7103.00368359755
175.319148177737,255.999943465923,7103.00862541005
181.638477075386,67.6048800274387,7103.00893159755
187.791405980735,307.4835941419,7103.00922972255
195.303590433051,1312.23965027516,7103.00959370693
213.798817428462,1280.70409832759,7103.01048984755
228.808352189893,270.83610354417,7103.01121709755
235.663321268715,1690.30411889537,7103.01154923818
355.637695368429,105.466003985644,7103.01736230068
8.30408643946315,206.612116304683,7103.01797601943
13.8717131185664,449.465409335659,7103.01824578505
19.6499196614778,1208.23384630597,7103.0185257538
34.5746419929581,679.527822899928,7103.01924889442
43.7585655849904,1368.75377698686,7103.0196938788
67.7346720441419,236.941938291935,7103.02085558192
76.3503849341706,116.874246391951,7103.02127303505
176.099101442137,48.9448204188392,7103.02610611318
186.089548875718,203.865715975304,7103.02659017568
195.983252158288,220.683124552146,7103.02706955068
199.343821999506,34.0619997485359,7103.0272323788
203.061377787991,1212.20822268953,7103.0274125038
217.701349839999,909.569419782486,7103.02812184755
243.956426321824,1406.87828054098,7103.02939397255
354.59658331477,72.7261931232626,7103.0347436288
358.852681631485,202.941996541028,7103.03494984755
9.2191413970705,554.018775300591,7103.0354521288
16.63393669482,856.458903797375,7103.03581139443
23.5759755095531,537.493605179407,7103.0361477538
32.6080107694804,67.5353661883094,7103.0365853788
40.679698920175,1873.84241456812,7103.03697647255
92.823514079546,279.574974282326,7103.03950297255
181.899091773119,35.7113748294946,7103.04381891005
184.374452482413,212.706074975699,7103.04393884755
188.651189561355,258.192384139377,7103.0441460663
198.851894338196,170.984379432859,7103.0446403163
205.649139371876,1025.75969940233,7103.04496966005
215.152318699789,1400.02387460925,7103.04543011318
231.075440834894,81.3247941211515,7103.0462016288
241.970446230602,1526.57619878482,7103.04672951942
350.055929893069,30.1482519504681,7103.05196653505
354.873144398277,162.995783536957,7103.0521999413
3.34019374872057,149.025430884464,7103.0526101913
7.37055561296332,116.067655486773,7103.05280547255
14.6608734464222,1404.31188899726,7103.05315870693
36.4583013469798,1423.87024393287,7103.05421484755
47.5490524257546,384.782011808582,7103.05475222255
66.6270017458209,2210.64233585366,7103.05567659755
175.555127121275,90.7170033537241,7103.0609544413
181.867361467872,230.836641468279,7103.06126028505
185.32306300753,1084.45374902288,7103.06142772255
199.953683127442,144.415271408072,7103.06213661318
208.225309240283,1467.94787436733,7103.06253739443
218.185766017084,383.412329663102,7103.0630200038
236.155349729428,2341.66108725731,7103.06389067568
268.56529001464,1633.87237073209,7103.06546101943
345.346296765187,118.232840184973,7103.0691812538
356.622796628921,245.815728883159,7103.0697276288
1.37164518732543,1271.28019222766,7103.06995772255
17.8181532995379,92.2063675412588,7103.07075459755
20.5537558050866,152.883927739822,7103.07088714443
27.8260147028262,1961.62797116983,7103.0712395038
50.3609556071999,2211.73013237319,7103.0723313788
87.7838560431442,840.157443615652,7103.07414461318
167.489942737646,101.563528420723,7103.07798373818
178.340123370916,401.789657100693,7103.07850945693
186.202844147917,805.074340526346,7103.07889042568
193.622476653217,813.24796896709,7103.07924992568
212.796525195824,468.460603642029,7103.08017895693
217.348338176679,1639.74966937985,7103.0803995038
231.441705700387,1872.55833061784,7103.08108236318
359.650943188116,159.028207269429,7103.08729442568
3.17049591249122,56.057627290107,7103.08746495693
11.3334460781764,957.86412135368,7103.08786047255
20.656358794693,1433.12983702515,7103.0883121913
37.5433753145568,202.014044381471,7103.08913041005
54.8518738948758,1891.72544295957,7103.08996905068
79.5800050180367,495.286756052593,7103.0911671913
177.929478386608,76.0723775639072,7103.09593247255
184.149160748648,714.88487352056,7103.09623383193
201.294161683724,894.908702697705,7103.09706455067
211.119499132114,189.933790917252,7103.09754061318
218.795826158143,1779.03525244716,7103.09791255068
251.282194315146,1735.2369541257,7103.09948659755
349.637794823293,669.724276036732,7103.10425217568
355.789433834159,74.6386910610575,7103.10455023818
0.102611192462749,44.9162235183209,7103.10475922255
10.4777779241313,1105.32116792683,7103.10526192568
21.6994561273199,1728.29317524048,7103.10580564443
37.3036450470924,241.652975407902,7103.10656170693
46.9677421561994,43.7507460815389,7103.10702995693
52.5976076425315,1531.2953127733,7103.10730273818
171.70096182505,23.8034713467838,7103.11307359755
183.211905032255,695.704105435624,7103.11363133193
193.49065013346,125.704155418127,7103.11412936318
196.815102103239,181.64100779039,7103.1142904413
211.525052404457,1521.0523951481,7103.11500317568
229.220527663906,216.73129957378,7103.1158605663
232.928074587875,1069.9416908011,7103.11603370693
350.042691238297,28.9561447736064,7103.12170820693
359.0179699021,73.8796315791213,7103.12214308193
2.50043734355952,133.812919078657,7103.1223118163
8.16351831673345,108.8845680286,7103.12258620693
17.3767876370756,53.747613998345,7103.12303261318
20.0678878631924,584.387316315826,7103.1231630038
29.6503974099517,1380.99853774776,7103.12362730068
54.6748881257231,318.528647902383,7103.12483980068
62.0087407895957,1721.32141873504,7103.12519514442
176.383240209924,174.68060331538,7103.1307368788
183.732571945467,138.572500696377,7103.13109297255
186.979628631979,168.214761564478,7103.13125030068
193.890386782824,1194.21905697692,7103.13158514443
208.937006789629,1040.31028236307,7103.1323141913
222.268030305755,567.157321107459,7103.13296011318
229.011421090367,1681.74563164314,7103.13328684755
348.789082057995,26.0303219951075,7103.1390903788
0.480614434686597,127.190077914285,7103.13965686318
7.28495405696007,193.947261029059,7103.13998655068
11.4881655736245,238.365022164899,7103.14019020693
19.0519468939657,714.043268956743,7103.1405566913
29.2362051501182,522.174026240663,7103.14105014443
36.5149136328974,36.8443227316551,7103.1414028163
38.85354259875,1602.66311333146,7103.1415161288
55.3555173375203,2108.1796308664,7103.1423156913
176.889729912359,40.8353073577672,7103.14820433193
178.907490689758,274.419820200933,7103.14830209755
184.750193308317,865.53697542513,7103.1485851913
201.643659450762,559.687352019722,7103.14940372255
206.83946607694,1363.47244605872,7103.14965547255
222.515568106418,2175.55062853592,7103.15041501943
262.567330036333,841.587521893672,7103.1523556288
336.285416470298,31.0879134934883,7103.15592745693
353.457505790182,227.392354945621,7103.15675948818
358.471110944469,159.617846717808,7103.15700241005
5.33906611173845,73.3051813694985,7103.15732997255
7.69543149276277,165.285146680461,7103.15744414443
14.0724843604703,1251.25876326848,7103.1577531288
29.6408778918101,965.989732648609,7103.15850745692
37.5074684648848,802.830746327032,7103.15888861318
50.901375679169,52.9995561326935,7103.15953758193
58.1658950598442,284.900714131453,7103.1598895663
71.3253588555739,264.092220314538,7103.16052717568
176.276976540771,27.0045808631325,7103.16561234755
179.120287581999,92.5115262173648,7103.16575011318
189.403547332665,166.869032480754,7103.16624836318
201.022844079104,804.327215941925,7103.16681134755
210.51344664486,824.992185677331,7103.1672711913
217.215882425565,321.814963566425,7103.1675959413
235.212554560259,61.3774517321808,7103.16846792568
238.018135315018,1532.86505710781,7103.16860386318
268.110407879609,1434.80705094845,7103.17006191005
338.192848607984,36.3953728266253,7103.17345758193
344.688251837949,136.592320787443,7103.17377230068
351.342960471618,167.431069009183,7103.17409473817
358.258233422091,365.756119835581,7103.17442980068
2.5230387048884,157.126464617185,7103.1746364413
10.9549376329115,1551.57808823247,7103.17504498817
24.7867734658812,102.300848348058,7103.17571517568
29.2231383564506,1428.08653791349,7103.1759301288
48.7586876459528,1058.6431731241,7103.17687667568
71.4771199542426,232.781932618664,7103.1779774413
173.466431345026,50.130094519929,7103.18291908193
185.059284597585,152.760970539845,7103.18348078505
188.962589171029,300.811792142142,7103.18366991005
197.478655600533,756.16551908908,7103.18408253505
209.925759879218,898.261687254376,7103.1846856288
221.535704693561,930.48180271893,7103.18524816005
248.223550103515,1955.48799375445,7103.1865412538
342.428180891493,102.300848348058,7103.19110570692
349.164799608059,49.8482019550828,7103.19143211318
354.249350498116,146.610362738997,7103.19167847255
1.79539536574335,184.616391618597,7103.19204409755
5.29301939586738,153.863963237022,7103.1922135663
10.4807640219757,1632.39965988993,7103.19246492568
32.6703282171371,1509.14714058814,7103.1935400663
44.9332961258937,954.720413837151,7103.19413423818
69.2551017397217,1537.56463117105,7103.1953126913
168.594370598859,37.4763449439985,7103.20011742567
171.744038130805,151.64998423689,7103.20027003505
177.98951898317,112.616888037209,7103.20057264443
185.389802695809,593.068094634219,7103.20093120693
195.943623623844,1427.24443374931,7103.2014425663
211.211787804041,919.431308865626,7103.20218234755
225.831766022292,1387.94697956968,7103.20289072255
251.512182217074,1627.97375580226,7103.2041350038
345.968992838779,95.4602369374058,7103.20871167568
351.288309555313,38.8608346890695,7103.20896941005
357.779198060733,146.866435679627,7103.20928391005
3.27716893609148,1077.22220032969,7103.20955030067
13.1628102561322,261.518445787701,7103.21002928505
21.4612022707756,51.4708310694889,7103.21043136318
25.7340695536434,141.125194863534,7103.21063839443
29.9430856893351,1817.81634189804,7103.21084233193
60.33010550659,1074.4277689767,7103.21231466005
174.445652987605,132.401367647361,7103.21784384755
185.803095485216,204.785285951026,7103.21839414443
190.727695968014,713.200776214507,7103.2186327538
207.32770478982,1295.63992867787,7103.2194370663
233.965243263773,1560.85055991184,7103.22072772255
259.236431602166,111.695500071285,7103.22195217568
344.528022496029,24.3521505044475,7103.22608476943
358.840031808532,227.392354945621,7103.22677822255
4.03841829875955,153.006773917497,7103.22703009755
8.40093521912889,185.631343629922,7103.22724147255
15.5664530302076,1340.34605636657,7103.22758866005
32.2986789084526,250.509890609152,7103.2283993788
37.3087367121301,1118.2998971293,7103.2286421288
53.5472448621256,458.077881182462,7103.22942892568
63.3596830653534,267.625838157315,7103.22990436318
81.3428109513308,56.7240074356157,7103.2307756913
177.342691006924,65.0193926476916,7103.2354271288
188.238986334657,132.755653692307,7103.23595508193
191.468306568455,583.357584460487,7103.23611155068
205.760322084743,663.863242156282,7103.23680403505
218.619879012336,1259.87831278707,7103.23742711318
236.108321758587,97.2155272949138,7103.23827447255
239.722683773479,1423.02547523343,7103.23844959755
346.367405538666,20.0549663681437,7103.24360878505
350.274902428732,105.821705564946,7103.24379811318
356.682913402238,119.654522401369,7103.24410859755
7.48891420154052,796.062105123951,7103.24463217568
14.733439786001,497.708707580813,7103.2449831913
20.6877206612288,1453.12806232312,7103.2452716913
43.8166707203898,1490.70811250596,7103.24639234755
65.5525047797311,530.739507897948,7103.2474455038
80.4330473147854,687.00750643913,7103.2481665038
169.530231219604,32.6538657224873,7103.25248348818
175.26716020052,157.8422947901,7103.25276145693
184.858054267897,501.919006357099,7103.25322616005
193.674027565537,1083.89919262208,7103.2536533163
208.681627428931,702.583935474621,7103.25438047255
224.43093253768,1448.98448795061,7103.2551435663
250.105221555344,1604.16302463773,7103.25638755067
345.778106395534,61.2625436491321,7103.26102314443
354.608268795278,89.1500970268133,7103.26145098818
359.210711232682,244.128356419182,7103.26167398818
4.0862946739613,302.307151534009,7103.26191022255
8.19630927759807,36.7166089199067,7103.26210936318
13.9796755110662,1402.59814873644,7103.26238958193
23.419003691803,67.0817498771292,7103.2628469413
26.5812479859055,846.573644519566,7103.26300016005
37.9812579024536,955.979184702471,7103.26355251943
48.0049208604183,1350.17863556186,7103.2640381913
71.1735360665441,199.015526280988,7103.26516076943
177.12871317084,66.8713556750689,7103.2702945663
182.743744513972,199.204250317386,7103.2705666288
190.932815615447,256.8791568347,7103.27096341005
196.64168883762,763.288099392412,7103.27124001943
209.47351237685,1215.18051177105,7103.2718617538
225.197019070357,952.198098147505,7103.27262359755
239.500966382789,1336.75248648046,7103.27331666005
351.748706520473,56.9306546349679,7103.27875534755
354.925784920233,105.198440236709,7103.27890928505
4.53086812725626,130.615462889949,7103.27937467568
9.76182510077194,270.280520187072,7103.2796281288
17.0057057567619,1330.44075756317,7103.27997911318
33.7575859183721,87.1787989020767,7103.2807813163
37.3996812840848,679.970080241787,7103.28095778505
55.3889363096373,2489.02676247553,7103.28182941005
175.269468605395,165.285146680461,7103.28763792568
181.719402106909,54.8719819581933,7103.2879504413
188.782048627401,130.471522474807,7103.28829264443
199.942777992927,1478.55860888058,7103.28883341005
215.151605750492,1289.12680530391,7103.2895703163
229.653878572499,843.015157681037,7103.29027298818
262.40919552938,2500.59462025831,7103.2918600663
344.42148173645,97.8896408376784,7103.29583376943
355.278434400224,1082.78919164206,7103.2963598163
5.99704298060927,117.435575153202,7103.29687916005
8.93290593131085,303.052055672381,7103.29702141005
22.8579386022248,414.676709636908,7103.29769611318
27.8292987454978,1035.0956758387,7103.29793698818
37.5985245637765,1658.70683854763,7103.29841033193
63.4798460946396,2955.49051898547,7103.29966434755
165.483991553539,32.3648850775182,7103.30460670693
176.389638813367,165.625832493355,7103.30513511318
182.562561514931,196.927557594151,7103.30543420693
190.532023378593,1019.88140155385,7103.30582034755
198.134179876332,470.381844586143,7103.3061886913
206.114928532584,1889.18103383173,7103.3065753788
226.892027897724,839.441516298223,7103.30758208192
235.908906606528,1738.00662750523,7103.30801897255
343.007922261514,22.6274120967984,7103.3132081913
358.985866094707,208.963138459417,7103.31398236318
2.35288555850675,193.850380192373,7103.3141455038
10.5509861090706,265.369753948974,7103.31454272255
16.1550531050774,238.837505328604,7103.3148142538
21.3382829690994,104.571448722446,7103.31506539442
24.1693397311773,1540.68968694077,7103.3152025663
47.0693285828881,1665.94060768688,7103.3163121288
75.6236914792319,1866.12569841316,7103.31769566005
170.909597622426,92.4607335139882,7103.3222909413
182.317024610574,628.983976014297,7103.32284366005
187.069743002594,1162.58513926937,7103.3230739413
201.628772420724,270.002326052676,7103.32377936318
214.724385069278,1668.82530017176,7103.3244138788
225.113096049663,1711.5132644463,7103.32491723818
251.070523006853,22.3532893584011,7103.3261749413
357.838673650362,50.0363049604768,7103.3313481288
2.15378586916042,136.247998994143,7103.33155720693
6.38053845756541,144.934758639081,7103.3317620038
16.2458634608437,282.250389727068,7103.3322400038
22.3904078831168,1120.44840072656,7103.33253772255
32.8513544186714,134.792232930891,7103.33304458192
43.9708063348269,1955.48799375445,7103.33358334755
76.6329264162229,977.743996877223,7103.33516591005
163.852306042061,39.9632792136284,7103.33939191005
172.487045279286,192.488636141519,7103.33981028505
180.111452954283,269.026301236153,7103.34017970693
185.780660991949,167.094060810058,7103.34045439443
195.286420221453,1252.21943925169,7103.34091497255
208.842857556879,681.295131421678,7103.3415718163
216.095767661958,1139.60285652581,7103.34192323818
235.825772702502,2384.40689415143,7103.34287920693
349.086746711926,29.3988652866339,7103.34836698818
352.568891707922,70.7620212425653,7103.34853570693
357.107805443614,217.7691360572,7103.3487556288
7.90638917131613,1297.49477828511,7103.34927884755
20.8346344536358,217.7691360572,7103.3499052538
24.9904413438129,1089.43221110991,7103.35010661318
37.9167516905539,100.540901992741,7103.35073292568
49.2109880070013,2618.97503683883,7103.35128016005
181.598606007629,43.5354877148519,7103.35769467568
186.977904037724,555.914758670895,7103.3579553163
197.519148316227,674.198086247912,7103.3584660663
208.910128746144,1479.37173622381,7103.35901798817
230.152567597784,1321.37156771961,7103.36004723817
247.770970056972,276.466266546649,7103.36090089443
265.385825165551,2837.58794239475,7103.3617543788
338.005126562086,53.7912943354701,7103.36526386318
342.710440214993,135.695260583546,7103.36549184755
351.304224448312,1221.10344058513,7103.36590823818
5.55625237217119,466.209126859241,7103.36659878505
9.39183603990744,248.703307947906,7103.3667846288
18.0504388318791,161.838931145297,7103.36720416005
23.0411478053545,1444.82914521404,7103.36744597255
30.1982811708982,409.937417344963,7103.3677927538
42.5112335701914,351.933204800758,7103.36838934755
59.1041478034043,3711.57415912649,7103.3691933163
174.096519933267,811.767986164114,7103.37476498818
187.630061162965,852.236448078969,7103.37542072255
203.852767758284,1821.78094831897,7103.3762067538
224.191293613808,1458.08476403886,7103.37719220693
258.023695589608,388.475362989027,7103.37883147255
346.131831660438,22.8211980562998,7103.38310053505
5.23041978027283,205.335040637245,7103.38402591005
9.36623283669357,281.183298866949,7103.38422630068
19.3511981342536,107.844240482269,7103.38471009755
21.3902426774342,328.51774078857,7103.38480889443
26.4909175300902,1434.80705094845,7103.38505603505
50.5153960647475,871.766492327453,7103.38622008193
64.1685775887267,1629.45046344731,7103.38688161317
174.090910526268,74.0701180945713,7103.3922076288
180.621141658105,137.209910100466,7103.39252403505
188.383571008568,1084.45374902288,7103.39290014443
199.226334532697,903.600638757496,7103.3934255038
213.009475732071,1463.02447934232,7103.39409333192
232.91362031952,367.191693717572,7103.39505773818
246.920562998246,2424.41644537905,7103.39573641005
345.980138577903,68.0204920167071,7103.40053609755
351.171107996531,114.355289126955,7103.40078761318
357.298883415109,97.40860201779,7103.40108451943
2.2054249621875,934.993971135611,7103.4013222538
15.3710159725755,1118.2998971293,7103.40196016005
28.0106411042656,792.276688699189,7103.40257258192
34.2877250284417,79.3958648825921,7103.40287672255
52.4379784887887,2742.77378586874,7103.40373553505
175.392717856178,39.221778602716,7103.4096930038
182.90264492745,723.246351697071,7103.4100568788
197.866387439883,812.508227365782,7103.41078191005
208.781386631806,1604.16302463773,7103.41131076943
227.641984132643,1216.16972048599,7103.41222461318
253.648428131351,100.166444583216,7103.4134846913
273.838612892755,1760.00769513962,7103.41446295693
343.595993191138,92.1554083044285,7103.4178428788
349.646373326449,61.3391698545129,7103.41813603505
351.988549530286,283.048084970261,7103.41824951943
357.206607371264,203.865715975304,7103.41850234755
6.91036958979431,1349.2876815846,7103.41897251943
19.3442521778521,622.256690618883,7103.41957497255
30.684603226304,266.641153601199,7103.4201244413
40.5783065088734,147.759263158243,7103.4206038163
44.8111862368537,2161.1317180259,7103.42080891005
174.319375324815,33.5933503237129,7103.42708391005
189.133164403179,272.220024299941,7103.42780167568
192.964233308829,180.707643293587,7103.42798730067
196.717584485747,226.730356711613,7103.42816916005
207.36202246276,155.684895530861,7103.42868491005
211.236948794455,1633.87237073209,7103.42887266005
232.26784037081,1276.94277374246,7103.42989166005
249.436704898174,866.231419927033,7103.43072353505
339.30880957273,29.3588937883005,7103.4350780663
352.704651609968,97.1188407472567,7103.4357271288
358.049766741744,232.620450679732,7103.43598611318
3.84667711130408,220.342313839161,7103.43626698818
9.64874717142047,409.570571902051,7103.43654811318
14.6371988389362,166.192073991489,7103.4367898163
20.8613959255201,1319.55024684771,7103.43709139443
35.9505833888037,439.318137424038,7103.4378225038
42.8574717811165,808.056177525884,7103.43815716005
56.0778844895919,30.1482519504681,7103.43879772255
61.4404135535336,1953.02685135346,7103.43905755068
171.616316952989,32.1098946043374,7103.44437483193
179.414864099808,668.825939076356,7103.4447526913
192.940665812441,185.631343629922,7103.44540805067
195.935865185774,244.896797285676,7103.44555317568
207.667385117353,1540.68968694077,7103.44612159755
224.033273078694,1307.64965522445,7103.4469145663
245.539823485121,608.579020511257,7103.44795661318
261.474554970906,1480.18441947784,7103.4487286913
333.937869525981,22.9878269197847,7103.45223972255
348.614281894892,128.366428597815,7103.45295083193
353.122559970249,177.031139747541,7103.45316926943
359.695036075559,272.081968066828,7103.45348772255
6.94117403750879,77.0539951289173,7103.4538388163
8.86122328996166,1087.77531426796,7103.45393184755
21.7885010857213,1276.00086052837,7103.45455820693
43.158642231713,477.675010657208,7103.45559364443
50.7001723747964,1920.74312010959,7103.45595905068
72.2763785849682,50.130094519929,7103.45700447255
93.2498686367283,749.376449782346,7103.4580206913
169.830614904581,47.2851896526905,7103.46173122255
176.143171696642,102.117023170756,7103.46203708193
181.716925515321,561.296398249311,7103.46230714443
190.259757809084,902.934949031931,7103.4627210663
202.164127318002,795.30643182224,7103.46329786318
216.925029558774,1472.03804701235,7103.4640130663
227.266013354583,1263.69037456442,7103.46451411318
0.107361453489201,135.695260583546,7103.47095061317
3.44181035891765,37.9434574038218,7103.47111217568
7.23095681164324,148.140236189143,7103.47129576942
21.5165227428918,1183.09084751189,7103.4719879413
33.6750069460305,1303.04367296219,7103.47257705068
50.7645412545484,1189.17364844151,7103.47340508193
181.82708660653,189.735852029749,7103.47975539442
187.587879217275,91.0271510945471,7103.48003451943
190.880728115244,334.188121620116,7103.4801940663
199.780546356274,266.218047606515,7103.48062528505
205.706771397675,1387.94697956968,7103.48091242568
228.427461087008,1375.76416925356,7103.48201330068
244.496989380656,1396.58395958975,7103.48279191005
344.614110296526,25.0181524802384,7103.4876260663
353.345271239299,105.555043872219,7103.48804911318
0.586894439162098,182.157469663657,7103.48839998817
8.31256102725739,315.446446741419,7103.4887743163
12.3822655554588,958.491508384895,7103.4889715038
22.9189950718755,91.2847922251991,7103.48948203505
26.5343245357861,1497.95043036249,7103.48965720693
54.776848655224,964.744062414979,7103.4910256288
73.7548290693004,95.2632070450043,7103.49194516005
175.941821003645,50.130094519929,7103.4968963788
181.993813478903,391.36657803418,7103.49718961318
197.187162127257,827.902246758327,7103.49792576942
207.881262149341,314.491988007148,7103.49844392568
212.793608390531,399.162342068493,7103.4986819413
222.56831634483,93.3707000605466,7103.49915555067
229.082101031063,1543.80852546154,7103.49947116005
250.987882320687,1182.07410526594,7103.50053255068
345.675911493343,24.6873996939678,7103.50512042567
350.097764836344,123.441756816334,7103.50533467568
353.523475719222,133.3205768006,7103.50550066005
4.60390745442474,984.485049038142,7103.50603753505
13.0577350766993,283.578660553729,7103.50644714443
20.4360900950871,1276.94277374246,7103.50680464443
38.1689730829168,1708.70051441341,7103.50766384755
49.7969767954381,131.332722475008,7103.5082272538
64.843274319237,1084.45374902288,7103.50895628505
172.627561144001,83.3781932385591,7103.51417870693
184.165592773557,757.357287994864,7103.5147377538
203.169694085881,1073.86810554999,7103.51565855068
217.955427330419,1341.24289452586,7103.51637495693
232.711492363641,644.563402651954,7103.51708992568
262.489023916896,2079.46437846829,7103.51853272255
340.349373029862,41.3212866701151,7103.5223052538
348.589396070893,253.936593974657,7103.5227045038
357.150932191305,125.778873427684,7103.52311933193
0.233523783554777,243.357500817609,7103.5232686913
12.4926218962374,140.190137276619,7103.52386267567
14.7922307562209,1799.19878995349,7103.52397409755
35.8298944006215,1076.6638691706,7103.52499342568
43.2811300152746,929.188559428695,7103.52535445693
66.8865387815575,488.256712838364,7103.52647133192
180.223295734302,70.0950686383095,7103.53196278505
184.761242058518,177.66679794029,7103.53218266005
196.142870631423,914.184894451608,7103.5327341288
205.073969498801,619.351181452288,7103.53316686318
221.94808673596,75.1404702348246,7103.53398445692
227.392203437333,1376.63791477394,7103.53424823818
282.144886219377,1712.91780759475,7103.53690114443
347.631011612382,38.7700739568064,7103.54007411318
353.454365400737,111.105180611304,7103.54035626943
356.538891853483,96.6339716579334,7103.54050572255
9.33846735489001,404.028088762942,7103.54112589442
13.5226525243582,1158.44056569614,7103.5413286288
24.3821850521814,536.373889747921,7103.54185480067
31.0320565158423,1877.68867121463,7103.5421770038
50.0945268017801,57.5869386898464,7103.5431006288
66.496532559477,706.84980091329,7103.54389534755
173.483324991781,104.391620348032,7103.5490791288
179.702362462892,41.0933058414553,7103.54938045693
187.703104877817,85.1067133433858,7103.54976811317
192.360691496313,890.193363467517,7103.54999378505
209.061636748212,875.208128192639,7103.55080298818
217.805696861063,781.195330645801,7103.55122666005
249.808989191477,2281.31513679841,7103.55277730068
344.436069564013,139.113803809821,7103.55736222255
351.314257194029,95.5585957584937,7103.55769548817
356.776755276585,392.325560927276,7103.55796016005
3.33213989519408,31.612323869723,7103.55827778505
7.03228171397217,300.061336888646,7103.5584570663
12.1161876380166,1495.54024719833,7103.55870339443
33.503420195626,1380.99853774776,7103.55973966005
49.9686322095701,598.115557082224,7103.5605374413
65.9968829787636,2984.64120085384,7103.56131405068
171.275173471441,382.627429740268,7103.56641505068
179.446185637197,73.2410729287203,7103.56681095693
181.794166535145,884.773532217054,7103.56692472255
197.821607352041,1863.54642828235,7103.56768814443
209.832395427071,218.630225035099,7103.56827009755
223.515567682914,152.144755127814,7103.56893308193
226.560429026236,1353.73645626657,7103.56908061318
243.485498278034,2450.07236721051,7103.56990067568
348.504514348391,39.8160809877979,7103.57498911317
351.463273404821,132.755653692307,7103.57513247255
356.162782476243,277.686845739922,7103.57536017568
8.50121084531335,1080.56585901295,7103.5759580038
14.899224958254,1276.00086052837,7103.5762680038
30.2844495311421,1271.28019222766,7103.57701345692
43.113693281407,46.4078359074804,7103.5776350663
51.1924760206952,144.934758639081,7103.5780265038
66.9630648952246,2053.86285756504,7103.5787906288
175.967295659464,199.769367714708,7103.58407216005
185.158313802548,39.9044616794519,7103.58451748817
188.026133364536,1109.12223849624,7103.5846564413
196.115235484937,240.249348193444,7103.5850483788
209.635877582097,222.885779277426,7103.58570348818
214.992279468922,1393.99847221,7103.58596301942
227.575470600119,1176.97662727068,7103.58657270693
251.471924357418,793.792975795071,7103.58773055068
338.248215711556,30.264880879205,7103.59193508193
354.42158278235,208.422959446786,7103.59271872255
359.079169400847,203.681307930914,7103.59294439443
4.07503802733768,29.2386531652866,7103.59318645692
6.67777858551927,192.781249297447,7103.5933125663
13.6659321322569,1048.94370966946,7103.59365116005
30.0705177164613,496.196361776668,7103.5944460038
38.1112477613572,1278.82493483611,7103.59483559755
53.1678646662697,1064.87219042606,7103.5955651288
83.1179233513991,62.1758269869765,7103.59701628505
172.034518124273,53.043854031376,7103.60132451943
184.738639406694,135.209760054877,7103.6019400663
194.410153624942,785.417009208089,7103.60240867568
201.854617096466,1002.03956243661,7103.6027693788
219.086687804994,981.426717672207,7103.6036043163
242.606806784824,962.247947988715,7103.60474392568
259.406431048229,2063.20915907554,7103.60555791005
333.860198348928,24.328029174514,7103.60915373818
347.616896167048,141.789330276865,7103.60982028505
351.08775429537,177.66679794029,7103.60998845692
0.0914112760059282,60.4909455859115,7103.61042470693
3.3046075096636,1140.65756839921,7103.61058039443
14.4295415242986,1130.06615176658,7103.61111942568
32.3236648138701,420.793760946836,7103.6119864413
42.1212688738984,2176.65574453463,7103.61246116005
66.643012449873,105.287702167889,7103.61364930068
74.1600340721973,855.053750026258,7103.61401351943
174.634654270842,55.2983457635658,7103.61888176943
178.764985153699,155.080295827226,7103.61908189443
187.573863900287,940.763689172286,7103.61950870693
196.74230842065,178.931341965338,7103.6199529413
201.669811250503,1034.51458510762,7103.6201916913
219.512982562977,74.4496478355394,7103.62105623817
230.204825241561,1345.71809251582,7103.62157428505
242.527452055955,1840.17001636505,7103.62217134755
346.760583046991,45.4619432377346,7103.62722170693
358.139954238853,250.359843967374,7103.6277730663
2.48408974049724,220.683124552146,7103.62798355068
9.95177187583897,47.0860885004587,7103.6283453788
11.7599202759908,1229.9343765676,7103.62843298817
23.8045688414169,1364.35418518488,7103.62901658192
47.6929605986455,808.056177525884,7103.63017403505
57.6582546205385,352.999351971306,7103.6306568788
79.609505676155,129.023403072637,7103.63172047255
177.928020901386,59.0369073072416,7103.6364842538
188.843987579869,256.146714949779,7103.63701316005
194.532544447737,55.3408013859169,7103.63728878505
201.336884070011,799.829591446866,7103.63761847255
217.780812318174,1008.0219992048,7103.63841522255
236.078681253029,1360.82412005578,7103.63930180068
348.079401322626,28.7934693449232,7103.64472851943
356.357154537501,75.9487819856908,7103.64512959755
7.01384683120562,292.707635907163,7103.6456459413
10.8007359028882,740.092209738918,7103.64582942568
17.0994260383096,561.831747791786,7103.64613461318
21.7118653738205,31.6308923498099,7103.64635809755
27.2340222869317,305.275860146281,7103.64662566005
45.333565674671,2335.49068973105,7103.6475026288
73.5889890392717,2036.22252392677,7103.64887167568
167.489717262333,35.9081341050338,7103.65342416005
171.574900824663,21.4826541972135,7103.65362209755
179.532108409175,1006.23098742147,7103.65400764443
194.581630763035,894.236573678597,7103.65473683193
207.22996289835,1526.57619878482,7103.65534967568
221.759969071177,1717.12477570196,7103.6560536913
243.062389273919,1322.28117344368,7103.65708584755
350.640288551496,30.879458712274,7103.66229826942
355.990885894377,209.681244589532,7103.66255751943
2.10350468674978,95.2138853871354,7103.6628536913
10.9014190862118,1239.6726978281,7103.66327997255
23.5349171534101,259.064186769464,7103.66389209755
26.9064513042126,390.5976653229,7103.66405545693
35.0929425416384,62.1758269869765,7103.66445211317
43.1120664128305,1873.84241456812,7103.66484066005
59.4160381250327,1486.66934318697,7103.6656306288
175.852800564652,37.6014740177677,7103.67127228505
181.291112609455,750.57904336262,7103.67153578505
195.397701786249,163.685939802427,7103.67221928505
203.735436427309,1694.56715326533,7103.67262326943
223.426421361984,1300.27222322582,7103.67357734755
244.022286666709,1378.38385150246,7103.67457526943
350.348961416006,38.8910431636802,7103.6797270663
358.143638804293,89.0973891887192,7103.68010473818
6.35173625296384,223.559143419649,7103.6805024413
13.1276975584045,840.872815821569,7103.6808307538
18.4034794069835,943.316647017411,7103.6810863788
31.4900626064481,864.14658762024,7103.68172045693
42.4405346662558,197.499197551743,7103.68225103505
50.4844895412131,93.0178850611085,7103.68264078505
54.6009537674313,1629.45046344731,7103.68284023818
175.228996002654,51.2421771681204,7103.68868497255
184.277800228734,132.89712386122,7103.68912341005
189.991510658457,691.36946168058,7103.6894002538
208.857590257774,1480.99654762035,7103.69031436318
226.033665912483,1364.35418518488,7103.69114551943
241.558202130403,779.654507621075,7103.69189772255
351.991666653276,58.3164280754112,7103.6972485038
356.860800509516,132.755653692307,7103.69748442568
3.44488589042216,55.8897858549123,7103.6978034413
5.90122025251979,341.748906951267,7103.69792245693
11.7307011804507,566.096169940522,7103.69820491005
20.7637038518547,211.998224530774,7103.69864258193
27.1707474138843,279.574974282326,7103.69895301942
35.8196758282965,48.0488947240953,7103.69937208193
39.7049214660216,1537.56463117105,7103.69956033192
61.6100578647168,1964.07845542979,7103.7006216913
174.342808764567,36.0387067410706,7103.7060838788
179.965257141758,703.43914027049,7103.70635630068
191.238209729966,935.636901289172,7103.7069025038
199.223473148304,1334.05109181695,7103.70728941005
218.933806913181,1570.83401841618,7103.70824442568
240.729299840619,154.959087228512,7103.70930047255
244.692908285713,1546.92114673338,7103.70949251943
347.620960536942,26.4554263912364,7103.71447964443
350.630026529373,97.1188407472567,7103.7146254413
355.80487194786,129.459540310073,7103.71487617568
9.14782718504739,205.70072034598,7103.71552267567
12.9401985053762,1221.10344058513,7103.71570642568
26.7884807839513,1256.05470469026,7103.71637741005
41.996986020969,79.9853031030473,7103.71711430068
50.6823546772012,340.206030013945,7103.7175351288
71.5445889552976,1097.67928080373,7103.71854595693
176.79804844421,55.5948516389737,7103.7236457538
179.771964051762,78.1435818830722,7103.72378984755
183.523702776108,121.524235119352,7103.7239716288
190.646975688797,758.150764390564,7103.72431676943
208.50014389938,926.596632755405,7103.72518180068
224.235259906024,1490.70811250596,7103.72594420693
0.588095585120394,119.811438548112,7103.7325431913
4.79195206779713,22.168655799959,7103.7327468788
7.41597627913463,133.602143237432,7103.73287401943
20.1584727764951,428.229451898687,7103.73349142568
24.2549432064986,1120.44840072656,7103.73368991005
41.2280620132546,193.947261029059,7103.73451230068
48.4171208960739,612.027095669987,7103.7348606288
62.1022280499537,1887.90760802249,7103.73552370693
172.159680315905,142.186304397107,7103.74085626943
183.707708843568,108.452309632856,7103.74141580068
189.383688986821,1313.15569529278,7103.7416908163
199.721770435574,713.200776214507,7103.74219172255
211.159833121598,694.839352721743,7103.74274592568
233.685744539341,1586.07038613923,7103.74383736318
266.599399450909,2593.1354841191,7103.74543211318
339.594806986716,35.0475343191547,7103.74896892568
343.185627892325,125.254945304576,7103.74914291005
348.652640661885,289.090640315237,7103.74940780067
1.2861387666247,283.843559767405,7103.75001992568
6.42325389864238,1187.14960084532,7103.75026883193
14.1047406152283,49.2795734774454,7103.75064101943
23.3941153618969,2312.7251225219,7103.75109111318
44.6062409986666,888.841444890431,7103.75211889442
61.9321535486928,2112.7377625163,7103.7529583788
177.254423278556,103.487780844791,7103.75854603505
180.7552721012,797.571231281324,7103.75871566005
194.932162122834,838.72497835813,7103.7594025663
201.638790107535,189.537691097641,7103.75972751943
213.168437254014,1740.77197101496,7103.76028616005
240.686670060263,2013.65657481745,7103.76161948818
354.30753236401,20.5609366338289,7103.76712470692
359.385633593944,55.2558589161922,7103.7673707538
1.19861927672991,126.374979925181,7103.76745859755
7.58824890659405,1212.20822268953,7103.7677681913
29.7826503093061,442.386766108527,7103.7688435663
35.1877468297264,1427.24443374931,7103.76910545693
49.83449094978,227.557542253898,7103.7698151288
58.4431092512152,156.767321346507,7103.77023223818
74.3091523447318,3276.56457521641,7103.77100098818
163.475148017848,157.8422947901,7103.77530478505
172.319822115327,93.2700375266826,7103.77573333193
178.388261111273,904.265773371549,7103.77602736318
189.176847940868,1541.47017372708,7103.77655009755
208.580502656938,670.173028183285,7103.7774902538
220.451334196008,1670.26592556851,7103.77806542567
240.678604240327,884.773532217054,7103.77904548817
352.905383170319,102.208970453876,7103.78448316005
1.70265260376906,238.994796175618,7103.78490941005
8.29093022621345,470.381844586143,7103.7852286288
17.0743330030237,183.083437299558,7103.78565420693
20.5068159914887,1123.66349558357,7103.78582051943
32.4989002398704,405.142613901788,7103.7864015663
44.7638029715805,439.66016938235,7103.78699583192
57.1918809781526,42.9106090937825,7103.7875980038
63.0565122534205,1885.35809186874,7103.78788216005
174.444519228957,69.6244034648075,7103.7932791913
178.47907337228,272.63385993237,7103.79347467567
189.488559371713,161.954991084734,7103.79400811317
194.04520959766,1183.09084751189,7103.79422889443
202.058851257747,864.842086834017,7103.79461717568
216.762351973925,168.438013536942,7103.79532959755
226.805041279086,1799.19878995349,7103.7958161913
254.179447790842,2760.25513556988,7103.79714255068
344.747787944761,86.963013179453,7103.8015308163
348.387625891889,178.826314867209,7103.80170717567
2.62288484959431,1266.54187138087,7103.80239691005
10.3082413622541,230.184565852554,7103.80276928505
19.8078733770993,1511.53578542562,7103.8032295663
33.3165836781148,43.1017478652596,7103.80388409755
37.1047626818219,106.441327973883,7103.80406764443
49.4893057453555,1665.94060768688,7103.80466770693
68.5904737667813,2948.97306574171,7103.80559320693
167.755177942984,89.6754406842781,7103.81039798818
172.803610961602,131.547162052215,7103.81064259755
178.540539942518,871.076544228799,7103.8109205663
193.005727519151,1417.09799450496,7103.8116214413
208.714077623993,1599.65918289373,7103.81238255068
229.860417290633,933.707000605466,7103.81340714443
238.889464580325,2475.46250164987,7103.8138206913
342.678217405177,23.2039179537402,7103.81884951943
348.892740114202,91.9513076791389,7103.8191506288
359.681326906255,241.963782343646,7103.81967336318
4.79006375898142,860.660709367522,7103.81992089442
16.6467061959468,1056.93798158057,7103.8204953788
29.1315407235597,2105.89679028317,7103.82110030068
52.8212844131246,129.60459094824,7103.8222481288
71.855698940319,320.645149320953,7103.82317039443
180.590335938667,40.2268704458031,7103.82843886317
189.940982006004,257.025428718194,7103.82889192568
200.249072835518,180.603643151755,7103.8293913788
204.893760171311,1135.37423906962,7103.82961642568
225.392236359011,996.624671678603,7103.8306096288
261.148557345795,2195.35856160746,7103.83234211318
347.26440853392,207.338354818454,7103.83651464442
357.894657408829,56.1413554533985,7103.83702970693
1.88599916720237,1236.75925056688,7103.83722309755
14.430815121001,920.085008182525,7103.83783092568
28.3726167205264,943.953804011244,7103.8385064413
41.7813580404686,180.395448579063,7103.8391561288
56.1211006662504,1919.49056649321,7103.83985092567
75.0716702875956,45.5651488762143,7103.8407691288
176.591127429792,49.4698379482905,7103.8456880038
178.816565723945,136.040984033414,7103.84579583193
192.527793738531,1082.78919164206,7103.84646017568
201.868120424755,249.457648981988,7103.84691273818
214.555472741022,135.140260093536,7103.84752747255
219.110510514396,1642.68032509796,7103.84774817568
238.568342000083,1377.5111051828,7103.84869095693
348.304603594575,79.5731536218369,7103.85400795693
359.026114446933,57.1365559032255,7103.8545274413
2.5904919337464,351.291967737311,7103.85470014442
12.1465461328417,401.415373163516,7103.8551464413
21.2475922305018,1352.84783375766,7103.85558741005
33.5241043128916,145.581491306501,7103.85618223818
52.698797859053,1875.12538829537,7103.85711130068
72.2665951863785,952.198098147505,7103.85805941005
172.690263445468,119.103657492126,7103.8629251913
175.844768222506,124.049090444167,7103.86307803505
186.843934803284,1129.00155890827,7103.86361097255
201.807677315717,427.175128603352,7103.8643360038
220.25969196372,1728.29317524048,7103.86523005068
239.447284679961,1508.35022250106,7103.86615973817
352.865306749589,165.852567790559,7103.8716551288
0.467463284870568,197.118293909782,7103.87202347255
6.96189906581695,356.389556754877,7103.87233814443
12.7765459256317,477.989592351236,7103.8726198788
18.8946468915671,67.5005815131691,7103.8729163163
20.4177225292405,693.10657213606,7103.87299011318
32.9422221662766,2341.66108725731,7103.87359695693
60.0167217723544,1783.08623421941,7103.87490878505
179.706990521066,819.874834689927,7103.88070808193
197.179954195647,1238.70236290458,7103.8815546913
207.136541176374,1341.24289452586,7103.88203711318
226.504078096089,1279.76484964876,7103.88297551943
240.909606767083,134.373401294852,7103.8836735038
359.935565628792,74.9526898879971,7103.88944061318
5.99884493418227,607.095318461148,7103.88973439443
17.4839897261455,217.7691360572,7103.8902908788
22.518556088124,211.643411129891,7103.8905348163
31.4167619141238,1405.16787094924,7103.89096595693
49.8678091506505,117.914580877176,7103.89185995693
54.6627724035175,619.836348914049,7103.89209228505
181.856894632436,36.1038178520179,7103.89824117568
188.141718111218,176.180015021288,7103.8985456913
197.324996737238,273.459588306935,7103.89899064443
203.273150472891,186.237650301457,7103.89927884755
210.784689959194,1422.18015142248,7103.89964280068
234.914619648487,252.452420079763,7103.90081195693
239.032051323724,1398.30491630022,7103.90101145693
356.404007423346,126.523569399239,7103.90669842568
359.274729257305,67.847630291773,7103.90683751943
7.23580660034843,234.390673536922,7103.9072232538
13.0578704942212,567.157321107459,7103.90750534755
19.0792273091449,268.746802589703,7103.90779709755
26.6965403955486,37.7261902273496,7103.90816617568
31.4669952027399,1486.66934318697,7103.9083973163
45.8580122510829,1320.46118483942,7103.90909459755
181.311452840266,30.2454727929558,7103.91565766005
184.491111066534,130.687363708581,7103.91581172255
197.128156371717,105.644007430961,7103.91642401943
199.328763662104,935.636901289172,7103.91653064443
216.512462295126,1667.38367557429,7103.91736323818
235.237617909464,94.0224217926833,7103.91827051943
276.188455627944,1315.89994456505,7103.9202546913
344.598189730041,78.7423945491916,7103.9235693163
352.608929043073,135.209760054877,7103.92395745693
0.98245899748294,118.232840184973,7103.92436317567
3.79126461984457,464.594279714348,7103.92449926943
12.8316843628484,1287.2598542657,7103.92493730068
28.9550669806481,135.833649883565,7103.92571851943
39.8852227236932,1117.22409101844,7103.92624811318
51.6989752211738,1138.54703442939,7103.92682051943
178.799524543091,112.616888037209,7103.93297886317
185.940856353958,213.411566196697,7103.9333248788
198.128686285407,931.127730474657,7103.93391541005
206.37096670748,115.743442608007,7103.93431476943
217.201153506994,1356.39866005732,7103.93483951943
229.764350804434,950.301948243748,7103.93544823818
245.535262124428,22.2611651334859,7103.9362123788
3.62124625277631,75.0153342221616,7103.94193226943
6.33653247910443,154.716406353117,7103.94206383193
14.2811633390008,259.498977861483,7103.94244876943
20.8194564709086,514.343179158772,7103.9427655663
24.8162804403867,451.467474515965,7103.94295922255
34.1998195115596,699.15245815011,7103.9434138788
48.0284304769262,626.109719625845,7103.94408391005
55.889538876438,1728.29317524048,7103.94446480068
177.107397987368,42.3042642583304,7103.95033811318
180.103887255184,541.116929042573,7103.95048330068
195.027319692181,265.935579113474,7103.9512063788
200.284720122035,1218.14558440292,7103.95146111318
214.379055057219,1290.05928162229,7103.95214401943
224.491722649132,752.179374341466,7103.9526340038
261.760477409469,1920.74312010959,7103.95443976943
345.330022190072,27.2642464160811,7103.95848892568
348.180427782352,194.720739532528,7103.95862703505
353.343986333166,57.4644568041016,7103.95887722255
1.45275980431794,1129.00155890827,7103.95927011318
13.3877649735695,379.273584760753,7103.95984839443
21.1389074563589,308.703312912328,7103.96022395692
28.3166795841297,75.2029480355354,7103.96057173818
32.5692305877767,1914.4723584219,7103.96077778505
60.3583470919423,2364.14821053188,7103.96212423818
173.357789410629,202.014044381471,7103.96759934755
185.228620912157,860.660709367522,7103.96817451942
195.008811077561,1286.32549056817,7103.96864839443
204.993776337579,1019.88140155385,7103.9691321913
223.776011068589,87.5551575685307,7103.97004223818
227.133356079746,1453.12806232312,7103.97020491005
251.194919897319,2469.62650329863,7103.9713707538
340.946416828575,67.5701300467679,7103.9757194413
345.179941485026,27.776295152826,7103.9759245663
348.850415092488,92.3081958092986,7103.97610241005
1.81897045024344,1226.01739871442,7103.97673076943
14.087743015569,163.341229431069,7103.97732522255
19.3448209248746,1316.81354709201,7103.9775799413
36.5170658315466,959.745283246605,7103.9783956913
44.9557368651571,130.399496756084,7103.9788045663
55.7530306608349,299.057778541112,7103.97932772255
61.0926636190484,3442.64283747009,7103.9795864413
171.050791869939,73.3692273602315,7103.9849141913
176.852861930055,290.128671087686,7103.9851953163
180.446907665727,359.53887089768,7103.98536945693
189.542149106818,337.544658890465,7103.98581014443
196.389056148028,1945.62432831447,7103.98614189443
217.326105882885,1083.34441417668,7103.98715634755
229.660986976429,1003.23893637011,7103.9877540038
255.551337956381,375.089209692092,7103.98900845693
1.69935847177165,105.644007430961,7103.99415159755
5.04767403383959,157.126464617185,7103.99431383192
10.5082372183595,359.53887089768,7103.99457841005
19.2522973687526,293.476909440926,7103.99500208193
24.8731333684542,264.660793281024,7103.99527442568
35.7478224473998,1257.01171693748,7103.99580133192
47.9956338050339,1302.12052251721,7103.99639476943
175.853367443976,37.0033413632509,7104.00258980068
184.272367164378,172.842365420145,7104.00299772255
193.571093880683,345.249634436939,7104.00344826943
200.704363653938,1101.50688570343,7104.00379389443
217.501730573842,1395.72264856724,7104.00460776943
236.082737410681,953.460088659597,7104.0055080663
349.246644823629,41.3496979712047,7104.01099114443
356.849123766833,80.5121108671258,7104.0113595038
1.71567775902391,94.669660999358,7104.01159530068
4.94403058134571,215.165177341881,7104.01175172255
13.8244999546322,57.8311253052188,7104.0121820038
18.2163626033113,404.771466344656,7104.01239480068
24.3376883993082,1109.12223849624,7104.01269139443
44.1096158927769,440.001923784905,7104.01364939442
58.8927693108071,1867.41400121093,7104.01436567568
177.368624844381,187.644760840655,7104.02009428505
193.092454020893,1189.17364844151,7104.02085614443
206.573108488082,864.14658762024,7104.0215093163
215.249447732767,247.643378026297,7104.02192970693
234.625691581022,1928.2411223287,7104.02286853505
272.050204469539,2818.8802403406,7104.02468184755
339.651802277515,38.5574697170377,7104.0279573163
342.847262096001,176.81875408293,7104.02811214443
351.11082617123,308.703312912328,7104.02851253505
357.784561189638,1384.47708852851,7104.02883589443
13.0717516794897,245.050174596528,7104.02957659755
16.8060763965864,1287.2598542657,7104.02975753505
36.9904565765047,2504.43887850338,7104.03073551943
59.170023873559,211.643411129891,7104.03181017567
70.139844763569,25.4139990302216,7104.0323416913
76.0609101519549,1998.06993173013,7104.03262858192
170.798601369684,55.0855784597903,7104.03721886318
177.568113090085,159.617846717808,7104.03754686318
183.793922629241,975.281300163999,7104.03784851943
191.015874553438,281.183298866949,7104.0381984413
201.574210243558,1317.72626144055,7104.03871001943
213.316049593792,63.8898031701807,7104.0392789413
226.918279215758,2154.44440065937,7104.0399380038
245.184222558254,1110.74738295969,7104.04082303505
347.167729254926,37.5076671110808,7104.04576439443
356.126238915035,85.711680808398,7104.04619845692
4.88352075605501,176.712450228322,7104.04662276943
11.3418387406459,1021.64843251984,7104.0469356913
16.54054771388,285.953954959339,7104.04718758193
22.5696440834095,39.5200504266224,7104.04747970693
31.2330840829319,737.243266435428,7104.04789947255
43.1790535617675,1092.73856629954,7104.04847828505
61.2070063228081,2113.87596316115,7104.04935178505
174.026504438021,33.1357996596893,7104.05481817567
182.038856203626,875.894856644521,7104.05520639443
196.53403447458,864.14658762024,7104.05590872255
205.281964383506,55.552590305652,7104.05633258193
218.231815839529,1864.83650743696,7104.05696003505
239.925082517475,1555.44843671862,7104.0580111288
272.641701813953,163.915367390466,7104.05959633193
348.983925206296,57.3417147098354,7104.06330070692
352.787260836209,59.7486990439045,7104.06348498818
356.58833912262,191.608132138477,7104.06366916005
7.47882975624218,275.78578309928,7104.06419683193
12.7568689483225,972.193880954819,7104.0644525663
22.171043642288,137.688360712929,7104.06490870693
26.6451388193271,1572.36423881102,7104.06512548818
51.8814992558477,888.841444890431,7104.0663482538
74.3906417074376,107.057362974672,7104.0674388788
178.577658004011,71.2910980249504,7104.0724870038
185.042103090635,261.230925779898,7104.07280022255
192.691341769398,98.6544179681914,7104.07317084755
196.951954810657,186.237650301457,7104.07337728505
200.52374936907,804.327215941925,7104.07355034755
219.877742115151,950.934442300877,7104.07448809755
228.257076763672,1071.62623219637,7104.07489409755
358.130313874053,97.6494163307251,7104.08118678505
3.4992925230349,62.4020557449256,7104.08144692567
7.29521108134799,95.3125078861916,7104.08163084755
21.3505258731217,1196.23111416445,7104.08231186317
30.6760184536874,235.669761483592,7104.08276370693
40.7583729058133,1317.72626144055,7104.08325222255
53.3883236599438,91.3362371846027,7104.08386417568
184.744003849557,34.6431251740942,7104.0902286913
190.166191819137,148.646706055189,7104.09049141005
195.68931625635,260.077570590767,7104.09075901943
203.16828514674,178.510817239186,7104.09112139443
210.097102308388,1260.83243845443,7104.09145711318
228.532025432148,1366.99562780507,7104.09235033193
243.511569499258,1736.62229041582,7104.0930761288
348.350318958219,110.681602771834,7104.09815583193
354.950850859814,102.75898187917,7104.09847564442
6.27765773463215,602.123073623062,7104.09902445693
13.790809635966,37.8194593697589,7104.09938848818
16.0191502020903,1134.31464221492,7104.09949645693
35.8768575745282,2073.67345517184,7104.10045861318
55.0208581107509,219.487927832773,7104.10140064443
70.6173074759174,87.6623842960278,7104.10215633193
77.8486112946674,2004.07912487321,7104.10250670692
168.024815153982,37.7573076970616,7104.10687597255
176.836596210084,852.236448078969,7104.10730292568
190.260171598142,597.10952848846,7104.10795333193
203.340305212567,1726.9010665899,7104.10858709755
220.947420804081,1004.43675599138,7104.10944020693
230.384814124323,803.579314201386,7104.10989747255
266.296893201744,2343.71433371905,7104.1116375038
339.069466632134,88.5155698737705,7104.11516351943
350.718109106882,163.80069522981,7104.11572792568
354.594970299072,123.897531123518,7104.11591576943
358.07034318948,1151.15139642796,7104.11608416005
11.6583836342586,76.6260874196512,7104.11674253505
14.991865053127,884.773532217054,7104.11690405067
25.1361357919336,826.448465218732,7104.1173955663
41.6206965609967,318.292614487348,7104.11819428505
56.0394469226187,3780.90714292512,7104.11889291005
172.344314863889,21.7812261282813,7104.12452817567
175.195365422181,62.5524215758233,7104.1246663163
180.473727097268,925.298004883501,7104.1249220663
193.619324236358,181.019296774387,7104.1255590038
201.244376877367,1463.02447934232,7104.12592845693
215.313235842774,1892.99620423355,7104.1266101288
235.28671371342,1409.4401201703,7104.12757789443
354.52035005434,32.8331806187521,7104.1333550663
357.611326092125,115.986692472703,7104.13350483193
12.0500702499617,1002.03956243661,7104.13420442567
23.267878694618,211.820894158166,7104.13474795692
29.655573463987,1120.44840072656,7104.13505745693
44.3777780443547,1807.20127751499,7104.13577078505
74.2149685032482,126.968296987329,7104.13721647255
177.222889518066,41.0361154778993,7104.14220378505
182.724085223486,143.239559102781,7104.14247033193
190.720312913866,192.976065682693,7104.14285776942
199.928745101741,1008.0219992048,7104.1433039413
214.602255123597,1356.39866005732,7104.14401491005
230.367684270028,1329.53659193191,7104.14477878505
359.303792897453,106.793782150838,7104.1510260663
8.4738497953044,276.602130089287,7104.1514703788
12.572577606351,73.2410729287203,7104.15166897255
19.7442225570049,1169.80314324167,7104.15201645692
37.8144202164345,1335.852650719,7104.1528920038
53.6033904346062,425.765311895532,7104.15365701942
64.8873074074817,32.40114773706,7104.1542037538
82.7191919273661,1553.12740446334,7104.1550677538
165.528005115419,38.6183342249158,7104.15908005068
169.960822768004,222.717122522198,7104.15929483193
179.439816058164,160.907481783212,7104.15975411318
182.702996744816,1094.93714095521,7104.15991222255
199.904754313558,299.308994256009,7104.1607456913
208.510147784932,49.1363824628444,7104.16116264443
211.16609762617,1485.86021264663,7104.16129133193
235.589484561018,2366.18169502378,7104.16247470693
353.788925747422,127.263907745423,7104.16820176943
3.51461669774551,215.514203705247,7104.1686730038
10.4166679200492,1219.13235062721,7104.16900742568
21.5448267647458,97.1188407472567,7104.16954661318
28.8593305984159,553.204260178575,7104.16990101943
38.8043083035465,81.4978917684783,7104.1703828788
44.5160838352325,2360.07546838835,7104.1706596288
77.2975217279042,205.151950982696,7104.17224797255
172.844639096696,41.6327215757573,7104.17687747255
182.514540899913,269.305550082422,7104.1773460038
188.812908514787,121.601520519654,7104.17765117568
197.25383692944,234.871150306404,7104.17806016005
203.597029344294,1403.45524091146,7104.1783675038
217.691041834014,1181.05636381927,7104.17905039443
239.402689818061,1281.64268087261,7104.1801023788
352.870581097121,26.8519494833752,7104.1855990663
354.882537255493,110.341562276073,7104.18569655068
0.963875459060599,140.05605009082,7104.18599120692
7.96847552648691,332.610189390792,7104.18633059755
17.0353386507451,666.123545212116,7104.18676991005
24.5452657220173,185.732526580829,7104.18713378505
32.5218221742726,469.422167803657,7104.18752026943
40.3942173663746,1639.74966937985,7104.18790170693
55.1128746712165,382.627429740268,7104.18861486318
79.4127515907929,130.038785295383,7104.1897922538
182.283724762891,179.560283308788,7104.19477661318
191.55504057384,238.365022164899,7104.19522583193
198.117842264049,181.744411187346,7104.1955438163
202.156588686451,1092.18811772394,7104.1957395038
218.197738700808,905.594599309723,7104.19651673817
234.079905869548,1490.70811250596,7104.19728626943
274.749540471457,821.340162548978,7104.1992568163
349.28640502612,108.970811540932,7104.2028683163
352.130360995819,163.685939802427,7104.20300611318
359.854092685877,98.6544179681914,7104.20338034755
6.6593997196277,838.007774284222,7104.20371008193
13.1386789494516,622.256690618883,7104.20402401943
22.1487855526689,190.032697910958,7104.20446058193
25.0785213262538,304.783087656801,7104.20460253505
39.2421895821773,1450.6432721717,7104.20528880067
55.7173984942288,1842.78203807509,7104.2060870663
100.260669495808,289.869517278163,7104.20824530068
174.609850367475,66.165198320256,7104.21184770693
184.468403265165,1032.76953655751,7104.2123253788
198.751389332365,300.311692180699,7104.21301742568
212.576775505212,121.446908085687,7104.21368730068
215.00118427495,1516.30152878113,7104.21380476943
235.828590613633,2314.80390411321,7104.21481391005
351.467536215327,23.5679722265791,7104.22041691005
354.096397709298,82.9262838952793,7104.22054428505
359.981345263787,250.809734092527,7104.22082942568
10.9256901840196,393.473281734558,7104.22135970693
16.5523308402902,381.840947749623,7104.22163233193
24.6549771343253,116.793838489393,7104.22202492568
28.7266165981052,2432.33944097199,7104.22222220693
60.6509011551374,778.882958130112,7104.22376901943
80.447035536068,44.680304595035,7104.2247152538
169.26204895038,28.4859479754429,7104.2290185663
181.591770315826,123.441756816334,7104.22961597255
191.268444224632,344.813982922076,7104.23008483193
197.04020110742,894.236573678597,7104.23036448818
219.632543536388,1373.13949100104,7104.23145914443
230.366631113361,521.309773127143,7104.23197923817
240.698907980628,1456.43441751275,7104.23247986318
348.114277061981,92.1554083044285,7104.23768441005
0.847099106698481,91.6442893794667,7104.23830134755
3.30891564235906,140.190137276619,7104.2384206288
11.1722813853722,880.686801263408,7104.2388016288
18.6183573094684,49.8952927585616,7104.23916241005
27.3027585542238,380.658171650339,7104.2395831913
33.3466889918697,1614.62354597575,7104.23987603505
44.9553438741887,58.0338277433867,7104.2404385038
58.0238681754755,2198.64282335891,7104.24107170693
172.101685482646,28.9358606520018,7104.2465990663
174.582850810967,153.252174839302,7104.24671928505
183.292405542494,231.811334017173,7104.24714128505
192.430536885528,1343.92985629006,7104.24758405068
205.736729360348,177.77251892781,7104.24822876943
217.491790401209,123.593857370707,7104.24879833193
219.566307774733,1467.94787436733,7104.24889884755
245.571139395951,2633.62709418402,7104.25015884755
345.063161345647,124.728824490994,7104.25497948818
350.631433028305,68.6049550502332,7104.25524928505
356.826929352591,296.280472378285,7104.25554947255
5.75448090690067,102.02497874312,7104.25598203505
9.48267855950547,574.530145680541,7104.25616267568
19.580834528766,1982.36049797629,7104.25665195693
35.8919007920202,171.64243637513,7104.25744226943
47.9184904217267,1652.89693043746,7104.25802498818
70.1254685865955,843.728031885149,7104.25910097255
172.165409396386,34.0447565971846,7104.2640450663
178.423144452818,109.572628748111,7104.26434826943
185.126547682541,167.655361815733,7104.2646730663
191.077603727707,236.624525529194,7104.26496141005
196.31159527945,1024.58685979911,7104.26521453505
208.959282486294,1002.03956243661,7104.26582734755
218.094834040363,157.365426245448,7104.26626998818
232.6467688699,329.203386773003,7104.2669750663
236.447202152757,1847.99497926491,7104.26715920693
353.768206312824,96.4880328413464,7104.27284370693
359.406133761685,69.4893448338618,7104.2731168788
6.82770116502168,217.7691360572,7104.27347647255
13.6023726135211,734.792615642021,7104.27380472255
21.1603492397515,289.869517278163,7104.27417092568
26.7495821301002,155.564172654721,7104.27444173817
30.7535006881721,59.5912555412248,7104.27463573818
38.6104168086038,1983.57330560839,7104.27501642568
92.1892703456357,691.804113994721,7104.27761245692
173.677525684669,51.287987745674,7104.28156076943
185.414205306805,184.718157436592,7104.2821294413
188.659004612273,267.485422700275,7104.28228666005
193.242420664939,93.3203792019555,7104.28250873818
205.453146702116,1293.78241453537,7104.2831003788
219.875121893799,1442.33003318561,7104.28379916005
248.898371477086,1136.4328367236,7104.28520541005
350.383645720964,104.930189537278,7104.2901226288
354.482051049004,65.2357612374033,7104.29032120693
3.38509408255474,375.489722648226,7104.29075258193
12.1059355691301,144.154826964282,7104.2911751288
15.9386169648944,689.191925751231,7104.29136083193
26.7026952361888,289.610141424035,7104.2918823788
32.2267870848786,1513.12606888609,7104.29215003505
52.1306091517794,907.584118969851,7104.29311442568
58.0903722005701,143.108316863483,7104.2934031913
73.2727565393394,275.103662072951,7104.2941388163
179.629744465965,143.370662564202,7104.29929208193
185.368930790382,49.753881570247,7104.29957016005
191.43253261632,232.45884384071,7104.29986395693
199.212375861407,889.517626223579,7104.30024091005
214.542133807737,1077.78019842186,7104.30098367568
231.166973633309,1405.16787094924,7104.3017891913
252.76349608516,750.57904336262,7104.30283559755
349.942062161915,118.86680528761,7104.30754314442
358.255610802764,63.1874899625906,7104.30794595693
4.74617682517842,478.303952000658,7104.3082604413
9.95617262854442,428.930918561221,7104.3085128788
18.7995567189153,308.459757736301,7104.30894136318
23.7122254431106,240.249348193444,7104.30917939443
27.1424510505324,266.500183032647,7104.30934559755
36.5585606800765,1665.94060768688,7104.30980183193
63.7472183693316,2306.47723142852,7104.3111191913
168.294767888697,39.3711972745958,7104.31618478505
177.18716909567,119.418752664302,7104.31661564443
185.978956318015,275.649503223008,7104.3170416288
194.284442921252,1343.92985629006,7104.31744405068
204.043349320876,274.28284643527,7104.31791689442
214.30016576537,1526.57619878482,7104.31841386318
229.921446134302,1068.81714589946,7104.3191707538
249.368635680786,777.72421835931,7104.32011301942
356.752724173334,44.2046885207326,7104.32531605068
1.50125028627347,188.144735902007,7104.3255461288
7.00051113119798,169.660605009447,7104.32581258193
18.1038389721293,657.03548157714,7104.3263505663
24.7720917794322,385.172421735192,7104.32667366005
29.5741496584346,700.870250724961,7104.32690633193
38.2130810996562,144.154826964282,7104.32732491005
42.0206090086489,174.24980902625,7104.32750939443
52.3802966686475,2108.1796308664,7104.32801134755
174.793913718841,39.9044616794519,7104.33394259755
178.94939808847,180.915463166009,7104.3341439413
188.09365657108,90.9238864754691,7104.3345870038
190.528707204938,284.372608794214,7104.33470498818
199.875161030737,1478.55860888058,7104.33515784755
215.862779241489,125.029736564031,7104.33593248817
221.373004433539,1512.33103817816,7104.33619947255
235.304486689493,364.521191009715,7104.33687448818
255.455973865575,534.689792441867,7104.3378508788
357.212454215293,69.4217114349804,7104.34278123818
0.124131128241558,142.97697747967,7104.3429223163
6.4147592260508,85.0515075034863,7104.34322711318
12.5019020861875,308.946673799326,7104.34352205068
17.9737520632976,950.934442300877,7104.34378717568
28.2760381987013,431.725266647476,7104.34428634755
36.0362102056629,50.0363049604768,7104.34466234755
43.7083449901539,1573.89312693823,7104.34503408193
72.8041526491575,307.727926474044,7104.34644384755
176.648206443225,38.5879141140411,7104.35147370693
186.051739310612,214.465459280611,7104.35192933193
189.370064178358,274.69357344323,7104.35209011318
199.320524057052,179.141229628144,7104.35257223818
202.821050434231,38.1286946460335,7104.35274184755
212.897922637711,1451.47205365959,7104.35323009755
232.427667308185,2281.31513679841,7104.35417636318
356.270195671548,46.8861512115115,7104.36017684755
0.60239937704786,236.624525529194,7104.3603867538
5.04069916565418,152.514778584134,7104.36060180068
16.137254900998,304.289510255629,7104.36113945693
21.0199329308712,1683.17504378734,7104.36137603505
36.8714644017361,50.0363049604768,7104.36214408193
42.8441266581478,539.447708725049,7104.36243347255
50.6562180161413,93.8724306620564,7104.36281198818
63.5257718418417,1124.7331954678,7104.36343555068
172.044024394896,35.2479989640386,7104.36869353505
186.72172665829,199.769367714708,7104.36940470693
190.527319631704,733.564264887576,7104.36958909755
202.902510763142,342.188444246716,7104.37018870693
212.120939811583,998.43289191881,7104.37063536318
228.697085041101,1451.47205365959,7104.37143851943
252.03564747751,34.5582833183311,7104.37256933193
353.417082981783,45.8733710739789,7104.37748151943
358.079184249741,67.3961164654457,7104.37770741005
2.26788418129496,101.285653475447,7104.37791036318
11.4485829808075,244.589709597065,7104.3783551913
17.4276948598005,366.986968591831,7104.37864489443
21.6728287918478,61.3774517321808,7104.37885058192
28.511996315994,133.672448110467,7104.37918195693
33.2237596665658,1693.14728903913,7104.3794102538
56.1824400124379,420.078721807826,7104.38052266005
63.8178119594777,1572.36423881102,7104.38089261318
175.620528927424,42.9379691524456,7104.38630973817
179.370332791274,249.909148930527,7104.38649142568
182.936000247654,162.880459120274,7104.3866641913
192.939024443392,121.137100350666,7104.38714886318
199.434105227892,1480.99654762035,7104.3874635663
219.6548098054,827.175661299862,7104.3884413163
238.782421170539,1872.55833061784,7104.38936809755
352.059519217646,67.8822345556718,7104.39485666005
357.823214100364,34.7446724169309,7104.39513592568
1.06962582086318,224.899848744187,7104.39529322255
4.89908238656593,64.5844697166886,7104.39547876943
16.475166672972,1273.17045794939,7104.39603966005
30.24669859675,394.998395103485,7104.39670692568
35.546021479528,282.250389727068,7104.3969636913
46.0150300902364,80.6287051013932,7104.3974709413
51.397875433399,355.756368808358,7104.3977317538
63.2387162781462,3175.17190318028,7104.39830547255
170.95882951027,41.8016211922723,7104.40352478505
175.939541623179,815.462863901217,7104.40376611318
189.549510762209,148.899295671079,7104.40442555068
191.817838958305,1106.40852035715,7104.40453545693
208.185984263147,2120.69117822011,7104.40532853505
223.732771620784,84.4974160085776,7104.4060818163
245.0487360347,1327.72648431256,7104.4071146288
275.261616342592,2122.95803159179,7104.40857851943
337.29977963792,36.2336896597704,7104.41158442567
341.316274920607,81.8429699012135,7104.41177903505
351.500855659765,145.96816810819,7104.4122725038
358.055595349903,1081.12208074829,7104.41259009755
6.78675625513405,450.467552148837,7104.41301314443
16.041948103484,1433.12983702515,7104.41346158193
36.1737638537332,267.344896220933,7104.41443701942
40.5620792268862,982.651182646066,7104.41464964443
62.4862419352359,2536.87870710451,7104.41571192568
167.65972623929,30.8604392040834,7104.42080784755
173.849417907007,100.166444583216,7104.4211077538
185.710575068517,352.999351971306,7104.42168245693
191.170815732489,1230.91170589618,7104.42194701943
206.165838871268,970.956204326967,7104.4226735663
220.168266862992,1645.60576276784,7104.42335201943
245.81546753339,245.968551082498,7104.4245946913
261.427718415691,1654.35132259972,7104.42535114443
343.37377642106,64.4023931406501,7104.4293258788
345.992318496376,29.7759143730314,7104.4294527538
352.690884481007,119.340051729644,7104.4297773163
359.546820971307,977.743996877223,7104.4301095038
9.53662347641718,192.488636141519,7104.43059353505
18.5957471211527,56.8893855634744,7104.43103247255
25.8928369851158,1740.77197101496,7104.43138603505
46.3455209613596,827.175661299862,7104.43237701943
63.9294179641394,994.208604332414,7104.4332290038
176.707961112988,138.165145990854,7104.43869341005
185.030861610849,195.009994263806,7104.43909667568
188.295654712532,364.108604378188,7104.43925486318
197.08969931592,941.402511500655,7104.43968095693
213.136653986846,993.603754828598,7104.44045847255
230.965958680223,1331.34425706061,7104.44132234755
262.100810882407,295.518526316485,7104.44283091005
347.540420349843,24.1827842473175,7104.44697067568
351.319247458997,76.257389292067,7104.44715376943
357.912039843527,69.1505325223218,7104.44747320693
4.40325083195376,252.601245476214,7104.44778772255
11.1430943410388,285.164392099801,7104.44811428505
16.1476700086953,269.584465861783,7104.44835676943
26.622160755425,1013.96901985851,7104.44886428505
38.7038946413083,1401.74050144992,7104.44944967568
59.8695830630672,28.5271424538269,7104.45047520693
86.2056022163107,2270.74847813924,7104.4517512538
169.445249359372,42.276494804927,7104.45578442568
175.035127215733,1013.96901985851,7104.45605526943
191.496146950597,1016.92954057597,7104.45685284755
201.74457879939,1197.23597702404,7104.45734941005
216.559335326773,295.518526316485,7104.45806722255
236.811436374858,2172.2315057815,7104.45904848818
352.573247063354,88.0366751720985,7104.4646574413
3.55403230049006,358.701762737113,7104.46518948818
9.66149147738925,60.2965039009362,7104.46548541005
12.9220923375343,178.616052504132,7104.46564339443
22.1031135825113,1364.35418518488,7104.46608823818
32.92072365741,217.7691360572,7104.4666123788
40.2539313552702,510.82421625992,7104.4669676913
47.6306739586274,50.3171462828966,7104.46732511318
54.8774568865892,313.774228821728,7104.46767623818
67.5770634444652,2145.49555899168,7104.4682915663
174.026901262933,33.5058439326907,7104.47345303505
178.100798070215,756.960272241258,7104.47365042568
184.659084998337,166.756386477118,7104.4739681913
194.421861231576,154.716406353117,7104.47444122255
201.036904718281,1383.60822798944,7104.47476173817
216.990340105798,955.350021314416,7104.47553472255
239.163457780271,2199.73639303817,7104.4766090663
353.816902823503,138.843422869961,7104.4821643163
5.742233615195,48.3412858354182,7104.4827421288
8.8103135472516,296.787400211329,7104.48289078505
13.5810907999074,1275.05805913586,7104.4831219413
37.0876655685621,1249.33519085602,7104.48426089443
43.3886130474849,930.48180271893,7104.4845661913
66.133166254023,232.45884384071,7104.48566822255
178.554400972599,55.0002404731131,7104.4911153163
185.83697921391,167.094060810058,7104.49146817567
199.851016556313,1141.71128107188,7104.4921471913
218.440407876228,78.6229970017871,7104.49304789443
224.825200298542,1414.55003266344,7104.4933572538
1.48084833694544,121.137100350666,7104.4999785663
5.62504591398429,52.0155134242639,7104.50017936318
8.48835071388542,83.8276809078664,7104.50031809755
12.3371560722489,31.1633704952463,7104.50050458193
19.8915854604949,1225.03618360525,7104.50087061318
33.7998491277141,287.26507284027,7104.5015445038
43.434278063047,302.307151534009,7104.5020113163
52.1586669002317,1539.90908913215,7104.50243403505
68.8457454579489,47.0361839755018,7104.5032425663
175.066324086598,32.5457959193809,7104.50838922255
186.882333965122,801.33155666573,7104.50896173818
192.255504893183,133.883126807177,7104.50922208193
205.530416741656,1329.53659193191,7104.50986528505
220.62766620501,167.206484769089,7104.51059678505
234.658149993019,1592.1242102479,7104.51127659755
255.972222315796,1297.49477828511,7104.51230811318
345.418007684805,66.7307251123184,7104.51664198818
348.793411594139,87.2326655354527,7104.51680553505
357.088901299269,205.517963758339,7104.51720747255
1.97286926116694,326.912413806113,7104.51744411318
5.60722507227366,373.08015010673,7104.51762020693
14.5995952227777,1388.81317557349,7104.51805591005
29.7442492750775,119.18251108245,7104.51878970692
33.9839010711036,619.836348914049,7104.5189951288
43.7050773344242,127.337709820985,7104.51946614443
52.8145078776192,2911.21682316486,7104.51990751943
177.960825123848,222.210361222608,7104.52597117568
186.213102406487,173.817960025247,7104.52637101943
189.842298489495,370.857594633733,7104.52654686318
195.871717379573,1463.02447934232,7104.5268390038
215.275372095643,1143.81581983736,7104.52777916005
237.086021686828,2517.84681992717,7104.5288359413
352.983596669746,130.687363708581,7104.53445147255
5.32944207287525,224.062851605922,7104.53504966005
8.60519948414266,369.436314873184,7104.5352083788
14.1637967516988,1378.38385150246,7104.53547770693
31.5332441696803,1224.05419133997,7104.53631930068
45.4850426673131,1019.29165108317,7104.53699530067
65.2456834057331,209.3225037747,7104.5379527538
81.8514968841088,271.94382856699,7104.53875734755
176.740108984924,67.4309635906312,7104.5433549413
179.295767324541,80.6287051013932,7104.54347876942
183.942067112906,155.926077605173,7104.54370389443
196.81452324812,1117.22409101844,7104.54432759755
211.474166613337,584.387316315826,7104.54503789443
230.648215193486,1287.2598542657,7104.54596692568
257.641772165687,1765.46499641717,7104.54727483193
351.997323949377,118.629453482733,7104.55184659755
355.769378915402,535.25167631463,7104.55202936318
4.94461950232681,156.64740338206,7104.5524713163
12.0824039625848,490.100349193057,7104.55281716005
16.944765750779,1635.34352726202,7104.5530527538
37.0543304363955,401.415373163516,7104.55402711318
41.2817279157295,1836.24504490609,7104.5542319413
70.524586774371,192.488636141519,7104.55564883193
80.357341219278,237.891623067199,7104.5561252538
180.844860625543,58.2761408574051,7104.5609941288
189.905596647768,766.432528553906,7104.56143314442
199.213997741633,386.730286683346,7104.56188416005
209.470169182574,864.14658762024,7104.56238109755
225.076615445848,63.4101174346036,7104.56313726943
227.376546713754,1384.47708852851,7104.56324870693
263.319583972057,2442.20688117025,7104.56499023818
340.284082088979,22.5364067685252,7104.56871936318
347.860117650929,211.110087744437,7104.5690864413
359.140487310737,136.454680887965,7104.5696330038
3.33176706879888,1535.99966079554,7104.56983608193
20.7508764192275,70.0950686383095,7104.57068008192
24.266559385071,125.85353592609,7104.57085042567
30.6990789544197,1673.14317955913,7104.57116209755
53.054398138326,550.480494521111,7104.57224526942
61.4263157152466,267.204286474865,7104.57265091005
76.5674225295621,161.024221734252,7104.57338453505
175.517032230038,33.7154817953156,7104.57817889443
184.981191452082,172.406991461038,7104.57863745693
188.119572153896,194.237681494513,7104.57878951943
197.404754659026,221.023435664769,7104.57923941005
206.120436492586,1254.13857077206,7104.57966170693
221.085146454038,384.977272283038,7104.58038678505
231.904046385878,257.317667173851,7104.58091098817
257.868245448655,1638.28228760821,7104.58216901942
345.504592485487,80.5121108671258,7104.58641522255
355.882984047217,71.9469622767477,7104.58691808193
359.268062371653,53.4408593766411,7104.58708209755
3.10687086945084,1123.66349558357,7104.58726809755
19.9509974122882,239.622877096224,7104.58808423817
26.0116969287122,1493.93120096875,7104.58837789443
40.6116813882907,259.933047308536,7104.58908530068
45.5488586332451,58.5174478318073,7104.58932451943
80.1258681639121,3294.13318844729,7104.59099986317
170.032581586109,133.812919078657,7104.59535167568
186.742878770102,1455.60841158243,7104.59616133193
197.791707395952,139.518410713357,7104.59669667568
208.825701916144,54.3559364185597,7104.59723130068
213.10921102559,1470.40335463089,7104.59743884755
232.449014632026,972.812164157233,7104.59837591005
254.902045415962,3051.5767690531,7104.5994638163
342.268153758432,90.0413632543007,7104.60369692568
346.423960611067,103.487780844791,7104.60389828505
351.396610686365,171.313727093114,7104.60413922255
0.649867636677959,456.104848334249,7104.6045875663
4.40386370452477,982.651182646066,7104.60476945693
15.7400225114383,1717.12477570196,7104.60531872255
32.804080812637,106.17622059339,7104.60614551942
39.392035989617,1694.56715326533,7104.60646472255
60.023051716762,235.988451002811,7104.60746434755
68.415608018368,1172.88290191198,7104.60787098817
165.879872255015,45.8733710739789,7104.6125933788
179.793940578803,239.936320811651,7104.61326755067
181.48148134828,299.057778541112,7104.6133493163
186.561839921715,179.141229628144,7104.61359547255
192.60351301586,69.1505325223218,7104.61388820692
201.29726619271,1469.58523128404,7104.6143094413
221.111116176645,817.671763631012,7104.61526947255
229.180869504386,1441.49614467182,7104.61566047255
262.281563132938,103.396957662483,7104.61726428505
351.874399626502,42.5809457138548,7104.62160528505
355.23400198116,67.2914918231626,7104.6217680663
8.20674961799524,183.186035784821,7104.6223966288
14.0649312706817,281.983991712309,7104.62268047255
18.0659474816982,1087.22242320169,7104.62287433193
34.896529888444,977.743996877223,7104.6236898163
49.9608863479624,1700.23461976143,7104.62441972255
176.295544386772,33.4707817017943,7104.63054095693
180.416523337535,158.436361252789,7104.6307406288
195.019410106627,301.809521818797,7104.63144817568
198.110063698948,1093.28857078594,7104.63159792568
215.729756015077,1452.30028003596,7104.63245164443
231.474868919829,143.763279059073,7104.63321453505
244.237681658868,491.325591323033,7104.63383292568
258.255877840103,2017.23637793805,7104.63450326943
345.504280711244,72.2076357040358,7104.63873067568
350.734592793831,214.99045599338,7104.63898409755
354.303162559725,77.9630388025865,7104.6391570038
0.355477517988918,30.6695849272565,7104.6394502538
1.96239809905299,1105.32116792683,7104.63952811318
9.80028787228866,848.701664502016,7104.6399078788
30.3487485880675,1661.60418757499,7104.6409035038
44.3614959609043,281.45044628225,7104.64158245693
52.2719438473988,1670.26592556851,7104.64196573818
184.664721538584,40.517741939361,7104.6483805038
187.876627802675,265.652805309102,7104.6485361288
191.637718459115,241.341752138524,7104.64871836318
202.96001060939,212.706074975699,7104.64926695693
206.792046964058,1401.74050144992,7104.6494526288
224.428508283882,462.649002441751,7104.65030716005
233.357994698687,1517.09433904301,7104.6507398163
353.936052480914,48.5110319969895,7104.6565821288
357.395946299652,148.140236189143,7104.65674976943
6.82946982381974,135.902802900212,7104.65720684755
11.3845075971943,251.707071852181,7104.65742755068
14.8727797327648,30.8604392040834,7104.6575965663
20.929286970109,1408.58680275358,7104.65789001943
39.9988518446403,330.115296209854,7104.65881398818
47.1640472102545,923.997489632455,7104.65916116005
78.9715937825186,359.120566617577,7104.6607023163
176.790909143479,71.6197795513906,7104.66544191005
182.235348290316,135.833649883565,7104.66570570693
192.308673255811,200.332889166432,7104.66619378505
195.932709685805,181.123060993826,7104.6663693788
200.288454463045,466.209126859241,7104.66658042568
208.845153413448,410.303901965392,7104.66699501943
213.865208152775,117.595461146536,7104.6672382538
221.353206529796,1056.36888125815,7104.6676010663
245.533120672084,1419.64140443207,7104.66877264443
348.493743444142,67.1867006474258,7104.67376134755
356.827930809676,85.3271966971825,7104.67416516005
359.023700892513,120.904217193463,7104.67427155068
4.18177726976356,271.805605800424,7104.67452147255
15.2260911710694,967.233737547701,7104.67505659755
26.7984467946439,1445.6611463487,7104.67561380067
46.0240922803604,30.1677190173155,7104.67654533193
51.6052631706388,178.194778377438,7104.6768157538
64.1474992228465,1910.70004262883,7104.67742345693
173.836678673858,45.0728135370504,7104.68273817568
176.660640884883,216.03664690506,7104.6828750038
181.138928303461,20.3456331643315,7104.68309198818
185.953240424072,231.324501220875,7104.6833252538
196.419024167177,1509.14714058814,7104.68383234755
209.582680279528,223.895083029113,7104.68447016005
219.505406807401,61.6447240475715,7104.6849509413
227.560970957955,1635.34352726202,7104.6853412538
256.578415847131,1817.81634189804,7104.68674722255
348.589856528947,113.116301048155,7104.69120541005
353.666022860844,163.456206903057,7104.69145136318
359.703826233998,281.183298866949,7104.69174391005
6.59781541868998,488.871998438611,7104.6920779413
13.6330511089089,1642.68032509796,7104.6924188163
31.9496239079541,103.124023209666,7104.69330630068
37.4205064360457,1607.15862840277,7104.6935713788
61.836476374378,2695.00821659108,7104.69475439443
171.376024836785,34.0792324915462,7104.70006186318
176.768222149585,331.251664986709,7104.7003231288
187.553584149118,902.268815217155,7104.70084570693
196.62850934853,1389.67870544349,7104.70128541005
210.508717181923,1341.24289452586,7104.7019579413
232.395472161892,2214.98952512889,7104.70301841005
251.525985874086,1590.61286364448,7104.70394533193
346.220464669324,60.9165357046138,7104.70853351943
352.333083499238,167.431069009183,7104.7088296913
357.712381529333,865.53697542513,7104.70909033192
4.56541574766055,260.22201060627,7104.7094223788
13.2875472038021,66.307022372758,7104.70984498818
21.2383051657321,2078.30730403202,7104.71023022255
44.2953420776466,343.722467155416,7104.71134739443
46.6642841832857,965.367008554097,7104.71146217568
75.8468391327355,2194.26277148216,7104.71287614443
166.516940216443,33.2066006636378,7104.71725573818
169.641776744624,182.87805991779,7104.71740714443
182.424905762884,233.265712301645,7104.71802651943
186.671329664498,277.28055962406,7104.71823226943
194.222856705689,1510.73997756157,7104.71859816005
207.241074070974,1068.81714589946,7104.71922892568
221.373784221099,21.6460217805636,7104.7199136913
225.551197247438,1750.41625638528,7104.72011609755
252.049746596907,341.08854629622,7104.72140001943
356.113897806678,130.615462889949,7104.7264421913
6.23011263657443,103.940682449899,7104.72693234755
10.7271039568835,719.07774179536,7104.72715023818
22.2087014733209,1290.99109180686,7104.72770655068
37.925113540692,245.509806928723,7104.72846805067
52.2725957586213,295.772711877973,7104.72916322255
59.9379584375248,1783.08623421941,7104.7295346288
173.996749359957,28.7730707315692,7104.7350610663
179.355408665367,146.353817953582,7104.73532070693
184.285168838721,922.69519802457,7104.7355595663
199.663621306022,448.125703211844,7104.7363046913
205.898782777273,203.127056841446,7104.73660680068
210.356431433624,28.7322284020508,7104.73682278505
215.527407093579,1841.47652682043,7104.73707333193
240.746353560392,1008.61818896902,7104.7382952538
261.456376985836,1837.55433091903,7104.73929870693
338.773023917557,57.3417147098354,7104.74304489443
345.913388241865,90.5615304969132,7104.74339086318
351.617424218945,177.561007563831,7104.74366723818
357.820015131825,312.09307360669,7104.74396776943
2.42632732776064,106.705783098349,7104.74419095693
8.57474150856596,198.448243948768,7104.74448886318
12.6953979763226,1824.419393337,7104.74468851943
35.8153185488531,474.834505048705,7104.74580873817
42.1456117936272,1508.35022250106,7104.74611545693
60.6079457852023,980.200698386113,7104.7470100038
169.611854066436,27.4787605863969,7104.75229151943
179.140509364126,110.935947927882,7104.75275320693
186.588842669265,252.303539172161,7104.75311409755
196.004307295255,455.775167607086,7104.75357030068
199.900839800654,283.578660553729,7104.75375909755
209.092180426745,1430.61051893767,7104.7542044413
220.76468645624,1198.2399517052,7104.7547700038
244.288675194602,364.108604378188,7104.75590980068
265.66784575214,1919.49056649321,7104.75694567568
335.270237010527,70.4959979280773,7104.7603084413
342.27902928195,31.7420742468322,7104.76064803505
349.708336202351,98.3683204336394,7104.7610080038
352.725786715401,464.917687681421,7104.76115420693
1.65656309977151,246.273917925421,7104.76158692568
8.91979251088044,248.249615308893,7104.76193884755
12.593168465398,1477.74525949274,7104.76211683193
30.1164391510632,1492.32060042692,7104.7629658788
48.9393064029729,1183.09084751189,7104.76387789443
66.500307224941,32.1464486974232,7104.76472876943
71.2730193756337,209.142897444892,7104.76496001943
176.84541211742,40.051333777269,7104.77007526943
180.35400049467,105.999112265387,7104.77024526942
186.903258011245,195.202604080791,7104.77056259755
196.278735044806,1069.9416908011,7104.77101686317
214.800727979561,120.124674096722,7104.77191430068
217.899766054958,1156.36256126095,7104.77206445693
237.730707525594,1559.30901524215,7104.7730253163
349.657901995372,59.4334026438048,7104.77844847255
354.065888644192,66.5545119016286,7104.77866205068
4.43234844731958,221.023435664769,7104.77916433193
9.9919131263526,349.361206630761,7104.77943370693
14.9916515864584,470.701255750328,7104.77967595693
20.7669557447726,73.1769089767909,7104.77995578505
27.0798350198397,1913.21580800263,7104.78026166005
53.635785856361,1780.38672693503,7104.78154836317
84.4217141113489,1098.77429377292,7104.78304001943
163.882856703346,107.844240482269,7104.78689011318
174.856547314346,216.03664690506,7104.7874218163
179.243572755475,273.322142696486,7104.7876343788
188.720308664592,926.596632755405,7104.78809355067
202.817223463825,1489.90120241166,7104.78877658193
217.952848104578,1472.85472706926,7104.7895099413
239.710288375165,359.329788146567,7104.79056414442
258.07652318174,1929.48812482996,7104.79145403505
340.908554920986,65.7735810261073,7104.79546745692
355.106728595776,940.124311732404,7104.79615539442
1.16323587066159,123.821689013148,7104.79644884755
4.81823040645351,231.486885216015,7104.7966259413
17.3046773490973,294.75458185324,7104.7972309413
25.6191933638814,2050.34700329065,7104.79763380068
45.9622339439508,59.670025864822,7104.79861947255
49.9610110332574,1107.49476256444,7104.79879566005
79.8298046015035,2420.44539966457,7104.8002428788
166.36101074805,238.365022164899,7104.80443553505
176.771005419133,103.487780844791,7104.80493992568
180.000003169925,250.509890609152,7104.8050963788
184.110662739575,1351.95865613724,7104.80529555068
200.654559931269,336.652872245935,7104.80609714442
208.20286217994,1283.5178475612,7104.8064628788
223.09017678304,2279.20571305162,7104.80718420692
248.593873641951,480.498696386888,7104.80841992568
349.155886059513,24.853325994445,7104.81329241005
354.841863175956,95.3617740329094,7104.81356791005
0.402717749472412,66.2006838236806,7104.81383734755
5.20800045853623,177.983780491608,7104.81407017568
15.5860695372602,898.261687254376,7104.81457301943
22.7670664200092,486.09694047741,7104.81492095693
33.6956097855652,1677.44995671626,7104.81545047255
65.7276029158183,805.074340526346,7104.8170025038
177.834096547975,77.2366684498316,7104.82243434755
183.639068992688,185.327447832506,7104.82271561318
195.298675739479,859.262383468007,7104.82328055068
203.877948275062,783.884512856048,7104.82369623817
212.845809942349,933.707000605466,7104.8241307538
229.808931850998,902.268815217155,7104.82495266005
251.032666838447,2512.10940938051,7104.8259810038
336.546446834173,20.0403218325595,7104.83012436318
344.763896214939,155.805535140274,7104.83052251943
357.379335383959,222.548340866879,7104.83113376943
0.983700463202446,180.915463166009,7104.83130841005
5.94603119492819,1584.55337739838,7104.83154884755
21.0845581827362,63.0758847930402,7104.83228234755
29.6180385068631,169.438962860369,7104.8326958163
37.9264273820721,1801.87020859535,7104.8330983788
58.2491516829207,2842.66876704464,7104.8340830663
170.863229737508,57.7091603670699,7104.8395395038
174.917753772382,118.708626262176,7104.83973491005
179.727551168449,228.052424167124,7104.83996795692
189.357465416779,983.874204329993,7104.84043455068
200.598169929622,1231.88814704633,7104.8409791913
212.638948736516,1873.84241456812,7104.84156259755
239.697324342453,921.391019037543,7104.84287364443
283.369897834759,1844.08666115132,7104.8449896913
344.286796352285,87.5014921630779,7104.84794126943
346.94855081255,167.879349310951,7104.84807023818
355.240815687618,172.62481721847,7104.84847201943
2.0906250758842,328.974986141262,7104.84880391005
6.88365346825599,1392.27218642901,7104.84903614443
18.9902182828211,936.279165308918,7104.84962273817
33.9646026593736,786.18211940551,7104.85034828505
44.1975555491216,1989.62646358325,7104.85084409755
74.5832853592685,1333.14947969865,7104.85231636317
170.904033603315,57.3417147098354,7104.85698334755
175.798965874797,694.406587786744,7104.85722051943
181.462046847971,757.754081703865,7104.85749491005
198.877608997956,740.092209738918,7104.85833873818
211.552706997531,1528.15082810065,7104.8589528788
223.897262468636,1366.99562780507,7104.8595510038
251.005945010574,803.579314201386,7104.86086448818
338.133740175957,30.3617270214218,7104.86508605068
353.279361714817,193.850380192373,7104.86581989442
359.235900008629,202.385733172328,7104.8661085038
5.59553890662984,116.713375075683,7104.86641664443
9.9680527251066,947.767753167739,7104.8666285038
20.9288441284861,877.266648213748,7104.86715958193
32.5120230410275,1329.53659193191,7104.8677208163
50.0878580061952,93.8724306620564,7104.86857241005
59.4007738621461,107.057362974672,7104.86902364443
82.4258851441601,1941.91240865393,7104.87013926943
171.45696052076,735.201677315445,7104.87445305068
185.934079893536,187.844906296419,7104.8751545038
198.618852345754,1546.92114673338,7104.87576911318
205.858863168129,214.29016894281,7104.87611991005
213.354601099755,1364.35418518488,7104.87648309755
231.914646691361,93.5215030417602,7104.8773823788
252.666270124264,2097.88741933892,7104.87838784755
345.767961475287,119.654522401369,7104.88290208193
355.336926848413,147.632045477408,7104.88336572255
2.59596401798349,1115.06937017225,7104.8837174413
11.0720428550575,115.41832073414,7104.8841281288
19.0963263792647,1302.12052251721,7104.88451692568
33.9923479484475,127.485175194231,7104.88523867568
37.1181519631884,297.040503305368,7104.8853901288
53.3456957285162,2059.70929201271,7104.88617639443
85.6782406929181,2170.01616675816,7104.88774298818
166.393187639703,129.60459094824,7104.89165383193
170.215227133806,172.842365420145,7104.89183901943
179.948657563652,1104.23259425119,7104.8923106288
194.659897834435,1356.39866005732,7104.89302342568
207.406586535792,1052.37729641772,7104.89364103505
215.314454633321,127.042265596344,7104.8940241913
224.403246451831,2594.98955657023,7104.8944645663
356.777965207296,49.0885630755056,7104.90087845693
3.4307389804705,236.783287421716,7104.90120080068
12.4724486179574,171.751876609783,7104.90163889443
18.4373713948464,1460.55667560319,7104.90192791005
34.9103228507713,219.316662053437,7104.9027260663
41.9352391598767,1226.01739871442,7104.9030664413
66.6498261094043,2438.26470125441,7104.90426392568
167.956123673911,90.7687675022473,7104.90917247255
175.769504888845,144.02443127004,7104.90955105068
184.806377393865,1179.01832741296,7104.90998891005
198.799775861416,1104.77704762246,7104.91066692567
210.850551566417,925.947540864058,7104.9112508163
230.312575331184,2517.84681992717,7104.91219380068
347.98701812545,23.0388520761071,7104.91789542567
355.378917317471,85.9852605783473,7104.91825358193
3.85306125650793,142.318379303674,7104.91866417568
10.5922597995807,1071.62623219637,7104.91899070693
23.2354322443385,251.258791550413,7104.91960330068
28.8791643497685,172.842365420145,7104.9198767538
39.2378846358318,1613.13329360979,7104.92037866005
60.603188574273,1985.99692247114,7104.92141386318
168.545712530857,40.2268704458031,7104.9266465038
181.571024484736,888.164819468074,7104.92727761318
191.124833269198,309.189812641719,7104.92774051943
202.337804506304,1694.56715326533,7104.9282838163
224.422562512842,949.669010097409,7104.9293538788
234.314330934916,1503.5592770829,7104.92983316005
354.474453857131,100.260189039858,7104.93565522255
358.625423502215,162.765065314652,7104.93585634755
3.8128456453174,164.258870394285,7104.9361076913
12.5082112371986,284.636758607348,7104.9365290038
18.5672983010502,1284.45443170477,7104.93682258193
26.5474019912898,43.6432487371796,7104.93720923818
35.5113938625026,1255.09691528691,7104.9376435663
57.9982850992932,137.141423217635,7104.93873311317
69.8117151137677,2158.90483268311,7104.9393055038
165.592953380566,30.2260542983657,7104.94394634755
170.721361584042,185.934739826976,7104.94419483193
178.697595553292,894.908702697705,7104.94458130068
190.831571235671,217.941623081863,7104.94516922255
196.567855250575,1421.33438352232,7104.94544716005
213.801538374133,121.292101362691,7104.94628217568
220.071205264251,1946.86000654087,7104.94658595693
264.202346099928,3011.91338536455,7104.94872422255
338.42253478276,148.267023658555,7104.9523203788
350.901242133256,131.547162052215,7104.9529250038
354.96094976335,1425.55822701951,7104.95312170693
8.65089408723888,114.108569815308,7104.95378501942
18.295642441227,1289.12680530391,7104.95425233193
28.7127316258202,2157.7908349002,7104.9547570663
55.0106980471296,355.756368808358,7104.95603126942
77.4804978723024,2127.48463290779,7104.95711998818
168.965005301486,34.9804595012326,7104.96155264443
176.982194237099,882.732498208583,7104.96194109755
191.851449942022,816.936185366046,7104.96266155067
200.607032505956,176.393191719804,7104.96308808193
211.345957328021,1787.12800114056,7104.96360841005
229.233308512005,1647.06659422365,7104.96447509755
261.535862782085,1728.29317524048,7104.96604023818
339.855746649899,25.0650472599645,7104.96983503505
347.264414845615,243.511877329183,7104.9701940038
354.461858286594,85.2170278786701,7104.97054273818
1.88503802987841,265.935579113474,7104.97090241005
6.06083867872828,239.151976000329,7104.97110473818
13.595919236772,1664.49642957645,7104.97146983193
26.7976280435157,66.3424384872435,7104.97210948818
29.3881142850052,945.862721479784,7104.9722350038
42.7910509483783,2448.10838267995,7104.97288441005
80.7995760560335,243.974396241242,7104.97472601943
172.438874164378,32.0916071494537,7104.97916617568
178.27383722833,130.038785295383,7104.97944889443
189.356203786486,187.544604846046,7104.97998586317
194.057970238951,196.545529851377,7104.98021367568
197.64492142357,1082.23385808515,7104.98038747255
209.900149777721,273.459588306935,7104.98098126943
222.761319120344,88.9918902458042,7104.98160442568
224.904524848595,1230.91170589618,7104.98170826943
239.836341768669,2266.50787027438,7104.9824317538
346.422935831215,31.612323869723,7104.98759614442
348.598067151825,87.124904513125,7104.98770153505
355.814214456994,761.316343300678,7104.98805117568
10.5973678750242,205.151950982696,7104.98876745693
15.6293543729535,1217.15804102251,7104.98901126943
30.9781386289382,2025.56482697958,7104.98975495693
47.8554807337008,212.529327470179,7104.99057270693
78.6017438792655,2050.34700329065,7104.9920624413
168.495454765067,35.8098897756953,7104.99641801943
177.78837674972,945.226785731279,7104.99686828505
190.782085594247,190.131549393513,7104.99749786318
198.116260778667,845.152059447685,7104.99785322255
209.075439767016,1639.74966937985,7104.99838422255
229.524576430192,1739.38996539391,7104.99937503505
257.627144051211,1678.88303259645,7105.00073667568
339.360784978179,31.612323869723,7105.00468791005
343.889701815763,146.482145857441,7105.00490734755
357.665748464086,116.390966309332,7105.00557483193
0.926994252701601,289.350488014151,7105.00573284755
6.66618061466037,1433.12983702515,7105.00601092568
22.2345741835418,61.0705583325988,7105.0067652538
28.2727000021603,1473.67085201466,7105.0070578163
43.1245417373756,1930.73401710819,7105.00777742568
78.4571232451197,428.229451898687,7105.0094893788
171.675608621249,46.204956527518,7105.01400605068
176.726298983368,33.9929785708737,7105.01425076943
181.662831224769,187.544604846046,7105.01448995692
188.551983276993,355.756368808358,7105.0148237538
197.689469654015,365.961566606288,7105.01526648818
215.21499764564,2247.32699116714,7105.01611564442
241.255624580208,1197.23597702404,7105.0173773788
351.019942046069,108.970811540932,7105.02269573818
356.289274234525,84.2747607809891,7105.02295105068
359.225137185226,49.4698379482905,7105.02309330068
5.7102210340776,816.199829944964,7105.02340751943
16.1898715089057,935.636901289172,7105.02391528505
24.7233518330326,274.830352919864,7105.0243287538
33.2948848140104,302.307151534009,7105.0247440663
43.4291586547097,101.192866586164,7105.02523509755
46.4775673110995,257.025428718194,7105.02538280068
57.5818626010492,2735.75007092575,7105.02592083193
170.120157674774,49.612060987192,7105.03137359755
178.009966799042,332.157940041711,7105.0317558788
187.114560209769,293.988638988552,7105.03219701943
190.263582775703,378.281517221524,7105.03234959755
199.090520420469,49.5646995668508,7105.03277728505
204.606550231546,2201.92197808444,7105.03304455068
227.665844486962,950.301948243748,7105.03416183193
239.783373686195,874.520900140396,7105.03474895693
345.067791243364,28.3205715823076,7105.0398502538
352.941153922026,62.7024335231319,7105.04023173818
3.52948030646886,209.3225037747,7105.04074476943
6.92100825348591,341.748906951267,7105.04090909755
16.2819737019366,178.510817239186,7105.04136266005
20.2836348414237,1017.52062331428,7105.04155655068
35.4947199424905,1334.05109181695,7105.0422935663
58.4324390431293,447.118286839299,7105.04340495693
67.4593145749581,1453.95528949877,7105.04384233192
169.616373192742,43.4544900063116,7105.04877201943
175.638375011219,132.117247697572,7105.04906380068
184.436934339152,996.021265464719,7105.04949011318
199.788620979734,742.930106323314,7105.0502339413
205.458796466418,1348.39617249582,7105.05050867567
224.261992405119,354.698492799344,7105.05141973817
229.508750970853,387.118753719662,7105.05167395692
251.362612946987,2475.46250164987,7105.05273283193
345.834257711891,100.540901992741,7105.05731022255
352.18293233785,240.718139865592,7105.05761783193
1.59839692629791,270.002326052676,7105.05807403505
9.27278905429022,39.8750268915116,7105.0584458788
10.933886404971,1617.59972083786,7105.05852636318
22.0497910080588,940.763689172286,7105.05906495693
41.8758951960607,897.592111748224,7105.06002558192
52.5080790065479,191.018853512581,7105.06054073818
68.123554681369,2916.16952807772,7105.06129734755
170.73783337028,115.41832073414,7105.06626926943
178.434799120994,862.753923858151,7105.06664220693
190.13794073574,286.216633726966,7105.0672092538
203.482185980036,1787.12800114056,7105.0678558163
216.841910183376,1530.50971896107,7105.0685031288
235.936628582221,1366.99562780507,7105.0694283163
353.481434221639,150.15584609035,7105.07512366005
8.71799525494193,124.427176895203,7105.07586191005
11.1985156923341,991.180248988144,7105.07598209755
19.8471215486569,867.618477062848,7105.07640114442
39.3688041815195,309.432812706234,7105.07734701943
44.028970626524,297.546098870782,7105.0775728163
55.3361061881339,1936.95237626912,7105.07812067568
169.062419608975,37.9743909928454,7105.0836310038
182.428593509981,249.608222979703,7105.0842786288
186.104871811554,138.436845320555,7105.0844567538
198.830276784671,1410.29299349782,7105.08507333193
213.341256572761,283.048084970261,7105.08577642567
222.178320869055,1164.65193045201,7105.0861863788
245.714563849026,2406.49433713713,7105.08732676943
347.218541957094,83.1525473476979,7105.09224489443
352.783588847231,112.950079844687,7105.09251453505
359.002626243259,251.258791550413,7105.09281586318
4.65022814476237,961.622892425851,7105.0930895038
14.3343190500841,965.989732648609,7105.09355872255
27.2161271173931,385.562498594894,7105.0941828788
33.8021474338779,129.459540310073,7105.09450198818
41.8925394863043,2714.56968015116,7105.09489398818
175.0728146343,24.7586465218497,7105.10134691005
190.635725992077,186.035770122217,7105.10210097255
193.519669591747,226.23260209631,7105.10224070693
198.426856104837,1247.40862084138,7105.10247847255
224.612921824013,1392.27218642901,7105.1037472538
243.742468012105,2392.4622283289,7105.1046741288
346.655686195217,29.5383370541025,7105.10966053505
349.19296315365,112.783601902144,7105.10978347255
356.283987953433,265.228089491032,7105.11012705068
4.73233343968609,369.639652220144,7105.11053639443
10.7404685639827,149.654497128004,7105.1108275038
13.903680269562,1218.14558440292,7105.11098076942
31.4837074762679,2199.73639303817,7105.1118325663
56.3704990746632,1379.25593168831,7105.11303839443
184.398179981429,96.5367091820823,7105.11924166005
188.815518524803,943.316647017411,7105.1194556913
201.109122093893,264.092220314538,7105.12005134755
207.721585791633,820.607803930784,7105.12037173818
222.912999579491,110.256394292296,7105.12110780068
225.084583587033,1573.89312693823,7105.12121301943
241.101225118171,1805.86989806386,7105.1219890663
346.155111371715,25.9625654308593,7105.12706380068
353.160678813077,190.625015772383,7105.12740323818
358.799896193962,196.162780463638,7105.12767647255
4.30721907649894,154.473336899663,7105.1279433163
9.40595906865967,1293.78241453537,7105.12819036318
22.4196616718593,1284.45443170477,7105.12882091005
36.396291210799,708.124558990164,7105.12949811318
51.2313639798611,211.110087744437,7105.13021691005
65.4498539338719,1964.07845542979,7105.13090583193
173.987777800134,31.3886486247306,7105.13616476942
176.027144826321,259.20918189648,7105.13626358193
180.857580984615,183.493484295916,7105.1364976288
195.448213512098,1450.6432721717,7105.13720458193
204.388019308017,298.302910151094,7105.13763773817
207.523820183323,297.546098870782,7105.13778967567
217.931235027898,68.2273404439826,7105.1382939413
236.664452642307,2132.00146426118,7105.13920161317
351.921581330511,88.886259463905,7105.14478611318
5.26905132978433,60.5685501753328,7105.14543283193
7.39161829580789,1053.51927182085,7105.14553567568
25.7746220685367,303.795127942763,7105.1464263788
35.0146573282227,234.069791327229,7105.14687408193
41.5564977731982,1875.12538829537,7105.14719105068
60.9878858025469,72.01221563502,7105.14813255068
74.1405775677723,2926.04895868465,7105.14876983193
166.219739080214,63.4471433724748,7105.15323130068
170.213015774166,832.970303843439,7105.15342478505
189.447045667876,603.120831055293,7105.15435672255
193.594468074976,1301.19670593842,7105.15455767568
210.866526375934,2327.2381799444,7105.15539455068
230.194720631689,126.449295478892,7105.15633105068
243.342575189364,1836.24504490609,7105.15696809755
349.643773931342,119.418752664302,7105.16211866005
358.235300783618,57.9933462363513,7105.1625349413
4.37371806631612,225.066881798242,7105.16283236318
12.7304790545728,1367.87503546287,7105.16323726943
27.1940542537161,933.062849206578,7105.1639380663
35.2373641626612,282.782464111619,7105.16432778505
42.6008850378497,34.2167856548503,7105.1646845663
48.7273705244034,87.9298925338112,7105.16498141005
65.1229266970606,2358.03665482592,7105.1657758163
173.504996079737,336.652872245935,7105.1710071913
185.87567244909,89.88471772442,7105.17160658193
189.914418871492,214.815595867002,7105.17180226943
193.433004146849,1497.14740604878,7105.1719727538
211.110098062657,281.71734389737,7105.1728292538
220.365289835923,1217.15804102251,7105.1732776913
231.134527797774,2308.56178617955,7105.17379948818
351.897366915943,96.4393356839288,7105.1796507538
356.629124025187,35.6125892664316,7105.17988001943
0.501792938297667,224.062851605922,7105.18006766005
12.6541500018612,1377.5111051828,7105.18065647255
24.8584264539983,1085.56208466837,7105.18124780068
35.9133822194237,859.262383468007,7105.1817834413
57.0716536071246,268.886607424079,7105.18280861318
180.309530914039,33.6980582327229,7105.18877980068
193.490278513091,271.25202084477,7105.1894184413
197.610289977294,210.218203955392,7105.1896180663
206.230840037331,823.533297111823,7105.1900357538
215.594062866825,1018.70167856788,7105.19048942568
239.081288767736,276.737938120775,7105.1916274413
257.525241378127,1487.47791861581,7105.19252109755
348.734672905398,136.247998994143,7105.19694042568
352.486734112749,49.8482019550828,7105.19712222255
359.280431870903,186.136731028519,7105.19745139443
8.62043607412053,169.992520060447,7105.1979039413
15.1422827228813,1561.62083264633,7105.1982199413
25.3313782241263,66.0941648633617,7105.1987136288
30.9754327750206,1213.19987389512,7105.19898709755
54.0766495209028,243.511877329183,7105.20010641005
60.0996187508571,908.908170949019,7105.20039823818
172.510211567772,74.512715442232,7105.2058448163
181.22621592188,169.881955724982,7105.2062671288
186.271746593442,141.921779883702,7105.20651159755
193.348582291121,838.72497835813,7105.20685448818
202.796617437941,271.528938222687,7105.20731226943
211.582600041259,972.193880954819,7105.20773797255
230.627333912025,1419.64140443207,7105.20866073818
266.566736319455,1424.7145685431,7105.2103853788
338.808506813763,131.97494486139,7105.21388567568
344.333243628465,55.2558589161922,7105.21415336318
351.782221862075,99.0345860873987,7105.21451428505
355.230828850681,1097.13138574108,7105.2146813788
10.6257278386697,271.94382856699,7105.21542730067
16.0540429853662,1267.49089002232,7105.2156903163
30.6885328638111,1608.65443188385,7105.21639939443
50.0847705082812,310.644843182217,7105.2173391913
60.6721294812468,59.1958218554289,7105.21785217568
70.2362576843639,2110.45980691438,7105.21831558193
172.311993769962,48.4625950480932,7105.22326141005
175.619999294136,230.021252045631,7105.2234216913
184.387277995722,233.265712301645,7105.22384648818
193.420603187674,1389.67870544349,7105.22428417568
208.170863564327,1177.99792143103,7105.22499886318
228.983113351887,835.852553837668,7105.22600726943
247.765025562348,2196.45390764356,7105.22691730068
342.245054847871,35.9734811383738,7105.23149509755
345.03999373851,101.378370975791,7105.23163051943
351.388990809933,112.783601902144,7105.23193814442
359.205274409465,1122.59279649862,7105.23231686318
6.01348379027023,29.3988652866339,7105.23264673818
14.3299347406332,588.998960715514,7105.2330496913
26.5348561212408,306.504349678605,7105.23364105068
30.5323250191897,967.855129374584,7105.23383473818
42.9849115089791,2110.45980691438,7105.23443809755
180.755052332222,47.6562539430958,7105.24111341005
185.251398648977,214.114725949344,7105.24133126943
192.892575290128,105.644007430961,7105.2417015038
200.780772074448,1346.61148898374,7105.24208370693
216.389153198217,55.2983457635658,7105.24283997255
223.073852526208,1013.96901985851,7105.24316386318
243.107956713969,1736.62229041582,7105.2441345663
353.348255455366,132.826402654551,7105.24947598818
356.528236127099,38.5879141140411,7105.2496300663
2.85820685132505,295.772711877973,7105.24993676943
9.43338694285385,1206.24166211059,7105.2502313163
23.5796412290704,1252.21943925169,7105.25091673818
38.9348751451781,206.248046419333,7105.25166073818
43.5718229639064,220.171700315852,7105.25188541005
54.9750577105158,168.994832017155,7105.25243792568
63.9148635439758,2289.73306981572,7105.25287108193
170.796204821644,37.6638858989864,7105.2580497538
181.730875326775,997.830595927951,7105.2585795663
197.854902910587,743.738959307905,7105.2593608163
204.759533959398,1368.75377698686,7105.25969536318
225.208348139568,1398.30491630022,7105.26068616005
253.703697021203,2170.01616675816,7105.26206683193
340.5119139677,119.103657492126,7105.26627291005
348.245320035317,34.3024775251166,7105.26664761317
352.994813634817,159.500107566046,7105.26687773818
357.441497944042,1101.50688570343,7105.2670931913
13.8406013546835,265.511307384614,7105.26788776943
16.4971961619338,1161.55041141042,7105.26801648818
31.8279215572824,2434.31608204503,7105.26875930068
49.5350060923283,79.6321619755957,7105.2696172538
69.3859413216372,333.963162679751,7105.27057908193
176.672318176613,29.6375597674814,7105.2757773788
186.266437074052,224.062851605922,7105.27624223818
195.325883201794,1048.94370966946,7105.2766811913
209.852019578547,179.350881368556,7105.27738501943
216.828886295153,1119.37470403944,7105.2777230663
237.645650769716,2012.46197484295,7105.2787316913
348.229068764199,54.009161726265,7105.28408973817
355.728031525887,66.7659053044112,7105.28445308193
0.284681676750349,143.370662564202,7105.28467386317
4.12703745007402,302.307151534009,7105.28486003505
14.482855389082,1039.15365201601,7105.28536180068
29.7445699091562,1899.33802019482,7105.28610126942
47.2858994554573,1145.91647282225,7105.2869511913
69.4483753033524,31.4447183569211,7105.28802501942
176.686154584046,37.6950519409558,7105.29317420692
180.324702674233,93.6720562227933,7105.2933505038
191.288073941662,176.606090862563,7105.29388170693
194.345512009599,945.226785731279,7105.29402984755
208.316981933065,304.53639610073,7105.29470680068
217.225184619631,1170.83054362865,7105.29513842568
246.430635674809,2190.97251452638,7105.2965535038
347.605361186431,112.115254580214,7105.30145567568
359.184992785904,37.6950519409558,7105.30201673818
2.09344486879161,232.620450679732,7105.30215766005
7.50853824977757,1417.94620489577,7105.30242003505
27.898338490322,1262.7383583208,7105.30340797255
41.8691634102344,967.233737547701,7105.30408489443
65.4347521185147,1658.70683854763,7105.30522670693
172.409612792216,97.2638358742728,7105.31040991005
178.001425546614,333.287369924662,7105.31068084755
183.928295591569,188.643392573518,7105.31096801943
191.058018051757,472.931360739892,7105.31131347255
199.748546436088,1469.58523128404,7105.31173455068
216.953528759807,98.6544179681914,7105.31256817568
219.26216706888,1083.34441417668,7105.31268003505
242.90579602644,1584.55337739838,7105.3138256288
349.820352828492,89.88471772442,7105.31900591005
354.148041809447,84.1632180614837,7105.31921559755
2.28841835240964,266.500183032647,7105.31961001943
8.63225573327531,995.417415161626,7105.31991739442
17.1289732950346,964.12056116435,7105.32032908193
27.931104298263,362.038593548775,7105.32085247255
34.7054532262146,64.8385303780863,7105.32118070693
42.8471196636606,2402.49353744559,7105.3215751913
70.3817990281401,318.292614487348,7105.3229093163
177.10254500762,43.6970286343819,7105.32808020693
185.958505935231,244.435999219306,7105.32850930068
192.632240878555,274.419820200933,7105.32883266005
198.526540365139,209.3225037747,7105.3291182538
207.871381813449,76.3804852699224,7105.32957103505
209.68952714925,978.35883838826,7105.3296591288
220.42296976021,1943.150529371,7105.3301791913
257.182850203634,770.344843470383,7105.33196030067
345.038683050631,76.1957719142003,7105.33619733193
0.383275102618956,471.020500381059,7105.3369408163
7.06926432509368,196.927557594151,7105.33726476943
16.7581924755076,1099.86819651908,7105.33773422255
31.01731498796,66.4838947783686,7105.33842511318
36.7445695537746,1368.75377698686,7105.33870261317
59.3585181939884,2341.66108725731,7105.3397983163
172.277017841256,30.7078494576896,7105.3452695038
177.332545448468,756.16551908908,7105.34551445693
187.760921500735,245.050174596528,7105.34601973818
196.330842141765,751.379625185677,7105.34643497255
207.226170020479,1451.47205365959,7105.3469628788
218.810316382039,328.288923823195,7105.34752416005
227.732708245792,2193.16653726764,7105.34795647255
350.80805531894,36.9080113693521,7105.35391978505
355.917114692214,112.533440899121,7105.35416733193
2.18871644282709,90.3538216467936,7105.35447120693
13.0892040120981,959.118673371506,7105.35499936318
22.7949011662068,1100.96098904222,7105.3554696288
36.0682005996492,740.904115836827,7105.3561127538
54.1045378437663,2182.17310887781,7105.35698666005
176.232437052844,214.99045599338,7105.3629040663
183.277669678712,38.5879141140411,7105.36324542568
184.677557709036,177.983780491608,7105.3633132538
191.597667867059,1248.37229442676,7105.36364855068
207.253776100322,242.11904703364,7105.3644071288
209.861998832067,940.124311732404,7105.3645335038
220.927273941064,264.376659453447,7105.36506964443
233.004815547867,2300.21246494516,7105.36565483193
347.314818779924,35.7442443699174,7105.3711934413
354.417775413393,67.5353661883094,7105.37153759755
2.65650848485659,270.558464521287,7105.37193678505
8.20220654479185,251.408310836254,7105.37220548818
14.4193090427821,44.9945879166247,7105.37250672255
18.7627996159553,1532.86505710781,7105.37271717568
32.5925448796315,967.855129374584,7105.37335522255
57.2552124781272,1112.91043047856,7105.3745501913
177.995800381496,191.215474010242,7105.3804003788
190.784734056326,280.11210018164,7105.38102003505
193.951170554425,175.538986124657,7105.38117345692
201.973519255678,933.707000605466,7105.38156216005
215.984331730478,1242.57937272887,7105.38224101943
241.827600566949,1523.42216619417,7105.3834931913
354.460060040262,82.6993959424094,7105.38895051943
357.27950745166,182.87805991779,7105.3890871288
3.98549050789059,233.426750151366,7105.38941205068
10.0113621224421,134.44330371204,7105.38970401943
16.100439843074,1495.54024719833,7105.38999905068
31.3627993667021,1129.00155890827,7105.39073855068
42.8047317737163,994.208604332414,7105.3912929413
65.8001748444143,200.707686581758,7105.3924071288
87.4337826167226,305.767855479644,7105.39345533193
174.062700363299,50.3171462828966,7105.39765272255
178.126277751926,123.441756816334,7105.39784961317
189.87295430971,262.379173943117,7105.39841876943
192.697883894671,320.645149320953,7105.39855564442
199.24617399977,420.436407910785,7105.39887292568
206.237874822033,249.608222979703,7105.3992116913
209.914475569071,32.6358766400414,7105.39938983193
224.520909651231,1913.21580800263,7105.40009755068
254.736692268636,1670.26592556851,7105.40156158193
341.644555675658,135.348648955258,7105.40577248817
348.026123305452,92.8156718149609,7105.4060816913
358.201674633063,1174.93148543701,7105.40657472255
10.5139820288025,127.999971732962,7105.40717128505
13.6446232135523,988.750858965659,7105.40732297255
29.5419469334155,1015.74637589863,7105.40809323818
43.5933919666572,117.195336768461,7105.4087740663
46.7962687816596,1729.68417366803,7105.4089292538
68.7355881162151,2934.2570595503,7105.40999226943
168.461469533064,62.627472652288,7105.41480401942
173.701133547746,598.115557082224,7105.41505789443
185.835109230125,1087.22242320169,7105.4156458163
194.110282618493,1412.84872690051,7105.41604676943
211.076306874197,47.9999893998606,7105.4168688163
216.315325885324,1686.03031536207,7105.41712266005
237.851866986073,853.646264786789,7105.41816616005
254.140359626605,2728.70837036976,7105.4189553788
338.987572279201,47.1857448947066,7105.4230664413
347.014758188005,180.082726508601,7105.4234553788
354.532102293336,251.109188997845,7105.42381961318
1.22163882887796,873.833116976641,7105.42414373818
7.16656780955236,74.8899969815753,7105.42443178505
15.3095241790229,1750.41625638528,7105.42482633193
33.0717529327039,96.9736305145297,7105.42568695693
38.3562416722822,298.050861768928,7105.4259430038
46.8261933322393,1808.5315467431,7105.42635339442
70.9609602666251,883.413397989585,7105.42752278505
167.427792186207,35.7770792158707,7105.43219684755
173.994463634948,112.616888037209,7105.43251501943
183.582777800735,161.606575344031,7105.43297959755
193.09079437374,1296.56774205955,7105.43344028505
204.408249316463,711.09007571124,7105.43398864443
219.817337444098,1462.20247021489,7105.4347352538
245.199781593697,1863.54642828235,7105.43596509755
350.046593052728,49.4223412195183,7105.4410451913
353.084682365546,21.1243540021444,7105.44119239443
357.74323639552,1090.53543972948,7105.44141811318
9.0097393986883,258.192384139377,7105.4419640038
14.9543458963566,246.73124654484,7105.44225203505
19.0737124320885,55.4256120166574,7105.4424516288
25.6081358054642,1632.39965988993,7105.44276823818
43.4390528763303,2341.66108725731,7105.4436321913
63.5105648675543,1517.09433904301,7105.44460470693
167.117438665979,25.205207712653,7105.44962472255
179.60872274109,871.076544228799,7105.45022995692
188.866171932942,333.963162679751,7105.4506785038
193.240298128907,321.581372642044,7105.4508904413
202.540314739696,78.0232684016724,7105.45134105068
207.011507532138,2035.04124662857,7105.4515576913
231.361691462799,1309.48751841942,7105.45273751943
244.475685530078,1010.40498190486,7105.45337292568
340.258535545542,28.9155626526094,7105.45798972255
348.327643869729,51.1963214877564,7105.4583806913
351.797534624116,74.7015921342964,7105.4585488163
2.43358811805149,245.356679418052,7105.45906416005
5.04277829881445,326.912413806113,7105.45919058193
13.5562647891851,221.193383054263,7105.45960308192
19.2064465547381,1102.59801289203,7105.45987684755
29.2001187808391,1159.47806911265,7105.4603610663
49.4764059042187,1350.17863556186,7105.4613435038
183.520283972894,66.4485619306099,7105.46783826943
187.883445821734,288.04886254008,7105.46804967568
195.671028621426,324.605314849791,7105.4684270038
204.919770847195,1183.09084751189,7105.4688751288
219.957683850376,1391.40821087125,7105.4696037538
235.782771939986,635.166919060737,7105.47037051943
354.901605156633,94.5703793053809,7105.4761421288
358.55950203948,47.1359444531583,7105.47631936318
0.514056673257937,95.0163489554789,7105.4764140663
13.8341158047172,341.748906951267,7105.47705945693
17.4230018873734,205.151950982696,7105.47723334755
21.07928635519,1213.19987389512,7105.4774105038
42.0779298937213,103.396957662483,7105.4784279413
50.6259218405003,1695.98579624619,7105.47884211318
65.2533171303515,1691.72631458991,7105.47955084755
171.751874007969,237.733610575219,7105.48471097255
179.089273984909,76.9930091903959,7105.48506648818
186.361210399642,1081.12208074829,7105.48541883193
203.028940127157,1758.6406775294,7105.48622642568
218.178108941543,190.427770774271,7105.4869604413
230.175675363488,63.224647739446,7105.4875417538
232.774868608602,1933.22380326322,7105.4876676913
264.502762554097,2440.23645734615,7105.48920498818
336.177612203342,26.6984455377095,7105.4926778163
340.714268557991,175.966602400379,7105.4928976288
347.675011274456,135.556718627861,7105.49323489443
356.18011328175,1340.34605636657,7105.49364698817
8.89197415631751,156.887114410864,7105.49426291005
11.9687610919985,1252.21943925169,7105.49441198818
29.750016155334,973.430003270437,7105.49527353505
42.2400103735036,271.94382856699,7105.49587870693
49.0140368184492,3273.62714713786,7105.49620692568
171.369557574309,29.2787877276268,7105.50211461317
176.027466675812,182.36363807933,7105.50234030068
185.012419754716,220.342313839161,7105.50277564443
192.130210493843,1146.96530051361,7105.50312051943
202.239008327223,1266.54187138087,7105.5036103163
221.492064643212,1080.56585901295,7105.50454317568
247.029944400442,2939.17046256809,7105.50578055068
347.614530440725,91.4390299588952,7105.5106541288
349.551348621789,25.8946301900931,7105.51074797255
358.688835036353,1111.82951734179,7105.51119070693
11.3520013148669,908.908170949019,7105.51180426943
18.8980461824947,211.110087744437,7105.51216989443
33.1249206195821,2659.07318386382,7105.51285922255
57.6776223388972,206.975561689582,7105.51404886318
72.2150455457825,49.0885630755056,7105.51475323818
82.0361906775514,1982.36049797629,7105.51522909755
169.05466500485,49.8952927585616,7105.51944536318
177.735196453531,944.590516915866,7105.51986595693
191.137810596357,1093.28857078594,7105.52051534755
203.264369244678,161.954991084734,7105.52110291005
213.681780949819,1760.00769513962,7105.52160766005
238.438935280742,2183.27489420744,7105.52280720693
344.5350364451,31.7975194785713,7105.52794783193
358.075994746397,98.1771261510112,7105.52860392568
2.4217427006136,269.584465861783,7105.52881448818
7.23250747061519,280.11210018164,7105.52904758192
14.0861866549549,472.61339286564,7105.52937966005
19.2723188660323,1469.58523128404,7105.5296309413
36.7265786388813,1527.36379099849,7105.53047664442
55.9893094075135,85.4372267378167,7105.53140997255
63.0667900336632,1097.13138574108,7105.53175289443
178.281673710853,107.320298481373,7105.53733534755
181.218044947706,177.983780491608,7105.53746142568
191.557738849032,135.348648955258,7105.53796241005
196.358829316557,1143.81581983736,7105.53819503505
212.953355927259,1162.58513926937,7105.53899908193
228.526264220685,1395.72264856724,7105.5397536288
255.004819736397,278.227607619641,7105.54103658193
345.070735233525,21.0128806715781,7105.5454005038
349.63286752041,75.9487819856908,7105.54562155067
356.727117187796,66.165198320256,7105.54596528505
2.98420731575717,265.086397277514,7105.54626845693
7.91493493813016,192.195578896381,7105.54650736318
13.3667911190256,246.73124654484,7105.54677151943
17.5516212169644,64.9109307970797,7105.54697428505
22.7977348166858,1320.46118483942,7105.54722847255
47.237568309765,535.813116098183,7105.54841264443
55.3305401886989,1478.55860888058,7105.54880476943
73.8515656744351,119.18251108245,7105.54970216005
173.710570507047,36.7485798735689,7105.55454058193
175.314588741056,94.0224217926833,7105.55461830068
190.679819555271,250.659853984203,7105.55536278505
196.148122256855,1266.54187138087,7105.55562773818
214.489848542671,1423.02547523343,7105.5565164413
236.060895024745,415.762729799596,7105.55756161318
240.300546858312,394.998395103485,7105.55776703505
271.603733838207,111.947541514557,7105.5592837538
352.624069901775,57.5869386898464,7105.56320939443
356.223920294015,84.3304800990374,7105.5633838163
1.40618270901857,129.24165904149,7105.56363491005
13.6904343835558,285.953954959339,7105.56423011318
18.7907867532058,386.535886631734,7105.56447723818
26.3487634169777,137.415176459932,7105.5648434413
29.3697612055531,117.834880741796,7105.5649898163
35.3030808355477,1616.11235505177,7105.56527730068
60.4801048494367,867.618477062848,7105.5664971913
169.437253470195,29.5780656911493,7105.5717764413
180.619266601502,200.145219841907,7105.57231823818
185.255891937224,222.379406555895,7105.57254289443
195.320509936636,129.314323138452,7105.57303055068
196.814884812012,182.569584450398,7105.57310295693
201.989085226946,587.465742718507,7105.57335366005
209.538999853106,1197.23597702404,7105.57371947255
230.13583264439,1417.09799450496,7105.5747174413
245.064424771944,421.150808671555,7105.57544076943
344.21707563898,22.4581117591605,7105.58022661317
350.355815442226,59.6306545808112,7105.58052405068
354.961482634607,73.1126964526041,7105.58074720692
359.380433668095,123.517834849096,7105.5809613163
4.91097510182428,253.788573489899,7105.58122928505
9.55211516209089,164.943780855964,7105.58145416005
12.2258014185006,120.280993498589,7105.58158370693
19.4874184521204,377.485959157653,7105.58193555068
26.1685705421278,1111.82951734179,7105.58225926943
40.5605550019476,1877.68867121463,7105.58295659755
71.8876055741309,41.9418458297294,7105.58447447255
77.2449749850576,277.416062344216,7105.58473405068
179.33683514588,67.7783593139303,7105.58968066005
180.719954247592,104.391620348032,7105.58974767568
197.613097869489,319.941212412189,7105.5905661913
198.791441801505,256.439924850582,7105.59062328505
201.933369853928,953.460088659597,7105.59077551943
222.425718902053,1626.49593793418,7105.59176842568
244.94969542176,1829.68462603128,7105.59285976943
347.320823726033,137.688360712929,7105.59781991005
356.853026336791,113.861309269936,7105.59828176943
359.646997815953,116.793838489393,7105.59841714443
4.08078295509855,1232.86392206268,7105.59863197255
21.8755821545257,316.635467845217,7105.59949417567
26.9540059050073,569.801428262906,7105.59974023818
33.2297998971586,1681.74563164314,7105.6000443163
49.6808227339154,60.5685501753328,7105.60084141005
58.7792889675262,2037.40335713576,7105.6012822538
173.149273588227,115.580996162823,7105.60682376943
183.896905413916,237.575487060937,7105.60734451943
194.010217934299,1359.94016048357,7105.60783453505
208.020062997622,1374.88986862166,7105.60851334755
228.423407449342,288.309653928565,7105.6095019413
232.964900974,1862.25546094931,7105.60972198817
270.740595190756,398.031052561976,7105.6115523163
348.783790741626,50.8741798688206,7105.61533370692
351.022128243399,64.2928973948464,7105.61544216005
358.632346778751,146.482145857441,7105.61581089443
7.53603481585545,622.739582123444,7105.61624230068
15.2191339099305,1221.10344058513,7105.6166145663
33.4695981807564,140.457936947946,7105.61749884755
38.6515381502957,1661.60418757499,7105.61774992568
80.5613687136271,986.924986179361,7105.6197528163
166.467930045052,75.0779230451748,7105.62391520692
180.391027855471,285.690998635957,7105.6245898163
185.020558602599,304.042430121498,7105.6248141288
190.800377523,47.2354932945507,7105.62509417568
196.914608767945,242.584202725382,7105.62539042568
206.609664057934,1565.46631213672,7105.62586017568
225.189381000289,377.087555625266,7105.62676041005
230.363258894675,495.286756052593,7105.62701109755
247.285425836959,376.68870800367,7105.62783101943
258.727358243973,2606.08734592438,7105.62838541005
338.800568888935,127.337709820985,7105.63226516005
344.44236613387,58.3969192446965,7105.63253851943
352.113855952349,103.124023209666,7105.63291022255
355.094221182482,1276.00086052837,7105.6330546288
7.41684799687646,193.267943315867,7105.6336516913
18.6610997852455,1417.09799450496,7105.6341965038
27.1075104110036,169.105979219708,7105.6346057538
41.1354143349628,2894.64741065615,7105.6352854413
182.070379278816,26.4776117697707,7105.64211409755
187.110427851899,281.71734389737,7105.64235830068
195.073762575985,299.057778541112,7105.64274414443
203.414722009565,1519.47032733801,7105.64314828505
220.675815963397,289.350488014151,7105.6439846288
225.148943691418,374.286851512196,7105.64420136318
236.900134973747,83.2654431515145,7105.64477073818
245.932815162145,441.366249104291,7105.64520839443
271.329448413847,1960.40139677223,7105.64643892567
336.666587859343,52.0606439902149,7105.64960467568
348.784117021034,234.550934230526,7105.65019180068
352.985071156656,160.790686321022,7105.65039534755
0.656238454586298,47.8284287175335,7105.65076703505
4.48279271077537,1396.58395958975,7105.6509524413
23.7048908834244,390.5976653229,7105.65188380068
28.5943410188851,235.829161754353,7105.65212070693
32.584392845234,291.936336216381,7105.65231403505
40.937606520423,122.294854798533,7105.65271876942
42.0569365128126,210.753789420259,7105.6527730038
50.6391114329935,2721.64824011156,7105.65318883193
171.137193992821,27.4359909790967,7105.65902726943
180.841601214905,90.5615304969132,7105.65949747255
184.957742920575,1098.77429377292,7105.65969691005
202.487848641064,1111.82951734179,7105.66053966005
212.606965855558,285.164392099801,7105.66102995693
220.86311293427,48.4141060574927,7105.66142998818
226.934131756724,2349.86297087403,7105.66172414443
359.996701546017,77.5401479136129,7105.66817136318
2.27986381022853,64.2197892086749,7105.66828198818
5.16058257983676,213.411566196697,7105.6684215663
17.0694668508401,1378.38385150246,7105.66899858193
30.9522545482817,188.941973178203,7105.66967123818
43.0159294609039,1215.18051177105,7105.6702557538
79.8235370138216,2800.04774921849,7105.67203917568
160.723587779553,56.099506984264,7105.67595898817
169.039393763904,211.643411129891,7105.67636191005
176.380018533364,45.3843837511236,7105.67671758193
179.530975997334,1132.19233988104,7105.6768702538
191.598198223024,996.021265464719,7105.6774549413
208.816079754365,1182.07410526594,7105.6782891913
226.050085323388,3147.78625387646,7105.67912422255
264.722275427118,781.195330645801,7105.68099798817
343.489439883254,63.0013749503,7105.68481445693
349.170257271599,29.5979109277145,7105.68508970693
355.33286059205,214.99045599338,7105.68538830068
1.50900808613438,887.487583423052,7105.68568755068
11.5842679121249,1080.00930421071,7105.68617572255
22.9462251342804,150.904760909398,7105.68672623817
34.2162754129748,1747.66623395328,7105.68727230067
50.5247618497214,915.499287490462,7105.68806248818
68.000950316822,1630.92572780243,7105.6889092538
166.70773219075,35.5135261476125,7105.69369184755
172.351141775632,108.625414219077,7105.69396528505
179.432169714849,878.636274848077,7105.6943083788
188.487101118046,539.168931723566,7105.69474711318
196.385617245938,1180.03773419417,7105.6951298163
218.692564354339,1243.54671005023,7105.69621064443
228.315383976533,1757.27254969615,7105.69667689443
348.716649301089,32.0733058167821,7105.70249914443
352.118174146213,53.7038989667504,7105.70266395693
358.6361509989,41.2644120262318,7105.70297976942
7.4453522284943,292.964291714881,7105.70340659755
11.3389823868377,240.249348193444,7105.7035952538
19.1097962203773,1135.37423906962,7105.70397176943
31.4769253142037,1365.23514715492,7105.70457098817
43.5976793059561,180.915463166009,7105.70515826943
58.065446746638,957.86412135368,7105.70585926943
172.135524461661,64.0733438528329,7105.7113862538
180.65739547265,97.1188407472567,7105.71179916005
189.682013698519,250.809734092527,7105.71223642568
197.359308211108,229.366858839342,7105.71260841005
202.325508663824,1017.52062331428,7105.71284903505
218.391489681946,1288.19377387401,7105.71362747255
243.634622186512,1323.19033507855,7105.7148505663
267.470772109703,1671.70510767534,7105.71600548818
333.713759411809,28.8952490407057,7105.7192151288
340.78221058887,103.306058152342,7105.71955761318
349.021588663888,229.366858839342,7105.71995683193
353.369593924063,212.352441186781,7105.7201675038
0.0278498708008712,1037.41648604938,7105.72049011318
9.4729826705651,1290.05928162229,7105.7209477538
20.5659911679246,74.1335118292774,7105.72148523818
31.9040847977916,211.998224530774,7105.72203459755
37.6558479219069,2113.87596316115,7105.72231328505
53.568005747428,493.46249308968,7105.72308426943
66.9386943354362,37.2248239177697,7105.72373211318
180.604058956157,66.6250457581619,7105.72923948818
185.764392751992,32.3648850775182,7105.72948951943
187.644131853926,127.337709820985,7105.72958059755
190.52356069151,250.509890609152,7105.72972011318
201.999031105914,263.237098785396,7105.7302761288
210.080071188703,77.0539951289173,7105.73066767567
211.886284803443,1351.06892340531,7105.7307551913
225.025754802958,1259.87831278707,7105.73139183193
356.001875422583,110.426674748698,7105.73773795693
2.95294368640485,51.3794909395848,7105.7380747538
4.85912620713492,127.70605406498,7105.73816711318
11.5754286820211,518.70824302469,7105.73849253505
21.0869924930107,447.454351348853,7105.73895339443
27.7623398513657,288.570223272444,7105.73927683192
38.0330229524999,300.811792142142,7105.73977447255
42.3432980012895,181.744411187346,7105.7399833163
48.6123198878535,1509.94383663061,7105.7402870663
67.3503747473539,2540.66767624295,7105.74119497255
169.120555570784,224.230509160428,7105.74611020693
173.115444604684,62.7772972494611,7105.74630376943
179.582469592899,66.1296920001497,7105.74661711318
182.10039772113,980.813985584916,7105.74673911318
189.359757373707,1356.39866005732,7105.74709084755
207.48993642178,339.099665014331,7105.74796930068
215.030176670381,1538.34656124729,7105.74833464443
231.159363869666,119.73301516921,7105.74911614442
241.639659310506,1429.76974704112,7105.7496239413
347.377162075025,70.3626115705624,7105.7547471913
358.317637274267,44.6540131260331,7105.75527728505
0.024849281869308,269.026301236153,7105.7553600038
6.17713322120673,200.520378079716,7105.75565809755
17.3388300357512,167.655361815733,7105.75619891005
20.9896323675466,1423.02547523343,7105.75637580068
34.6531332726392,562.366597733899,7105.75703783193
45.3930255437224,293.476909440926,7105.75755820693
53.3528129922828,110.426674748698,7105.7579438788
56.5195720109298,292.193658157913,7105.7580973163
181.959991431185,38.9513837850686,7105.76417522255
186.91426016284,125.104843151647,7105.76441526943
194.908552992725,217.7691360572,7105.76480261318
202.92090475833,207.157041520745,7105.76519083193
209.253132863599,346.986744892419,7105.76549764443
217.081348259275,68.7759155182377,7105.7658769413
218.971084221775,1110.74738295969,7105.7659685038
239.276072107452,2500.59462025831,7105.76695233193
349.088761611277,26.6103319934707,7105.77227303505
351.480599860186,82.6993959424094,7105.77238892568
357.100790893876,243.974396241242,7105.77266123818
6.16894398769997,566.626967568595,7105.77310061318
12.4908527118558,438.290514992445,7105.77340692568
16.5279867192277,285.953954959339,7105.77360253505
23.6332006961979,211.998224530774,7105.77394680068
26.8712278960792,73.8796315791213,7105.7741036913
30.4046472770941,1399.16456198819,7105.77427489443
46.1168671404687,2448.10838267995,7105.7750361913
182.592248567476,103.850261723437,7105.78164876943
187.710982355851,216.210521708504,7105.78189678505
191.305995540541,417.566481392129,7105.78207097255
202.901751140156,394.998395103485,7105.7826328163
209.446816415193,1832.31152472985,7105.7829499413
225.353678508505,171.313727093114,7105.78371430068
243.135256092388,2467.67806189041,7105.78457586318
344.42059237412,107.669879956251,7105.78948339443
353.101446268266,45.2288657915023,7105.7899040038
356.738059460415,127.263907745423,7105.79008020693
0.940303528061408,506.984509929254,7105.7902838163
10.4502549615618,234.390673536922,7105.79074459755
13.7176278897528,1132.19233988104,7105.79090291005
27.1470079719219,2078.30730403202,7105.79155359755
46.7796238954419,79.0401008532449,7105.79250484755
58.7313980308465,1760.00769513962,7105.7930839413
172.594443270212,121.369525540871,7105.79860089443
189.306352831695,1207.23808727519,7105.7994106288
199.746338159558,112.866868628991,7105.79991647255
208.993467970296,63.4471433724748,7105.80036451943
217.902315660415,2079.46437846829,7105.80079617568
248.678891983308,852.941661744211,7105.8022873788
336.427139722275,22.3795391940396,7105.8065390038
351.55276746492,152.883927739822,7105.8072718788
356.0984533062,115.824579094426,7105.8074921288
3.15561765312829,137.756570040004,7105.8078340663
6.57971615851666,347.203293893372,7105.80799997255
14.0557827769349,1008.61818896902,7105.80836220693
24.7469804519643,63.7794261848512,7105.80888022255
27.7483069273311,1094.38791362493,7105.80902564442
43.8662073715678,824.992185677331,7105.80980659755
67.2599139515283,293.732871359254,7105.81094008193
80.4854862754771,2653.64108464894,7105.81158089443
160.726064324214,102.208970453876,7105.8154687538
167.371420988247,86.8549190902179,7105.81579073817
174.199624202809,316.872722505579,7105.81612158193
180.110047764617,1035.0956758387,7105.81640795693
195.27179334116,890.868490088792,7105.81714258193
205.363822133303,922.043330575661,7105.8176315663
219.147930781696,2721.64824011156,7105.8182994413
247.104092206631,259.20918189648,7105.81965398818
352.201275238814,64.5480960348443,7105.82472736318
358.239723540439,113.033221671444,7105.8250199413
5.07598875507157,148.013365453004,7105.82535117568
11.2785797054935,169.549832507165,7105.82565170693
16.4221444225507,1314.07096315428,7105.82590092567
30.7189971463895,46.1540979046493,7105.82659364442
32.3546185272926,390.982302089782,7105.82667289443
46.4921658849681,480.185780027398,7105.82735789443
63.2927575973919,462.649002441751,7105.82817192568
69.0000183669918,1934.4674750954,7105.82844845692
167.297572384532,36.2336896597704,7105.83321122255
183.662492896854,1076.6638691706,7105.83400414443
194.690037756924,579.22028284807,7105.83453845692
208.638933982584,838.007774284222,7105.8352143163
215.884104533057,1633.87237073209,7105.83556536318
243.993766705128,1293.78241453537,7105.83692734755
341.448356564216,26.9828291654672,7105.84164926943
353.375622216403,67.9168249417827,7105.84222717568
358.547242804829,195.202604080791,7105.8424777538
4.55086320458069,217.423745674239,7105.84276864443
12.0417638911151,322.980558964403,7105.84313159755
14.8595989625657,409.937417344963,7105.8432681288
20.5084907585523,32.4735516255004,7105.84354183193
24.6949332339802,584.901571620833,7105.84374467567
31.651806191913,1853.19326551081,7105.8440817538
51.7365398737641,452.132886685774,7105.84505491005
60.9949564395507,1371.38689293437,7105.8455035038
169.364867973567,33.4356778375344,7105.85075430068
175.466522456356,60.7234540428436,7105.8510499413
178.032177731621,185.833667898372,7105.8511742538
188.328014281986,862.056814820988,7105.85167311318
202.689363081471,504.309094484512,7105.85236895692
207.776816281042,1402.59814873644,7105.85261545693
230.368191260992,1985.99692247114,7105.8537100663
354.676058998229,146.866435679627,7105.85973309755
359.960547812891,81.4978917684783,7105.85998914443
5.63943026565807,103.669177409227,7105.86026430067
9.91391000109843,572.958236411125,7105.86047141005
14.9723399178237,39.9632792136284,7105.8607165038
18.1619950797406,396.517596534807,7105.86087105068
25.544219819119,1719.92364794704,7105.86122873818
41.3815621503383,307.972036761583,7105.86199609755
50.1185276745961,267.344896220933,7105.86241942568
59.1305691383088,1613.13329360979,7105.86285608193
174.634312270856,45.4102519475974,7105.8684218788
178.389920753734,216.210521708504,7105.86860384755
187.760560542202,231.811334017173,7105.8690578788
193.39397330406,125.104843151647,7105.86933083193
200.810381054382,1487.47791861581,7105.86969017568
215.194948442602,1155.32217126457,7105.87038714442
233.149053083276,1604.16302463773,7105.8712570663
351.243688081056,93.9724548176812,7105.87697905067
358.710402804921,77.2366684498316,7105.87734083193
7.3245032799188,173.926026358906,7105.87775820693
14.0159746759564,1271.28019222766,7105.87808242568
28.6433699658076,59.1958218554289,7105.87879116005
30.9181478220259,350.43512536248,7105.8789013788
45.072786591319,1641.21560786157,7105.87958720693
56.6195251869571,500.118946256123,7105.88014667568
178.460416735519,28.5888222817388,7105.88605017568
181.529464116595,144.545320157619,7105.8861988788
196.129771059179,263.094324104429,7105.88690630068
203.076324635998,94.2718889063165,7105.8872428788
205.278221820868,1362.59026284336,7105.8873495663
224.710254853771,1371.38689293437,7105.88829109755
239.961327509726,103.124023209666,7105.88903005068
260.784541644411,476.730044329798,7105.89003898818
348.07712434952,27.5001202365566,7105.89426853505
353.61830764737,96.7796884299155,7105.89453701943
356.868911609407,154.229878868151,7105.89469451943
8.0693060843566,333.061772606058,7105.89523720693
12.3860307932693,194.044127987958,7105.89544636318
19.9201438647528,1326.82054232447,7105.89581141005
34.5794647469629,250.959503178549,7105.8965216913
40.1022666260864,94.7688455488205,7105.89678928505
46.6924791465678,798.324684136986,7105.89710859755
67.2709305566686,2364.14821053188,7105.89810567568
164.767120385675,47.9265412078878,7105.90282961318
171.169326740154,114.765315306631,7105.9031398163
183.844747260276,1098.77429377292,7105.90375397255
194.167349712443,209.3225037747,7105.9042541288
201.969766617793,1026.34578613703,7105.90463217568
214.331736058605,1898.07125572372,7105.90523114443
239.931209581967,1765.46499641717,7105.9064715038
352.366439471728,45.1509107879389,7105.91190248818
354.526091720668,111.527155566282,7105.9120071288
4.84966158431065,950.301948243748,7105.91250733193
10.7807238332622,125.629395775206,7105.91279470692
15.7682080517594,145.710499221963,7105.91303636318
19.9388490100526,30.5737136996331,7105.9132384413
24.1746310850882,548.56569287054,7105.91344367568
33.4301453413609,1432.29050841853,7105.9138921288
47.5783345256144,999.636595722109,7105.91457764443
70.4792908263437,2178.86442221982,7105.9156872538
166.860665425046,70.8283709460744,7105.92035717568
171.747535658916,183.902615358278,7105.92059395693
181.081090239552,221.871895855763,7105.9210461913
187.09567498643,1402.59814873644,7105.92133761318
201.721780344257,530.456178982064,7105.92204628505
206.138151513695,1089.43221110991,7105.92226026943
224.584039022123,2306.47723142852,7105.92315401943
358.233523377609,35.1479123583687,7105.92962967568
1.77693965673159,92.6130144796034,7105.92980136318
4.93337929426506,199.957397861716,7105.92995430068
17.8238943276569,292.193658157913,7105.9305788788
21.243800591507,1440.66181206881,7105.93074458193
35.3852177077145,42.6911145323672,7105.93142976943
36.8937817227362,1181.05636381927,7105.93150286318
62.8544334724456,214.815595867002,7105.93276072255
70.4939976985652,1743.53298465491,7105.9331308788
162.009463271089,28.1959004755361,7105.93756503505
176.295674130808,205.335040637245,7105.93825723818
178.830048779728,160.43973094515,7105.93838003505
185.814010047385,346.336348489018,7105.93871842568
193.850225367737,482.060280582175,7105.93910780068
197.614863299703,952.198098147505,7105.93929020692
211.487009170567,1433.96872154256,7105.93996234755
235.99746591641,814.725231723656,7105.9411499413
247.192700700802,1584.55337739838,7105.9416923788
346.215513443007,93.8724306620564,7105.94649028505
351.857633170948,115.743442608007,7105.94676366005
356.483616680092,147.249740178879,7105.94698780068
2.5414138494612,482.994866324304,7105.9472813163
5.75815732110318,258.773918959676,7105.94743717568
15.1880170169157,103.940682449899,7105.94786247255
18.1235574846112,83.7716285229106,7105.94800470693
23.1181362166187,1960.40139677223,7105.94824670692
40.0319186382846,576.09772508016,7105.94906622255
48.6279602151048,955.350021314416,7105.94948272255
63.6000872481559,249.00531636618,7105.95020816005
86.8354558358882,199.015526280988,7105.95133397255
170.503357182534,40.051333777269,7105.95538789443
176.202555952063,115.173877379693,7105.95566403505
182.940142080105,116.713375075683,7105.95599048818
189.998273913594,323.445603633843,7105.95633247255
196.360492675644,384.391157792763,7105.95664073818
202.40539059985,76.8097668801815,7105.9569336288
204.443790177018,344.377776295701,7105.95703239443
218.082137632881,1742.1530884576,7105.95769320693
241.000830348782,370.857594633733,7105.95880367568
260.515095872503,1524.21131272007,7105.9597491913
342.428380585059,159.382257391982,7105.96371809755
347.718673981207,82.471890427982,7105.96397442567
355.92999625994,1033.35151546702,7105.96437228505
6.19971191205531,97.6975098043731,7105.9648698788
12.8924732401175,1002.63941593681,7105.96519416005
23.746846077384,345.68473084029,7105.96572008193
31.3483576091113,1505.95669268228,7105.96608839443
50.1392992686621,90.3538216467936,7105.96699886317
56.3215739398632,2000.47578502449,7105.96729841005
175.102125073433,33.4532297696644,7105.9730536288
176.612946469498,157.126464617185,7105.97312683193
182.009336023835,146.866435679627,7105.97338830068
191.051690627334,141.524042485131,7105.97382642568
195.719274106397,715.725367861353,7105.97405258193
203.150193441829,1337.65187815271,7105.9744126288
220.286487410822,1467.94787436733,7105.97524292568
242.28256330396,289.610141424035,7105.9763086913
257.990590888255,1931.97946529722,7105.97706978505
342.309902989366,84.552989609854,7105.98115526943
346.588574891261,79.6911286959912,7105.98136258192
357.966656188641,462.649002441751,7105.9819138788
2.17825215084009,177.983780491608,7105.9821179413
9.90714353145512,1459.73322318582,7105.98249242568
24.6812675003965,59.3147267413663,7105.98320826943
30.1108725415759,630.416219227214,7105.98347134755
41.6605134467277,465.240901359465,7105.98403095693
45.1191173709824,636.112829077717,7105.98419853505
63.292186320999,2247.32699116714,7105.9850790663
176.961008764815,45.6166632245569,7105.99056305067
182.440275851066,414.314083041489,7105.99082853505
188.860541103723,126.226210039881,7105.99113961318
193.369786665641,178.300194053627,7105.99135809755
199.792954265353,1424.7145685431,7105.9916693163
217.014383109761,1362.59026284336,7105.99250373818
238.042372376602,376.489173170569,7105.99352259755
251.603001991108,1881.52737834457,7105.99417964443
343.700222439269,26.3665009964109,7105.99864198818
346.91632098244,122.907864441579,7105.9987978163
352.071172567171,124.653481980985,7105.99904758192
3.4486088985386,1088.32787226731,7105.99959884755
15.2965443318795,300.561880939298,7106.00017291005
25.6459126107645,1617.59972083786,7106.00067436317
45.4446060435769,88.4093770414651,7106.00163366005
51.8610015377015,474.200956279702,7106.00194455068
60.5470151974877,163.341229431069,7106.00236541005
76.276004064557,2227.98091087384,7106.00312751943
169.430960701433,126.077273621128,7106.00764111318
177.625191455923,45.9501048322153,7106.00803814442
182.062523870594,210.396880473418,7106.00825314443
187.949083840114,1246.44428112219,7106.00853836318
204.134705152517,1005.03516620165,7106.00932259755
215.447000404684,147.249740178879,7106.00987070693
219.041046102813,1710.10750005252,7106.01004484755
244.757257648486,1520.26158328766,7106.01129086318
343.582067326582,34.0275030374926,7106.01607917568
358.701245446645,225.567203804289,7106.01681173817
4.28757606502227,253.047138798479,7106.01708241005
7.73102336307137,171.423361616796,7106.0172492538
14.8484916191918,385.172421735192,7106.01759411318
19.297755754924,1416.24911798033,7106.0178096913
37.2125177691808,1423.87024393287,7106.01867770692
51.7731596023422,80.7451397411008,7106.01938320693
64.7507444091863,2477.40472580915,7106.0200120038
165.211820434197,35.6455490124752,7106.02487959755
171.966498048941,736.427363534631,7106.0252068788
184.440690674892,859.961823973521,7106.02581128505
193.702009625276,245.509806928723,7106.02626001943
204.410943753018,1913.21580800263,7106.02677889443
223.609823336933,169.328037702421,7106.0277091288
226.605667638737,1560.85055991184,7106.02785428505
245.918705380912,1449.81415761691,7106.02879005068
348.351676249397,90.1456270741008,7106.0337318163
350.817362581132,36.8761791935679,7106.03385128505
354.017014603614,252.749959850362,7106.0340063163
4.95813469378543,957.236179210952,7106.0345364413
13.328439893217,883.413397989585,7106.0349420038
29.9226440584545,1538.34656124729,7106.03574603505
57.8591341701808,1673.14317955913,7106.0370996288
170.681534594908,53.3088538590132,7106.04256616005
181.259541635778,229.366858839342,7106.0430786913
185.897134420519,912.209696668498,7106.04330339442
203.759009634725,975.897584964969,7106.04416884755
223.672506154269,1712.91780759475,7106.04513370693
263.990959427938,1401.74050144992,7106.04708723817
344.132213499156,105.198440236709,7106.05097028505
350.521198200549,51.6530290761708,7106.05127984755
355.917265234339,274.28284643527,7106.05154130068
358.269760856831,170.103015006973,7106.05165528505
11.508554908949,225.066881798242,7106.05229673818
17.3464203199564,1541.47017372708,7106.05257959755
28.1882163950664,28.547716274252,7106.05310491005
36.7052501985047,1313.15569529278,7106.05351758192
58.9960733443058,999.636595722109,7106.0545976288
77.2510523772179,365.550617553723,7106.0554821288
174.648240636627,59.3147267413663,7106.06020126943
182.785069866523,175.966602400379,7106.06059551942
189.722593994253,934.350707915144,7106.06093166005
197.888446469452,129.60459094824,7106.0613273163
207.825039691506,958.491508384895,7106.06180876943
227.220632407506,1964.07845542979,7106.06274853505
248.468230949702,168.549521561978,7106.06377803505
344.984724876815,24.1341772955206,7106.0684545038
357.601453902776,167.767383318917,7106.0690658163
3.14811941172994,92.8662632904143,7106.0693345663
6.95371238514422,186.338514063245,7106.06951895693
15.1266594113951,1125.801785129,7106.06991495692
26.7191902560315,978.973124787785,7106.07047664443
42.2374784267126,915.499287490462,7106.07118866005
64.4509061766209,258.337878866755,7106.07226495693
85.3605450812049,3724.51092189863,7106.07327808193
166.456986533557,137.824751611504,7106.07720741005
169.371565756019,763.681895499246,7106.0773486288
177.154311348162,1104.77704762246,7106.07772572255
192.783653754706,726.977644749383,7106.0784830038
204.115620244997,1583.0348143453,7106.0790320663
219.576305315741,2626.31139058556,7106.07978117568
263.682937630659,915.499287490462,7106.0819182538
333.461601694823,25.298216646541,7106.08529920693
347.193468471636,145.96816810819,7106.08596455068
351.119991671357,87.715952556966,7106.08615480068
355.895606131563,23.140571056568,7106.0863861913
4.66288487069113,969.096802805325,7106.08681098818
14.7784548096587,212.706074975699,7106.08730111318
23.1094173075899,838.72497835813,7106.08770476942
32.8789656088748,1298.42125939916,7106.0881781288
67.7033178032593,2700.35727112372,7106.08986545693
164.891538688975,49.1363824628444,7106.09457447255
177.925880091943,165.625832493355,7106.09520601943
181.37351963153,869.694982696956,7106.0953730663
194.432369517716,253.047138798479,7106.09600580067
202.609508860589,73.6248700894393,7106.0964020038
205.247722286655,1385.34539395607,7106.09652983193
222.606850285981,2353.95325454135,7106.09737092568
3.18224941851822,47.6069426935677,7106.10418216005
6.60505799188204,184.616391618597,7106.1043480038
14.751239191414,963.496726846813,7106.10474270693
31.5760169415908,199.392807820331,7106.10555791005
36.7024902470305,1263.69037456442,7106.10580630067
64.159774253159,2329.30386090402,7106.10713667568
166.364156215006,54.3127071095384,7106.1120655663
175.694486003123,197.499197551743,7106.11251764443
182.163445814291,230.184565852554,7106.11283108193
191.430569383702,1397.44482652304,7106.11328009755
208.295012280844,672.4121814905,7106.11409722255
214.273479193825,1421.33438352232,7106.11438689443
238.548847630184,2866.2596740503,7106.11556309755
346.985190137884,34.4732228874101,7106.12081711318
352.889486522575,96.4393356839288,7106.1211031913
355.634118477213,266.922900449273,7106.12123617568
6.15053175195015,202.014044381471,7106.12174572255
13.994548664761,1816.49284503038,7106.12212578505
29.9541110792279,1087.77531426796,7106.1228990663
46.6773074708423,894.908702697705,7106.12370934755
69.3844529490002,221.70244806663,7106.1248095663
173.259953026757,39.3114985008935,7106.12984259755
179.040094467705,42.7460948582148,7106.13012266005
183.213637773054,75.5767878835023,7106.1303248788
189.78708128984,291.420998443925,7106.1306433788
199.371203214088,939.484601225615,7106.1311077538
215.637444677363,1117.22409101844,7106.13189589442
233.059778895395,135.140260093536,7106.13274005067
236.942444744154,1257.96795202859,7106.13292817568
269.681960183901,1602.66311333146,7106.13451448818
339.906937274744,118.15334821641,7106.1379170663
345.445863229092,39.8455643479956,7106.1381854413
353.192491024878,219.487927832773,7106.13856078505
359.585990413274,327.142257727786,7106.1388705663
3.71245150005848,1375.76416925356,7106.1390705038
19.2179613707822,62.5899609918434,7106.13982178505
23.975839415817,1294.71144916238,7106.1400523163
44.4598039808658,2467.67806189041,7106.1410448163
77.9229657677893,251.258791550413,7106.1426661913
174.983484359153,44.8900708271971,7106.14736901943
188.962693762142,773.071773263467,7106.14804634755
194.363598041024,706.84980091329,7106.14830803505
205.051570923533,223.39100014257,7106.14882589443
226.010226832094,1554.67505535967,7106.14984139442
240.260642416005,2181.07087945896,7106.15053186318
353.3290608933,105.198440236709,7106.15599608193
355.955020002675,135.209760054877,7106.1561233163
8.76813971525725,1087.22242320169,7106.15674414443
17.0929751486967,1203.24716856857,7106.1571475038
28.4020455708019,254.380155828571,7106.15769545693
44.5086591098233,2327.2381799444,7106.15847586317
64.4869742255616,302.803976337529,7106.15944386318
85.7232859000842,1830.99857498092,7106.1604728163
167.337308597891,202.014044381471,7106.16442722255
169.886194907004,61.0320891047955,7106.16455072255
172.35155871819,102.117023170756,7106.16467017568
182.520660385679,875.208128192639,7106.16516289443
191.003833736263,1417.94620489577,7106.16557392567
205.562218225923,939.484601225615,7106.1662793163
220.703002557233,1972.63116952229,7106.16701292568
245.496919688065,1738.00662750523,7106.1682142538
273.475977218728,329.203386773003,7106.16956991005
333.809830891051,23.7787931706146,7106.17249323818
347.965114663898,115.905667008587,7106.17317909755
353.05063292789,189.140758610762,7106.1734255038
358.166786889757,187.143425756098,7106.17367339443
5.62737439896384,1115.06937017225,7106.1740348788
18.1173686171334,1190.18439548313,7106.17464005068
35.7167446540419,40.1684414896852,7106.17549278505
38.9367129557452,1829.68462603128,7106.17564880068
72.1918747804519,1027.5166273388,7106.17726009755
74.0242092558984,40.9788418476165,7106.1773488788
177.00740568822,47.0112108963416,7106.18233867568
188.301642004668,853.646264786789,7106.18288591005
203.120590773589,243.203041039308,7106.18360392568
206.398283082893,1326.82054232447,7106.18376273818
232.188987564778,1313.15569529278,7106.18501236318
244.912135194394,1724.11362964198,7106.18562883192
340.42410225339,29.8939970000411,7106.1902566288
349.740242826778,115.499686204057,7106.19070801943
356.16437791305,177.878184404179,7106.19101928505
2.57335637311645,954.720413837151,7106.1913298163
14.671214221599,1284.45443170477,7106.19191598818
26.2295620928334,85.272136574055,7106.19247601943
38.9381980997981,1878.96920245123,7106.19309178505
55.0251404006943,1103.14313239712,7106.19387123818
169.195337690535,31.7420742468322,7106.19936651943
182.98267116899,165.512339944662,7106.20003455068
188.027879357546,651.983134147827,7106.2002790038
203.107392368187,883.413397989585,7106.20100964442
209.876259160117,1388.81317557349,7106.20133761318
227.642035151783,1002.63941593681,7106.20219841005
358.279551205324,35.2812987158835,7106.2085281288
0.706862284576451,92.8662632904143,7106.20864573818
10.767933008463,177.561007563831,7106.20913322255
18.842523506213,182.980783303144,7106.20952445693
23.0121970530294,1286.32549056817,7106.20972648818
41.4471201767901,1087.22242320169,7106.21061970693
62.0623343117171,2069.02917021523,7106.2116185663
173.387457589096,34.7784509524551,7106.21701255067
176.386526758503,613.008699357209,7106.21715786318
187.101910471285,266.641153601199,7106.21767705068
199.761206953726,1433.96872154256,7106.21829042568
208.080560213602,1174.93148543701,7106.21869351943
226.158497390096,1165.6839937757,7106.2195694413
250.168464339643,2384.40689415143,7106.22073278505
342.741343580334,62.0245452220836,7106.22521817568
349.798507964805,192.391005904291,7106.22556011318
359.831522854865,108.625414219077,7106.22604623818
2.45328972270071,1086.11575289075,7106.22617326943
21.2890561822313,1213.19987389512,7106.22708591005
28.3687941894241,404.771466344656,7106.2274289413
34.9570718494103,67.674324477629,7106.22774816005
42.3473586264007,2808.62377799451,7106.22810623818
186.617253656743,751.77963854145,7106.23507341005
200.991501738932,145.839396115122,7106.2357698788
207.834216501063,1509.94383663061,7106.23610142567
225.493573926615,996.021265464719,7106.2369570663
235.723946952314,2052.69157227406,7106.2374527538
349.897218478472,49.8010625793466,7106.24298473818
353.815357157574,94.3216962867588,7106.24317458193
358.952794772598,130.327443281786,7106.2434235038
5.61556544387965,980.813985584916,7106.24374633193
12.836872402064,29.835012932411,7106.24409622255
25.9869843032402,1220.11822867307,7106.2447333788
39.190305487473,2323.10082282083,7106.24537311318
186.343340453418,175.966602400379,7106.25250305068
191.886136128756,100.540901992741,7106.25277161318
197.028410988872,35.8754137508299,7106.25302076943
200.01264601508,1009.80968031905,7106.25316536318
207.952117146878,875.894856644521,7106.25355005067
229.649253583356,1018.11126196338,7106.25460133193
243.148289431729,1408.58680275358,7106.25525539443
345.205321653136,28.6298675739038,7106.2602003163
347.301122792441,58.8775625476323,7106.26030186318
358.558918829527,255.853116470917,7106.26084733193
3.92757503304381,180.603643151755,7106.26110745693
7.97535086699375,21.3180341435137,7106.26130358192
10.412336398889,223.727175674426,7106.26142166005
17.0822016587644,1169.80314324167,7106.26174483193
30.9227444202754,1139.60285652581,7106.2624154413
57.2735976416351,1925.74511892474,7106.26369220693
81.1513474972024,831.525459599192,7106.26484914443
167.810255975643,116.874246391951,7106.26904798818
179.192529477019,304.783087656801,7106.26959948818
184.187430729575,275.240247260555,7106.2698415038
194.428768064857,847.283576632663,7106.27033772255
204.418893015432,1517.88681623799,7106.27082176943
216.667026818531,265.369753948974,7106.27141522255
228.685554448167,1710.10750005252,7106.27199755068
259.041293639075,1837.55433091903,7106.27346836318
343.455127808717,36.2660838859608,7106.27755145693
347.994041581951,113.861309269936,7106.2777713788
355.436892675985,161.140850662989,7106.2781320038
358.888402011646,166.981581339876,7106.27829923818
5.57213389061968,334.188121620116,7106.27862308193
11.1062225998752,145.193801426302,7106.27889122255
13.4719399505362,1448.98448795061,7106.27900584755
28.319911964761,1514.71457598973,7106.27972526943
51.5855937298214,470.701255750328,7106.28085255068
55.766231586222,354.486551223943,7106.28105511318
75.8196846417266,2287.63163967471,7106.2820267538
167.760502033238,57.5053130114078,7106.28648151943
171.730560063372,109.056985664324,7106.2866738788
174.976326817859,335.534766637835,7106.28683114443
185.343431549458,198.069172174797,7106.28733345692
194.554443526298,1419.64140443207,7106.2877797538
207.216964801258,112.783601902144,7106.28839328505
215.843964521419,1630.92572780243,7106.28881128505
242.637583569015,868.311145207912,7106.2901095038
269.386377779089,2277.09406885879,7106.29140555068
341.494641284934,111.779571709825,7106.2948993788
345.573375337308,133.250091516324,7106.2950970038
352.981076008922,211.288014861921,7106.29545592567
359.09433984239,1142.76399454383,7106.2957521288
10.3221451851538,937.562694147687,7106.29629614443
25.3607031918886,32.4373722326854,7106.29702480068
29.2807767314861,1855.78707956324,7106.29721473818
41.9258841118226,1587.58595159014,7106.29782742568
179.448682346431,45.1769108233968,7106.3044907538
185.931186368775,171.532940629326,7106.30480484755
191.583302994823,268.467026387498,7106.30507870693
200.063574073435,154.59490632086,7106.30548959755
205.365476745179,1434.80705094845,7106.30574648817
221.936139876218,1157.4019520566,7106.3065493788
235.954369385076,776.176511951832,7106.30722859755
347.619064715098,37.7573076970616,7106.31263903505
358.586950707071,89.1500970268133,7106.31317045693
2.62666457849202,167.655361815733,7106.3133661913
9.63255454040123,42.7735555308395,7106.31370564443
10.9566596649465,259.933047308536,7106.31376980068
18.551399128628,890.868490088792,7106.31413778505
31.1471669468984,1140.65756839921,7106.31474808193
49.240905640527,1581.51491902458,7106.31562476942
174.372787450245,27.30728490552,7106.32167266005
180.032643593358,161.606575344031,7106.32194689443
189.666105079672,139.921838004931,7106.32241366005
195.192131788857,1276.94277374246,7106.32268141005
204.409593388279,187.744861324113,7106.32312801943
217.737392036802,906.921426846452,7106.32377378505
230.372825002038,46.382522822519,7106.3243860038
233.817562232111,1732.46283985407,7106.32455291005
357.399848761678,51.1044852269382,7106.33054078505
359.710421931245,181.64100779039,7106.33065273818
6.32965769703009,142.186304397107,7106.33097345693
12.9256748740805,1099.86819651908,7106.33129305068
22.9296665188367,252.749959850362,7106.33177776943
29.5698635673963,945.862721479784,7106.3320995038
42.9663505331048,110.851224033315,7106.33274859755
46.7235714310132,113.943791901772,7106.33293064442
64.3258498149768,2343.71433371905,7106.33378351943
171.651891816918,219.659068712019,7106.33898373818
185.371504352122,1323.19033507855,7106.33964848818
201.490372207836,147.886355938986,7106.34042948818
209.49046969429,1433.12983702515,7106.34081711318
227.401684395479,1521.84276291933,7106.34168495692
256.592623903089,1815.1682379397,7106.34309933193
348.796262917363,220.512788584593,7106.34756683193
357.735423747269,155.080295827226,7106.34799995692
0.640651075177807,195.29883266145,7106.34814072255
9.14801046351499,68.6049550502332,7106.34855292568
14.1938636556253,1397.44482652304,7106.34879741005
25.8870084473473,1320.46118483942,7106.34936397255
50.5280697595143,968.476188134559,7106.35055789443
66.6137220908443,2088.69610496265,7106.35133728505
165.226017082178,32.1281785897742,7106.35611530067
175.304501813314,216.557854981758,7106.3566036288
184.670626877238,280.915873895893,7106.3570574413
190.431741933448,1176.97662727068,7106.35733658193
198.191268936856,683.497813902534,7106.35771255068
217.365566953293,1320.46118483942,7106.3586406913
228.367313435662,1881.52737834457,7106.3591737538
357.16636783664,89.0446605339434,7106.36541439443
2.56404728546036,167.094060810058,7106.36567592568
6.1780868173463,120.437090855852,7106.36585103505
16.1256443865262,347.203293893372,7106.36633301943
19.9625179487454,63.8162370170114,7106.36651892568
22.3159810577977,1325.00665994684,7106.36663295693
46.2333960227882,1817.81634189804,7106.3677918163
72.0605408215763,505.797181915568,7106.36904320693
170.595763012649,61.4539322207897,7106.37381748818
176.620022137086,111.947541514557,7106.3741093788
187.103864890994,267.063621217645,7106.37461734755
192.64537067185,176.606090862563,7106.37488584755
196.664445743502,1196.23111416445,7106.37508058193
215.923306753602,807.311772987873,7106.37601372255
224.138821236331,1310.40556183848,7106.37641178505
1.0163358935916,120.437090855852,7106.38304384755
3.34787027085069,78.9211473950502,7106.3831568163
12.487291583451,171.861233577708,7106.38359964443
18.5734669945692,976.513425676728,7106.38389453505
25.0485539453132,306.013547834993,7106.38420826942
33.2479444279018,47.9265412078878,7106.38460555067
38.9690718916827,1360.82412005578,7106.3848827538
68.1464671881176,314.491988007148,7106.38629647255
81.7106441156909,974.66457127382,7106.3869536913
164.586855651362,72.142555818111,7106.3909692538
174.439603930025,169.992520060447,7106.39144664443
179.490294329686,181.64100779039,7106.39169136318
187.79255606532,234.711083901828,7106.3920936288
190.806781823391,908.246422515191,7106.39223967568
210.701574403662,109.056985664324,7106.3932036288
212.824463890233,1251.25876326848,7106.39330648818
233.037544757366,2153.3277383412,7106.39428586317
351.465084865824,104.481569229709,7106.40002276943
357.412916156012,94.4212485975982,7106.40031095693
8.21988436679097,1183.09084751189,7106.40083458193
21.3916024416709,175.752926101502,7106.40147278505
25.5374124337405,957.86412135368,7106.40167366005
43.342853534829,622.739582123444,7106.4025363788
55.4613501455384,155.443338756278,7106.40312355068
61.6039597073163,2979.80240482332,7106.40342117568
171.652704969644,234.711083901828,7106.4087533163
181.878240712708,240.249348193444,7106.40924876943
185.075312871142,229.530630613262,7106.40940367567
191.272099164995,1436.48226647031,7106.40970392568
211.493564552745,802.830746327032,7106.41068370692
218.231795684341,1302.12052251721,7106.4110101913
247.613321146919,3190.2849251253,7106.41243380068
342.289096040425,31.4447183569211,7106.41702108192
344.384252176176,58.9572904385882,7106.41712259755
349.866099088935,268.467026387498,7106.41738820693
358.854276997901,258.192384139377,7106.41782370693
4.37933625806778,1318.63853169989,7106.41809141005
20.2276429364128,1354.62430161937,7106.41885930068
35.5757822639268,357.44243676028,7106.41960295693
41.6361592222613,98.3683204336394,7106.41989659755
50.955847146258,2646.3806701571,7106.42034816005
172.612924807898,38.5574697170377,7106.4262427538
179.801016279241,137.346786721615,7106.42659103505
189.927228044786,157.006838086282,7106.42708167568
192.301974806994,162.880459120274,7106.42719673818
202.853538429069,1635.34352726202,7106.42770798818
225.219176994089,834.412650085881,7106.42879166005
233.499187627548,1164.65193045201,7106.42919284755
351.793115621462,51.7892603801862,7106.43492448818
358.414286322826,134.792232930891,7106.43524530068
10.2244915072386,471.658323508706,7106.43581753505
15.5099477333771,1059.21094117889,7106.4360736288
28.2224535364155,409.203393392232,7106.43668958193
43.295516924475,1433.12983702515,7106.43741991005
58.1779943575663,1750.41625638528,7106.4381410038
174.476530458574,48.680184883132,7106.44376811317
179.66459760523,188.344354001835,7106.44401948818
192.164588683965,712.779113509754,7106.44462514443
203.837739641931,1549.25139383977,7106.44519073818
219.442573490174,1493.12606723129,7106.44594683193
243.662152779428,180.082726508601,7106.44712033193
356.979560864429,97.4568134526343,7106.45261084755
1.02217708290512,54.009161726265,7106.45280672255
4.48981041870709,78.8616116853547,7106.45297473817
13.8527107651946,816.936185366046,7106.45342839443
22.1498128102717,211.465789323739,7106.45383041005
30.497221903975,288.570223272444,7106.45423486318
36.1499834584938,1139.60285652581,7106.4545087538
51.9934528917465,1973.84997235872,7106.45527641005
97.9646677950176,68.0204920167071,7106.45750383193
173.389966311667,61.7589174245481,7106.4611583788
181.06177857561,243.511877329183,7106.46153009755
185.609399277385,184.106840883658,7106.4617504413
195.562116537121,271.113437255721,7106.46223267568
200.996236265304,64.0733438528329,7106.46249597255
202.701513449952,1133.25393513719,7106.46257859755
213.194063094859,1858.37711885739,7106.46308698817
242.07187393108,912.209696668498,7106.4644861913
340.195933405269,22.6014484905335,7106.46924055068
356.595681819465,169.217057033322,7106.47003516005
0.785994090966771,89.9891758332494,7106.4702381913
4.00434997763936,172.406991461038,7106.4703941288
14.0396222487423,925.298004883501,7106.47088036318
23.9910495764542,890.868490088792,7106.47136253505
37.6393938553411,407.362615861828,7106.47202383192
48.803993016941,92.6130144796034,7106.47256478505
59.2920279748456,2347.81527552741,7106.47307295693
170.553945108602,160.205335109076,7106.4784638788
176.085131470802,60.335438034631,7106.4787318788
184.183585560841,1242.57937272887,7106.47912426943
201.016747794094,1080.56585901295,7106.4799398788
213.023343665128,1884.08200152423,7106.4805216288
248.724724556761,1938.19360561065,7106.48222720693
345.531128453903,82.0149781421975,7106.48691772255
358.396812521071,910.890474159487,7106.48754109755
6.16827132062265,65.73785960029,7106.48791764443
9.76070464126317,99.6021251586932,7106.48809170693
14.6446725656194,94.0224217926833,7106.48832834755
22.1017128368413,1564.69792678138,7106.48868966005
35.9686990171483,224.899848744187,7106.48936155068
44.9488148885019,892.890872350449,7106.48979666005
69.9113893551342,2144.37401169221,7106.49100616005
167.029309508634,27.7551506083773,7106.49571176943
180.345821327026,166.869032480754,7106.49635698817
186.905398224714,1162.58513926937,7106.4966748163
199.347342850384,874.520900140396,7106.49727766005
212.888946080152,1544.58734691332,7106.49793378505
236.091744222138,1311.32293912373,7106.49905801943
356.869417408423,81.3825326573259,7106.5049100038
1.43832183843669,149.654497128004,7106.5051313788
8.27297463803827,83.4907906699378,7106.50546253505
13.7651408943692,927.245336068694,7106.50572864443
20.8481036940817,784.267872866451,7106.50607183193
35.573533104511,206.430164628735,7106.5067853163
41.6584185836047,208.60316252147,7106.50708014443
55.1116622205206,2479.3453956562,7106.50773198818
175.074427044638,178.826314867209,7106.51354448818
184.128713481823,217.077786301978,7106.5139831913
187.489605768506,1036.25674707786,7106.51414603505
204.920001986608,201.827943246968,7106.51499058193
207.679790567452,1453.95528949877,7106.51512430068
220.616420295306,2040.94163791524,7106.51575111317
244.797946890167,193.267943315867,7106.51692276943
348.416752447195,27.9238750178212,7106.52194336318
352.670593382866,57.2187054681539,7106.52214947255
357.439601455833,76.8708985354749,7106.52237909755
5.95115308570881,120.670876069262,7106.5227915038
11.361731779692,247.339704273486,7106.52305366005
16.3037461571135,1047.22275295899,7106.52329311317
31.0640034318737,1290.05928162229,7106.52400828505
48.7862446306671,824.26310221706,7106.52486697255
61.0292187056672,1371.38689293437,7106.52546017568
172.238571484838,54.4854057704658,7106.53084855068
177.685590495725,144.545320157619,7106.53111247255
184.209372004981,875.894856644521,7106.5314285663
197.650683845752,854.350257206704,7106.53207983193
208.018756026369,1446.49270339414,7106.5325821913
225.916426591466,322.514820405573,7106.5334493788
243.456466205743,1443.1635886325,7106.53429923818
356.994128569653,84.940977862491,7106.53980042568
359.311151324261,238.522618323245,7106.5399126913
4.85201213910361,37.0350590472857,7106.54018116005
11.9411020783912,1263.69037456442,7106.54052464443
26.6462152095997,305.275860146281,7106.54123714443
36.060067420559,47.7547133781453,7106.54169326943
42.5219326806759,1273.17045794939,7106.54200636318
58.1964222951223,1526.57619878482,7106.54276583192
177.312030719249,131.832503247331,7106.54853728505
191.078080469465,135.140260093536,7106.54920428505
193.752411729428,1272.22565815543,7106.54933386318
211.863564392764,1009.80968031905,7106.55021139443
226.153322565551,1617.59972083786,7106.55090376943
243.452469213775,269.723854362525,7106.55174195693
356.036234091034,127.926558235458,7106.55719692568
3.4503844227708,77.1149394340753,7106.55755616005
5.44718403002078,147.759263158243,7106.55765291005
12.6897746789029,1109.12223849624,7106.55800383193
25.4622618330436,248.703307947906,7106.5586226913
29.5648594026224,305.521941079689,7106.55882147255
39.1638154700702,100.353843290879,7106.5592865663
42.8891108131615,189.933790917252,7106.5594670663
55.3333127823328,2876.31096718144,7106.56007001943
172.294259236567,35.8426656410504,7106.5657436288
177.457495304374,328.974986141262,7106.56599380068
186.189946141629,187.844906296419,7106.56641691005
191.826261213001,1087.22242320169,7106.5666900038
203.169192050419,1469.58523128404,7106.56723959755
225.76701665295,1552.35302390366,7106.56833451942
248.925957443975,2510.19383057383,7106.5694566288
344.857471627847,20.6606433350576,7106.5741047538
348.483442918336,78.3836606732535,7106.5742804413
352.59700483504,294.75458185324,7106.5744797538
3.20951725723576,1343.92985629006,7106.57499395693
12.4363307887528,68.5707116088174,7106.57544101943
17.4241374527145,866.231419927033,7106.5756826913
30.2698277236681,857.861837122442,7106.57630509755
47.7714921605462,28.7934693449232,7106.57715309755
50.2236342435638,1948.09501863347,7106.57727191005
181.603822991478,44.0716560468069,7106.58363761318
185.088547813981,215.514203705247,7106.58380645693
196.308936085145,198.448243948768,7106.58435011317
204.226478597775,1502.75925037135,7106.58473373818
227.015534158828,128.8047862813,7106.58583792568
234.469349599989,1722.71807930002,7106.58619908193
347.902205737733,25.3445927439477,7106.5916951913
354.951630567598,170.43405575734,7106.5920367538
6.25618630270004,157.961296820552,7106.59258448818
8.33876567629448,139.113803809821,7106.59268539443
15.7761346343079,1411.99740788522,7106.5930457538
35.0311258107925,438.290514992445,7106.59397870693
38.8808986181743,293.732871359254,7106.59416523818
49.964555145897,59.709376332151,7106.59470226943
52.7988367004946,194.527671748546,7106.59483959755
64.8895999979252,3664.62304945969,7106.59542542568
164.961442000304,119.340051729644,7106.60027416005
175.051535931953,289.350488014151,7106.60076305068
181.2331655996,1314.07096315428,7106.6010625663
194.777671251506,77.3582031765585,7106.60171883193
207.587243651021,1520.26158328766,7106.60233948818
222.688040389901,2559.52969929751,7106.60307116005
246.106577973627,197.499197551743,7106.60420584755
348.552207520209,27.9448929274562,7106.60916995693
356.802549904811,124.879370733133,7106.60956970692
3.42888029673087,124.124807654447,7106.60989076943
12.7118054208181,258.919080620146,7106.61034055068
17.3645547942228,353.849921586047,7106.61056598818
21.9921506808561,1359.05564579986,7106.61079020693
37.5195892082898,62.251329091545,7106.61154255068
49.458141690609,1760.00769513962,7106.6121210038
178.641592869127,28.6298675739038,7106.61838026942
182.323675827269,766.824659326204,7106.61855867568
196.687926973809,125.104843151647,7106.61925466005
204.655453939434,1134.31464221492,7106.61964070693
220.569546662992,1564.69792678138,7106.62041178505
240.636543854588,807.311772987873,7106.62138408193
352.588246845126,105.73289466187,7106.62680842568
358.190056497631,35.1144842369866,7106.62707984755
2.174948670965,194.81720403558,7106.62727292568
8.20662486700218,877.951711331093,7106.62756517568
18.5714722550991,254.67541964197,7106.6280673788
28.0278919225369,254.380155828571,7106.6285255663
36.4223831597215,1595.14246256265,7106.62893230068
55.8212006306991,77.0539951289173,7106.62987222255
62.141819460372,295.264090954817,7106.63017847255
85.4310423347148,112.533440899121,7106.63130689443
178.858817567544,36.1688110017688,7106.63583370693
183.353551469268,124.954574465264,7106.63605148818
186.416471710768,186.237650301457,7106.63619989442
199.114788411703,1222.08776431876,7106.63681516005
217.392985995808,1011.59436383114,7106.63770078505
238.420652779643,1572.36423881102,7106.6387196288
347.258483589125,39.9632792136284,7106.64399309755
355.286314388858,77.1149394340753,7106.6443820663
0.32378306035044,128.8047862813,7106.64462614443
7.35772881854471,900.267527192966,7106.64496695692
15.4268371802734,318.056414538859,7106.64535792568
22.5912685117538,437.947428322261,7106.64570745692
29.4894500130671,1158.44056569614,7106.6460416913
45.6331488350042,2199.73639303817,7106.64682389443
185.613571363735,213.587564301676,7106.65360630068
192.998698450169,1029.2706686954,7106.6539641288
210.776728758526,198.258798267403,7106.65482551943
213.729038192375,1292.85260275225,7106.6549685663
231.937580010276,2392.4622283289,7106.6558508163
356.007779611523,115.986692472703,7106.66186233193
1.42609778502902,68.2961603937216,7106.66212486317
9.49972087130221,1317.72626144055,7106.66251605068
25.5353887496373,1146.96530051361,7106.66329301943
39.244036937716,923.997489632455,7106.66395723818
57.1597664009913,230.021252045631,7106.66482530068
68.5478445964783,28.7730707315692,7106.66537708193
76.0068196906539,1946.86000654087,7106.66573848817
167.486489874745,37.9434574038218,7106.67017091005
171.676479700782,136.247998994143,7106.67037392568
175.053173542142,87.1787989020767,7106.67053753505
186.068141715138,1148.01324002656,7106.67107123818
199.625224091659,941.402511500655,7106.67172811318
218.323613841736,1127.93596684924,7106.67263409755
228.672982158163,1860.96360543786,7106.67313555068
359.585896596624,54.9575211727937,7106.67947861318
2.57464630983373,178.931341965338,7106.67962342568
7.51827313982789,89.7801416543942,7106.67986295693
11.3883622639722,187.444379462498,7106.68005047255
17.164956354311,1228.9562700829,7106.68033036318
29.396966119727,1265.5920755833,7106.68092303505
48.7925588357266,758.150764390564,7106.68186280068
69.7428302987521,304.53639610073,7106.68287789443
79.0799321549142,2119.55675233355,7106.68333030068
167.521803457987,55.1281971461481,7106.6876315663
169.717573540823,181.951051447804,7106.68773795693
174.622502710413,131.689908977606,7106.68797561318
183.994109985441,252.452420079763,7106.6884296913
187.394344898541,1343.92985629006,7106.6885944413
198.368358030089,23.089769679574,7106.68912616005
202.90985162983,1038.57489275327,7106.68934620693
219.977779727103,726.150140017978,7106.6901731913
233.445534986671,2149.97442071763,7106.69082573818
260.772859317404,21.9691157626878,7106.6921498163
350.619810467647,39.1618508455149,7106.6965031288
353.438612950575,90.4057939621339,7106.69663970692
359.914667387879,114.108569815308,7106.69695348818
7.17144725148966,940.763689172286,7106.69730509755
16.6401211605361,663.863242156282,7106.6977638788
27.1059049411831,244.282233330395,7106.69827097255
34.9025172275065,101.285653475447,7106.69864873818
39.3063115972463,67.1167565968744,7106.69886211317
44.2418764647117,2073.67345517184,7106.6991012538
71.492450403106,2095.59325448083,7106.70042161318
168.076665235927,38.7700739568064,7106.70510136318
172.511095303543,136.867142619401,7106.70531622255
176.3521611073,852.941661744211,7106.70550233192
190.391351898933,1037.99591144593,7106.7061825663
200.553681498376,164.373223365821,7106.70667495693
211.692482207192,1780.38672693503,7106.70721466005
232.417339738294,2378.34729688302,7106.70821883193
260.048763253785,163.111010809125,7106.70955764443
344.922096879712,29.097741577333,7106.71366997255
351.311081543564,122.448398642838,7106.71397953505
1.94520017700476,332.157940041711,7106.71449478505
7.20324557287046,283.578660553729,7106.71474955068
10.0978309991182,230.184565852554,7106.71488980068
19.8980149231957,1183.09084751189,7106.71536464443
28.2567108094892,1570.83401841618,7106.71576964443
48.4646320236066,132.117247697572,7106.71674876943
59.1925924985454,1614.62354597575,7106.7172685663
179.263388303807,50.7817642103614,7106.72308630068
183.018674303678,843.728031885149,7106.7232682538
200.266224121418,217.077786301978,7106.7241039413
204.92155332133,1166.71516892097,7106.7243295038
223.573828376945,1693.14728903913,7106.7252332538
255.171440164038,193.073418364165,7106.72676423818
264.663655182367,1740.77197101496,7106.72722416005
339.101248590036,25.0650472599645,7106.7308401288
346.365445450164,77.7216693781391,7106.73119209755
353.853443864726,321.581372642044,7106.73155491005
2.91901713204276,210.396880473418,7106.73199416005
7.1428673733925,1272.22565815543,7106.7321988163
19.4822631163982,1244.51338123777,7106.7327966913
37.7233754926709,199.392807820331,7106.73368051943
48.3971592355349,2146.61599606814,7106.7341976913
73.8792498456587,309.432812706234,7106.73543236318
180.689322942092,209.501943571055,7106.74060758193
191.629475620787,75.6389187395179,7106.74113766005
193.664650367893,959.745283246605,7106.74123626942
210.744187778304,1406.87828054098,7106.7420638163
229.671538773373,217.077786301978,7106.74298089443
233.840244833629,1701.64859980559,7106.7431828788
353.232219091694,81.2091921487124,7106.74896772255
356.505396676454,40.6335069758068,7106.7491263163
3.84021682688642,162.418384297425,7106.74948170693
11.3607857247367,1097.67928080373,7106.74984609755
22.9084917693933,276.873690641111,7106.75040561318
28.0420596258849,1204.24614724612,7106.75065434755
43.7549244552717,48.1953123243617,7106.75141567568
54.2371547566074,138.029074281398,7106.7519235663
63.3294939257263,2122.95803159179,7106.75236411318
179.389599067328,277.957379335447,7106.75798751942
186.151371270665,56.8067606843137,7106.75831514443
188.066905761032,252.303539172161,7106.75840795693
197.596528507741,1412.84872690051,7106.7588696913
214.114304801187,1116.14728570686,7106.75967001943
224.711660634719,178.826314867209,7106.76018348818
241.629312814917,88.0366751720985,7106.7610031913
245.173374060051,2049.17371959823,7106.76117491005
345.732161685093,73.1769089767909,7106.76604723818
358.957089043029,347.419676360872,7106.76668801942
3.26381681629272,136.11001214997,7106.7668966913
10.5180167783127,305.521941079689,7106.76724817567
16.6586914420538,1384.47708852851,7106.76754570693
32.7288647392553,501.619468185055,7106.76832434755
41.3361572704422,335.086514091643,7106.76876084755
48.4252472097299,339.321210018895,7106.76910433193
55.1083341602325,2130.87325562356,7106.76942814443
172.254231361918,38.2823807376642,7106.77510416005
179.431680931599,77.0539951289173,7106.77545192567
190.728174629089,443.404896133259,7106.77599926942
196.693097405978,437.947428322261,7106.77628828505
206.544878198082,1627.97375580226,7106.7767656288
227.887286030794,886.809792266519,7106.77779972255
245.458283788412,1561.62083264633,7106.77865108193
341.925438191,25.5981607438782,7106.78332516005
347.386001337978,78.4435572054321,7106.78358973818
353.129702462023,69.082572995427,7106.78386803505
358.816969397867,163.80069522981,7106.78414359755
2.26460897499551,930.48180271893,7106.78431064443
16.293480385515,960.997392773777,7106.7849903788
27.219766370028,160.205335109076,7106.78551978505
35.5620157356328,366.372071569643,7106.78592398817
41.1570533200923,925.947540864058,7106.78619508193
51.4064526554457,2120.69117822011,7106.7866916913
172.87165435501,37.0033413632509,7106.79257698817
181.130058777224,179.664894073284,7106.7929771288
189.61000737283,441.025577169185,7106.7933880038
196.557205840578,254.232385143993,7106.79372461318
205.401879900515,1520.26158328766,7106.79415316005
219.727110941187,1043.19597404867,7106.7948472538
243.10759583052,856.458903797375,7106.79598009755
257.995555399632,1908.18094658596,7106.79670145693
331.742342595894,20.8304606202914,7106.80027467568
341.241974685823,66.9766395122728,7106.80073495693
345.532255900856,98.2727649256887,7106.80094283193
350.129538647703,164.029956284395,7106.80116558193
0.455365854847081,91.7467421479579,7106.80166589443
2.51182433019329,1179.01832741296,7106.80176553505
14.1111272804172,1075.54642969632,7106.80232755068
33.0920099664656,847.283576632663,7106.80324722255
43.639703830008,2079.46437846829,7106.80375828505
70.0882686889396,194.527671748546,7106.80503978505
179.446506214963,42.7735555308395,7106.81034811317
184.847410493845,171.970521156695,7106.81060980068
191.163514561432,340.868111514681,7106.81091583193
202.155264108152,862.753923858151,7106.81144841005
213.957407292494,1532.08035147401,7106.8120202538
223.774360257808,444.082409734037,7106.81249591005
238.636198891131,1310.40556183848,7106.8132160038
356.600551768051,170.984379432859,7106.81893167568
3.34523244714474,141.656741892149,7106.81925847255
7.5884315562385,133.179578476472,7106.8194640663
12.8287404993909,22.022501877661,7106.81971797255
13.0841450880953,1218.14558440292,7106.81973034755
34.7016288227211,165.171445964951,7106.82077776943
39.2618262866524,1353.73645626657,7106.82099872255
51.2871259843343,456.763460388032,7106.8215813788
65.1092873646613,50.2237071375866,7106.82225109755
178.126788581526,45.9245384776263,7106.82772708193
187.827648528084,167.431069009183,7106.82819711318
194.994133825723,163.341229431069,7106.82854434755
199.903900165321,241.963782343646,7106.82878223818
206.223551508434,52.9108527824729,7106.8290884413
213.201063228593,1389.67870544349,7106.82942651943
225.201854405516,894.236573678597,7106.83000798818
240.980505242574,1182.07410526594,7106.8307725038
348.472624716266,87.9833012001896,7106.83598076943
0.425366375772747,123.136958962711,7106.83655991005
3.53665869277838,290.646284817342,7106.83671066005
10.8653516660943,247.187714741415,7106.8370657538
16.9502371827295,1110.74738295969,7106.83736058193
28.3518595143082,169.881955724982,7106.83791301942
33.5828165629074,1496.34404866816,7106.83816647255
62.2939049238236,978.35883838826,7106.83955759755
176.634221408292,143.370662564202,7106.84509767568
182.372440283691,36.7485798735689,7106.84537570693
192.158112585116,187.744861324113,7106.84584984755
194.52447490179,1012.18855519392,7106.8459645038
212.216402848172,660.230592419708,7106.84682172255
224.245249896463,1253.17922705648,7106.84740455068
247.862435472769,2207.37628175982,7106.84854886318
344.755977178267,51.3337601593111,7106.85325386318
349.889222589295,77.4795436142561,7106.85350258193
353.19045597034,117.914580877176,7106.85366253505
1.70748981131966,348.930662141811,7106.85407520693
8.37058296560762,1337.65187815271,7106.85439805068
29.2415241722452,1000.83874521317,7106.85540930068
40.2493977566476,493.767027265335,7106.85594266005
50.2343630542076,1913.21580800263,7106.85642645692
176.562571470436,38.8910431636802,7106.8625473788
180.921218632273,192.976065682693,7106.8627585663
191.157396277,170.874453475633,7106.86325453505
196.48090519753,1083.34441417668,7106.86351247255
206.001498495151,1015.74637589863,7106.86397376943
223.422865264164,1339.44855207346,7106.8648178788
256.928916953031,1334.95225984603,7106.86644133193
338.636136563865,28.8952490407057,7106.8704002538
346.943235544591,102.575975491348,7106.8708027538
359.111071679825,68.7075882299659,7106.8713923163
0.752175196749079,367.805230716556,7106.87147183193
11.4320860791882,1345.71809251582,7106.87198930068
24.9933606221646,81.9003476149049,7106.8726463788
28.7918590820686,313.054859812922,7106.87283042568
37.8758137305692,1038.57489275327,7106.8732705663
50.3445242204997,1596.64936827397,7106.87387470693
181.848867912157,129.821861594159,7106.88024642568
189.7767298059,180.603643151755,7106.88063055068
194.836127134102,37.6638858989864,7106.8808756913
200.818463805615,1242.57937272887,7106.88116555067
215.728997034991,1211.21590535012,7106.8818880038
237.739907033787,176.180015021288,7106.88295448818
242.823490474825,1833.62369732265,7106.88320080068
353.175689918357,103.124023209666,7106.88854764443
355.899360627761,67.3263875206054,7106.88867961318
2.10453140469085,207.157041520745,7106.88898026943
7.82017665736737,1109.12223849624,7106.88925720693
19.4959074793823,276.737938120775,7106.88982292568
27.6017786034789,1356.39866005732,7106.89021567568
43.852540995083,79.0995047239562,7106.8910030663
51.6269020666068,361.830926332019,7106.8913797538
59.2245992653956,135.418051772085,7106.8917688163
72.8477901325944,2136.50896974116,7106.89242889443
173.311446021655,35.2812987158835,7106.89729661318
179.298619900718,927.245336068694,7106.89758670693
192.686722420892,402.910427244052,7106.89823539442
199.61940930353,128.43957841735,7106.89857130068
210.456690729179,97.0704627789587,7106.89909639443
215.380968691429,2176.65574453463,7106.89933498817
231.722025649005,792.276688699189,7106.9001267538
256.531744334513,863.450533294952,7106.90132884755
336.613661945558,26.9392754631559,7106.90520901943
350.285224925805,150.15584609035,7106.9058714413
353.644504797457,75.0153342221616,7106.90603420693
1.573979068689,262.665444950017,7106.90641841005
7.64983509869371,355.54503785562,7106.90671280068
11.6105412342747,281.983991712309,7106.90690470693
16.5922207962028,1222.08776431876,7106.90714608193
31.0012967427236,96.2931054337979,7106.90784423818
37.249357421596,1219.13235062721,7106.90814697255
54.5872017302247,2388.43811395384,7106.90898703505
175.746691867541,46.3318619581266,7106.91485751942
180.895738870786,284.900714131453,7106.9151070038
188.475966674275,249.30696396197,7106.91547428505
196.334495172195,1423.02547523343,7106.91585505067
211.453028363789,1271.28019222766,7106.91658758193
227.741198521315,37.4449984907876,7106.91737678505
229.941483328695,327.371879604854,7106.91748339443
256.341998520044,1905.65851987401,7106.9187625663
349.041935164158,128.219962425291,7106.92325411318
352.816569994232,35.8754137508299,7106.9234370038
2.08756335971696,184.310816608857,7106.92388620693
7.66937917846587,1255.09691528691,7106.92415666005
21.6450413059288,226.23260209631,7106.9248338163
26.0140077737962,376.489173170569,7106.9250455038
38.633639184355,304.53639610073,7106.92565695693
42.3934399463126,1371.38689293437,7106.9258391288
68.3998839074786,2358.03665482592,7106.92709920693
175.758173947243,228.546223612902,7106.93230098818
186.32614062613,287.003310006639,7106.9328324413
193.29688020316,1508.35022250106,7106.9331701913
202.981293666571,1173.9076377637,7106.93363942568
226.640079250337,982.651182646066,7106.9347857538
237.381906344374,1920.74312010959,7106.93530622255
345.00656535751,29.3588937883005,7106.94052091005
352.462315659166,54.6145698110401,7106.94088216005
359.022860005873,140.591649433475,7106.94120003505
6.09260115250028,275.103662072951,7106.94154258193
11.2384232506006,1106.9517524831,7106.94179191005
19.6664524576331,707.275016331721,7106.94220026943
32.5153675211066,90.975525723902,7106.94282283193
36.0204086228303,66.307022372758,7106.94299266005
48.6171438901191,2187.67670645548,7106.9436030038
183.846137996397,29.3788847416376,7106.9501551913
185.53690348331,142.845499317978,7106.95023711317
189.782359935905,1032.18722458109,7106.9504428163
207.13213607822,185.02305243473,7106.95128345693
210.272774123535,1338.55049266884,7106.9514356288
229.301706514708,2230.1387403445,7106.9523576288
0.0491883723469222,164.144461911597,7106.95869267568
5.9579995191242,77.8424477654305,7106.95897897255
12.2608818585423,443.404896133259,7106.95928436318
17.5244093904291,404.399930209465,7106.95953939443
25.2720046352342,426.470830872105,7106.95991478505
31.5374792462722,1651.44131702988,7106.96021836318
44.5918144079134,1320.46118483942,7106.9608508788
74.7556776742872,64.3294167934627,7106.96231239443
177.833683359584,43.7238925621308,7106.96730678505
191.514275751378,632.320806825959,7106.96796964443
201.260605426386,199.581171034247,7106.9684418788
211.399716437094,1482.61958266005,7106.96893314443
233.700536443461,1192.20344707571,7106.97001367568
278.527267867571,2184.37623544787,7106.97218564443
338.297194990839,89.1500970268133,7106.9750978788
344.771314492565,69.0485654764039,7106.9754115663
350.994221722208,53.8349399781257,7106.97571308193
354.845284424072,301.061536811531,7106.97589967568
359.281326869177,225.900159689374,7106.97611461318
2.72896648384812,1257.96795202859,7106.97628166005
23.4638209130569,110.085850157926,7106.9772863163
28.1681671544873,1366.99562780507,7106.9775142538
40.9519411763017,2587.56482907074,7106.97813366005
77.2322930311219,808.799860418929,7106.97989153505
166.869631804117,50.4569858117421,7106.9842346913
177.512134958176,241.808434386925,7106.98475034755
187.061429055636,224.732704667829,7106.98521303505
190.202389583957,947.767753167739,7106.98536522255
204.914919749224,782.73315606836,7106.98607808193
219.167592639095,1539.12804723433,7106.98676866005
233.657933702499,637.529029567929,7106.9874707538
269.384908998515,2602.39341187685,7106.9892018163
335.924578338696,37.6014740177677,7106.99242583193
350.377834156726,221.70244806663,7106.9931261288
354.133442639604,267.906558049091,7106.99330809755
2.98650118261754,61.5303155648839,7106.99373705068
6.47380586916976,967.233737547701,7106.99390601943
17.8009352269945,1976.28535758554,7106.99445484755
40.1781830676106,925.947540864058,7106.99553908193
57.5692366968374,1964.07845542979,7106.99638172255
174.764473423047,30.879458712274,7107.0020601288
180.379827286727,736.427363534631,7107.00233220693
198.177528870752,835.132962784257,7107.00319455068
203.2682068253,1121.52109821295,7107.00344120693
220.750844914982,1474.48653287086,7107.00428828505
259.252765305422,2216.07510120236,7107.00615380068
339.643296788228,49.8952927585616,7107.01004892567
342.675903889941,119.418752664302,7107.01019586317
349.345446666811,112.115254580214,7107.01051901943
357.137221708042,1026.93142878252,7107.01089655068
3.175347564202,342.408018605411,7107.01118911318
13.1106508542315,1230.91170589618,7107.0116705038
28.1888739703894,118.470969145967,7107.01240108193
36.481461290922,1005.03516620165,7107.0128028788
47.2648884299604,2205.19602578406,7107.01332536318
72.5538132210669,82.4149082312431,7107.01455067568
178.166163948978,43.4815065897265,7107.0196876288
183.862137963529,229.202962165331,7107.01996361318
188.049225442511,222.717122522198,7107.02016648818
198.39182165335,723.246351697071,7107.02066761318
207.72408626442,1443.1635886325,7107.02111978505
218.703581607073,881.369255356645,7107.02165176943
242.304320700232,1173.9076377637,7107.02279528505
343.089167185668,26.2325473843195,7107.0276785663
356.617871207815,81.3825326573259,7107.0283340663
3.15100472424933,268.467026387498,7107.02865061318
11.8637842107544,1234.81325164931,7107.02907276942
22.1035091685482,46.6853500302733,7107.02956891005
26.6282337270528,887.487583423052,7107.02978814442
42.876416329691,1053.51927182085,7107.03057541005
79.0171340940148,1807.20127751499,7107.03232651943
171.681920315709,42.6911145323672,7107.03681636318
180.861329183197,929.188559428695,7107.0372611288
194.337791408847,813.986877901129,7107.03791409755
201.227265868994,160.907481783212,7107.03824791005
211.172243574125,1480.18441947784,7107.03872976943
227.831266335557,168.438013536942,7107.0395369413
231.330502780712,1431.45073572271,7107.03970648817
265.273838122252,240.249348193444,7107.0413511288
349.61024163498,29.835012932411,7107.0454374413
351.924039597068,84.940977862491,7107.04554955068
0.0950518003651801,223.727175674426,7107.04594545693
9.38571647905833,171.532940629326,7107.04639561318
15.3728903581218,922.69519802457,7107.04668570693
23.5593815955476,1226.01739871442,7107.04708236317
40.5192787492181,1111.82951734179,7107.04790411318
63.4302319480547,69.4893448338618,7107.04901420693
69.086218332635,300.811792142142,7107.0492882538
179.572569655558,51.2421771681204,7107.05464159755
181.353629783527,87.6087813406201,7107.05472789443
185.90866751936,131.47571920058,7107.05494859755
198.831430628117,838.007774284222,7107.05557473817
207.987692695942,899.599394976747,7107.0560105038
222.110728430966,798.324684136986,7107.05669480068
255.439738300956,2116.15014400479,7107.05830967568
348.433132228167,154.59490632086,7107.0628154413
358.528063329824,43.0472220369627,7107.0633045663
0.699969895455572,1037.99591144593,7107.06340980068
7.8561357744392,143.763279059073,7107.06375653505
23.2565169359913,366.782132443788,7107.06450272255
29.5961621128605,1668.82530017176,7107.06480989443
48.2113518855593,1715.72367424488,7107.06571184755
66.5401789262132,98.939675896581,7107.06659992568
186.337833727598,793.035193069613,7107.07240442568
194.630098565125,283.048084970261,7107.07280620692
200.364125274068,145.452386246525,7107.07308403505
213.172085258552,1447.32370532807,7107.07370461317
228.533446276694,1420.48806051065,7107.07444891005
355.578206526589,54.9147671780048,7107.08060455068
359.76368159054,162.995783536957,7107.08080734755
9.41004228447506,335.758698621902,7107.08127473818
15.6532657933385,361.830926332019,7107.08157723818
20.5304616121073,68.1239994970717,7107.08181355068
23.9116701780109,1348.39617249582,7107.0819773788
43.7200379883829,1373.13949100104,7107.08293714443
80.125834794054,1076.6638691706,7107.08470109755
162.595720895476,33.2948946191181,7107.08869697255
173.637454932732,152.144755127814,7107.08923197255
183.073880841497,185.02305243473,7107.0896891913
187.502506215002,827.902246758327,7107.08990376943
198.466522485985,222.379406555895,7107.0904350038
208.137391700679,1367.87503546287,7107.09090358193
229.042838363725,1586.07038613923,7107.0919165038
249.749959479655,312.81469081712,7107.0929198163
348.904221522846,69.9609190024653,7107.0977255038
355.213553484845,48.2926754141744,7107.09803120693
7.20015555966412,270.419520109755,7107.09861198818
11.8680615217329,1098.77429377292,7107.09883816005
22.5705460644359,28.6093527340769,7107.09935672255
32.5738927056381,138.843422869961,7107.09984141005
38.6481363956955,1317.72626144055,7107.10013572255
53.1455720101514,2040.94163791524,7107.10083816005
175.846519203867,44.9684837977582,7107.10678333193
181.246778479195,162.418384297425,7107.10704498818
187.182033044768,809.542932689311,7107.1073325663
194.912859285879,832.248214788223,7107.10770714443
209.510263881408,1655.80449351665,7107.10841442568
237.331628423397,1476.11689538252,7107.1097624413
349.9273250968,59.2354845729837,7107.11521798818
4.48054985836134,72.7907456532506,7107.1159231288
7.43834142823125,508.464770287986,7107.1160664413
17.6780663484834,1268.43935355225,7107.11656258192
31.4144478873827,634.693464451885,7107.11722814443
44.2256327394699,318.528647902383,7107.1178488788
50.3392190559443,317.109838388063,7107.11814509755
60.1597192217009,2219.32849875373,7107.11862092568
174.527124015894,226.23260209631,7107.1241623163
184.00257006807,160.43973094515,7107.12462142568
186.310563373589,299.810759551988,7107.1247332538
192.514766663958,1497.14740604878,7107.12503386318
214.515357244098,793.035193069613,7107.12609984755
220.954003953023,1408.58680275358,7107.1264118163
253.677072834539,1480.18441947784,7107.12799733193
348.675005848523,128.293223267129,7107.13260022255
352.661510436888,47.0860885004587,7107.1327933788
0.468442066782888,364.108604378188,7107.13317164443
9.55626647381575,175.002984326156,7107.13361197255
15.5905225339022,1289.12680530391,7107.13390434755
24.8137887523515,247.187714741415,7107.13435123818
30.2840263519726,136.798489203116,7107.13461628505
38.7355966307457,1334.95225984603,7107.13502578505
58.0289629846288,334.412969538178,7107.13596059755
75.9169591721668,438.633324106874,7107.1368273163
175.827232059333,74.7015921342964,7107.14164311318
181.13235959868,150.655543595946,7107.14190016005
187.228854390911,158.317733922608,7107.14219555068
193.305032903922,219.316662053437,7107.14248995692
200.600510390396,910.230169015591,7107.1428434413
213.009884495237,260.077570590767,7107.14344470693
217.247923913774,1030.4382902504,7107.14365005068
248.980655029278,2593.1354841191,7107.14518758193
347.434934586473,153.374729583433,7107.1499579413
357.856538533152,155.684895530861,7107.15046289443
1.5747392876499,331.931621078141,7107.15064305068
8.19913474399156,1467.94787436733,7107.15096401943
28.1516514069461,94.1721770009174,7107.15193076943
29.1319922748517,1384.47708852851,7107.15197826943
44.4098307950665,1066.5646144048,7107.15271851942
71.7803675482906,477.360206918576,7107.1540446913
176.884518569147,97.7455755224454,7107.1591372538
186.64181255374,227.722618539872,7107.15961001943
191.000137195029,419.720758149111,7107.1598211913
206.954862477029,856.458903797375,7107.16059423818
213.552169548562,1179.01832741296,7107.16091389443
236.725299479232,1166.71516892097,7107.1620366913
356.678389850707,47.4091980950941,7107.16784872255
1.42498110315142,244.589709597065,7107.16807870693
7.56243089928935,158.08020170649,7107.16837608193
15.5273780008648,1252.21943925169,7107.1687620038
30.1654151548357,333.512772954236,7107.1694712538
34.0871011845475,303.29996847378,7107.16966126943
44.3880973879265,70.8946651384323,7107.1701603788
48.1001710028488,1505.95669268228,7107.17034023818
73.3081531976199,2945.70945413852,7107.1715616288
167.19836549481,44.7590783880791,7107.17611084755
168.780455072109,192.683771715885,7107.1761875038
174.461917426467,871.076544228799,7107.17646278505
187.444984369332,252.601245476214,7107.17709184755
198.104256489545,1463.84626642515,7107.1776083163
214.613648299915,2370.24377902628,7107.17840823818
241.303599957505,1556.9938671689,7107.17968555068
358.778427347713,264.660793281024,7107.1853775038
2.37698780792903,75.9487819856908,7107.18555186318
9.91400326400966,148.013365453004,7107.18591705068
16.4803521922026,1334.95225984603,7107.18623520693
27.8687528331541,1172.88290191198,7107.1867870038
53.1702543488754,1599.65918289373,7107.18801292568
174.811208010375,113.116301048155,7107.19390673818
187.64915868918,1034.51458510762,7107.19452876943
201.427462681004,178.300194053627,7107.19519636317
213.362790370804,1325.00665994684,7107.19577466005
233.513955026339,1667.38367557429,7107.19675103505
351.09100870358,25.5522426134691,7107.2024479413
356.578982755915,213.939158055787,7107.20271384755
3.07245112538423,183.902615358278,7107.20302847255
11.7662043022347,1250.29731012916,7107.20344970693
25.8453826487552,123.593857370707,7107.2041318788
28.8515463316725,1107.49476256444,7107.20427753505
50.2368440287866,2179.96798390629,7107.20531370693
171.189301690446,29.9136306003422,7107.21117416005
183.964046188088,175.538986124657,7107.2117931288
189.185328821586,193.559376859831,7107.21204611318
196.351814081684,850.824299902797,7107.21239334755
207.59574346213,1461.37979495364,7107.21293814443
226.334443287642,1426.40155242901,7107.21384608193
258.460600704858,99.1293991337017,7107.21540267568
268.510707044077,1345.71809251582,7107.2158896288
342.642858504439,116.793838489393,7107.21948151943
350.673269168221,140.457936947946,7107.21987061317
354.36134063391,72.4025353560087,7107.22003841005
357.466505848882,957.86412135368,7107.22018886318
16.486086232877,63.7057281926978,7107.22111041005
18.2874626400666,330.797583769638,7107.2211976913
24.6193682247881,1772.26322506385,7107.22150448818
49.0272761630499,76.1340990251824,7107.22268711318
54.6323106080751,1739.38996539391,7107.2229586913
177.677989469907,50.7817642103614,7107.2289205663
187.221801393803,847.283576632663,7107.22938298818
200.684719408279,190.625015772383,7107.23003530068
204.281345007999,1181.05636381927,7107.2302095663
224.817873890092,284.372608794214,7107.23120461318
232.460017980261,2279.20571305162,7107.23157489443
260.996321903344,1471.22092286622,7107.23295755068
345.972204374394,152.637930073141,7107.23707484755
355.620822449372,84.7194814301844,7107.23754234755
357.992666864525,512.879849701164,7107.23765726942
11.0086268863094,1698.81952949424,7107.23828792568
28.7940741911833,170.874453475633,7107.23914967568
32.690284176034,504.607078344321,7107.23933845692
42.9961176245053,461.021665287831,7107.23983780067
50.7637066655252,1965.30236529213,7107.24021416005
77.9207612829693,2746.27898200208,7107.24152998818
166.88669561791,56.2667204495604,7107.24584061318
170.509764598885,662.049359778649,7107.24601616005
176.346985006338,921.391019037543,7107.24629898818
193.984091329716,709.396985598687,7107.24715355068
208.766922227198,3372.06063072415,7107.2478698163
236.823697561677,1026.93142878252,7107.24922923818
2.68366421943361,224.899848744187,7107.25532747255
6.38122621170425,50.2237071375866,7107.2555066288
13.0352898793616,248.249615308893,7107.25582903505
17.2291494639311,1191.19436536863,7107.25603223818
33.0136049950998,237.891623067199,7107.25679703505
39.0443137421187,1309.48751841942,7107.25708923818
56.026139552499,122.525087298264,7107.25791205068
69.0653181254761,2136.50896974116,7107.25854383193
171.079800023488,51.8345887046134,7107.26347853505
177.512642038302,854.350257206704,7107.26379022255
188.252856754849,835.852553837668,7107.26431061317
197.119137063573,503.115493710737,7107.26474020693
213.60660014215,1406.87828054098,7107.2655390663
224.962107741724,2333.43033784195,7107.26608926942
276.631554003048,886.131612531926,7107.26859278505
336.086648166028,41.5197425052138,7107.27147353505
350.295463704937,188.244586585284,7107.27216198818
354.439983764982,193.46227397854,7107.27236280068
359.012112949974,104.481569229709,7107.27258433192
1.47908921373338,37.382222317639,7107.27270386318
6.51881522872694,154.473336899663,7107.27294805068
10.8042592737513,1254.13857077206,7107.2731556913
27.0698558085549,385.757342735715,7107.27394380068
33.6597458084885,1155.32217126457,7107.27426309755
46.9785150454647,327.371879604854,7107.27490842568
64.6762476484156,2609.776172946,7107.27576592567
169.938736586417,83.9396746554755,7107.28086616005
175.196781982282,248.249615308893,7107.28112092568
189.559420713793,1170.83054362865,7107.28181683192
197.588541483092,940.124311732404,7107.28220586318
212.881536629513,2192.06963691931,7107.28294684755
248.73040952577,2162.24416149657,7107.2846838163
340.739592789002,48.8487549021865,7107.28914189443
344.414258675544,56.3918009510722,7107.2893199413
351.853884939518,116.148569928587,7107.28968041005
1.31901161057979,1076.6638691706,7107.29013901943
11.2755985913068,900.267527192966,7107.2906214413
28.6408538052917,1731.07395085026,7107.29146283193
44.9828781743446,53.9221202411344,7107.29225464443
58.5802705887598,1809.86081677048,7107.29291347255
179.677521993931,45.7965089462053,7107.2987809413
185.629867971122,880.686801263408,7107.29906934755
200.966075540033,1109.12223849624,7107.29981242568
210.589862611247,141.125194863534,7107.30027872255
218.652198829846,44.7590783880791,7107.30066936317
227.551372142406,1918.23734674301,7107.30110055068
1.19975360788843,66.0230550786345,7107.30758111317
3.72638873974354,33.7676830941547,7107.30770353505
6.56615243036234,220.683124552146,7107.3078411288
21.6808158634234,1320.46118483942,7107.30857347255
33.5061776365005,308.703312912328,7107.3091464413
44.2234962848614,237.258906965465,7107.30966572255
58.1324049180929,2394.47195404807,7107.31033964443
177.505675311967,57.3417147098354,7107.31612358193
179.769811266524,875.894856644521,7107.31623328505
196.658440163877,163.456206903057,7107.31705158193
200.577223808992,1085.00808337908,7107.31724145693
215.766380215807,1933.22380326322,7107.31797741005
235.218084561918,1410.29299349782,7107.31891989443
359.244426849746,80.3368829793705,7107.32492928505
3.54373751386769,137.688360712929,7107.32513759755
12.3967960568815,1193.21164060437,7107.32556655067
26.710417784415,67.5701300467679,7107.32626008193
32.1854925915866,1046.0737831508,7107.32652536318
46.7861220171773,1885.35809186874,7107.32723280068
186.279276402698,373.281516807822,7107.33399159755
196.937903556898,292.193658157913,7107.33450803505
204.58230502811,1357.28484007558,7107.33487842568
222.022698181862,1467.12852977515,7107.33572345693
256.995068912277,1468.76677487029,7107.33741795693
346.253493043754,109.82953435601,7107.3417427538
0.18529782025599,957.86412135368,7107.34241778505
7.05284362369346,65.487289202526,7107.34275053505
14.216587829858,1094.38791362493,7107.34311673818
29.7137131799636,213.059112019742,7107.34386761318
35.3451910437848,1862.25546094931,7107.34414047255
51.1786635789302,101.655996120886,7107.34490764442
60.2622957444248,1660.15612368398,7107.34534776943
170.829267255761,109.31511251755,7107.35070501943
182.025791972178,913.526920776064,7107.35124751943
192.600896665993,824.992185677331,7107.35175991005
200.870587918339,196.354252302022,7107.35216059755
214.19129201581,134.861927181262,7107.35280601943
220.063662845684,1639.74966937985,7107.35309055068
233.524968482671,2188.77582724986,7107.35374278505
351.268422189753,84.2747607809891,7107.3594477538
354.785395050079,99.41330397778,7107.35961816005
3.53332492146274,62.5899609918434,7107.36004201943
7.0464280607986,1125.801785129,7107.36021223818
20.6938049657504,93.1188251507287,7107.36087348818
29.6977844293925,296.026730906007,7107.3613097538
40.8491618252819,1712.91780759475,7107.3618500663
55.9418965640915,2418.45721227207,7107.36258134755
170.128067335412,47.5081744777395,7107.36811395693
172.857865184392,91.7467421479579,7107.36824622255
183.737713991436,1167.74534486552,7107.3687733788
196.185140753127,1111.82951734179,7107.36937648818
208.721894669313,49.8952927585616,7107.36998392568
217.915492676447,1560.85055991184,7107.3704293788
234.738980494599,2234.44818203689,7107.37124451943
356.83592163542,106.35303748785,7107.37716042568
0.0149348956755269,46.710500051228,7107.37731445693
8.5700213935062,1036.83672758592,7107.37772897255
19.9461677928491,1135.37423906962,7107.37828017568
31.0053157998127,314.730852490896,7107.37881601943
45.2005871650891,306.504349678605,7107.3795038163
57.9337317303545,162.995783536957,7107.38012076943
65.2050231790755,2005.27883187362,7107.38047308193
173.321999700375,56.9306546349679,7107.38572851943
180.385291224421,811.026967806328,7107.3860707538
194.758894303056,298.806368537186,7107.3867671913
201.799612166838,222.717122522198,7107.38710833193
211.118655124823,1647.06659422365,7107.38755986318
228.292034376731,934.993971135611,7107.38839195693
249.334535266224,1497.95043036249,7107.38941151943
343.020294876724,75.8249921184451,7107.39395083193
353.948193313809,69.5569019049103,7107.3944803163
357.755398664713,171.532940629326,7107.39466478505
7.17989277733313,405.883993082057,7107.39512142568
10.0683510640056,128.146687705666,7107.3952613788
18.7427553731121,1683.17504378734,7107.39568167567
44.0055592659704,938.844335607314,7107.39690572255
55.55133041259,1658.70683854763,7107.39746514443
169.910028240701,28.1542220093023,7107.40300611318
182.877938594902,792.276688699189,7107.4036344413
196.082227265695,59.3147267413663,7107.40427422255
200.663385937317,1105.32116792683,7107.4044961913
212.717708917845,51.5620116048332,7107.4050802538
220.522383204238,1566.23425340285,7107.40545841005
253.154190108306,1468.76677487029,7107.4070395038
344.015020171386,62.6649634960508,7107.4114419413
348.501047107028,59.7879940000823,7107.41165930068
353.137994925756,76.441963869911,7107.41188397255
3.21809199683909,1069.9416908011,7107.4123723788
11.5274483586083,296.53404731711,7107.41277498818
19.7371581847685,217.250828438154,7107.41317276943
26.9929705618194,75.8869148076435,7107.41352433193
29.4244739576934,1353.73645626657,7107.41364214443
44.6094381229705,2360.07546838835,7107.41437789443
182.248651821799,185.327447832506,7107.42104686318
187.09166474225,175.431905113932,7107.42128151943
195.516146673756,1099.86819651908,7107.42168970693
211.493768023942,56.9306546349679,7107.42246386318
214.16261703526,1400.88252109649,7107.42259317568
235.230271411524,2404.49504751439,7107.42361395693
353.240448006753,80.7451397411008,7107.42934784755
356.469768278094,199.581171034247,7107.4295043163
3.36665977229886,50.2237071375866,7107.42983848817
7.61534109249713,290.387602852604,7107.43004434755
13.1784530470561,1509.94383663061,7107.43031389443
34.005214419726,1253.17922705648,7107.4313230038
40.4467634381638,890.193363467517,7107.43163511318
89.9504302734313,3337.65060034352,7107.4340336913
163.421496601768,61.5684794813554,7107.43759355068
168.033613416731,884.093742659076,7107.43781701942
179.467806344222,313.294806764119,7107.43837103505
193.460559883303,1667.38367557429,7107.43904901943
209.651663369269,1564.69792678138,7107.43983351943
221.448001934584,820.607803930784,7107.44040508193
245.464095986165,2867.93744308511,7107.44156872255
344.276328939646,52.5098402259783,7107.44635642568
353.532810644937,91.1818190396652,7107.44680492568
1.33877486335553,1094.38791362493,7107.44718314443
9.78067072702748,220.342313839161,7107.44759217568
20.1197196247989,1097.13138574108,7107.4480931288
30.9070165599112,1105.32116792683,7107.44861580068
45.4766878046197,2813.75656108196,7107.44932173818
181.527039858104,216.73129957378,7107.45591372255
188.798008861361,191.804142013474,7107.45626601943
198.857789615681,1317.72626144055,7107.4567534413
212.200422407404,1236.75925056688,7107.45739992568
232.941726496736,1080.56585901295,7107.45840489443
261.378383884209,2767.21645597888,7107.45978272255
349.566172656892,117.115150910507,7107.46405564443
355.501427184924,134.792232930891,7107.46434322255
2.49441790167058,415.762729799596,7107.46468205068
4.47799581829326,343.941042313389,7107.46477816005
13.8815286481391,1677.44995671626,7107.46523378505
28.7114417266445,1415.39968634419,7107.46595233193
39.1475453718004,84.6640188512104,7107.4664827538
55.9336254615724,1516.30152878113,7107.46729608193
90.4435590900852,383.804155124068,7107.46896817568
174.808018436641,72.01221563502,7107.47305584755
179.590404964893,210.753789420259,7107.4732875663
183.316345273996,116.229421920355,7107.47346809755
193.798575575332,257.317667173851,7107.47397598818
201.061805023982,1459.73322318582,7107.47432791005
216.3835009327,895.580332116452,7107.47507028505
228.555206826466,946.498102116777,7107.47566003505
255.457824304224,1860.96360543786,7107.47696353505
341.475318926307,75.1404702348246,7107.48113130068
351.830814382309,61.1858202992366,7107.48163305068
354.803117612372,71.7508275016598,7107.4817770663
357.984065733123,436.572389350687,7107.4819311913
8.92099361929708,374.688224891173,7107.48246111318
13.7295011208807,192.097796003488,7107.48269409755
17.0200926378061,954.090473292979,7107.48285353505
29.2482326822317,2122.95803159179,7107.48344601943
50.9166683188709,1195.22547414874,7107.48449591005
73.9269455327685,85.8759383048913,7107.4856108163
178.121056380393,87.5014921630779,7107.49065928505
186.367851489469,103.306058152342,7107.49105886318
191.968693692956,949.669010097409,7107.49133023818
208.546773858053,1132.19233988104,7107.49213348818
228.801777253193,67.0817498771292,7107.49311489443
235.768002068138,2052.69157227406,7107.49345242568
355.356044492275,53.2647780049356,7107.49924676942
357.341879752399,87.715952556966,7107.49934298818
5.01369205388411,451.800319378748,7107.49971470693
14.3446668080128,222.548340866879,7107.5001668163
18.3788984683293,547.468570477605,7107.50036228505
26.8472377507972,1768.18748531815,7107.50077259755
43.1315380747077,1428.08653791349,7107.50156161317
79.9597844273939,524.18513973862,7107.50334603505
181.322286772298,56.6825891779033,7107.50827505068
182.878577934355,209.501943571055,7107.50835045693
188.042136485169,237.100478139851,7107.50860064443
199.864918431738,272.771638609726,7107.50917348818
205.944644257817,1428.92842003306,7107.5094680663
226.87234209812,235.190922293071,7107.5104820663
230.00943286791,1403.45524091146,7107.5106340663
258.034927613584,1838.86261773125,7107.51199197255
343.386822341555,85.1618914277097,7107.51612748817
351.46431518636,127.190077914285,7107.51651886317
358.293485812399,383.412329663102,7107.5168497538
2.23613304980224,229.366858839342,7107.51704078505
8.12269305686339,453.460713423226,7107.5173260038
15.5871503246018,1575.42046075321,7107.51768767568
27.6417957505934,306.504349678605,7107.5182717538
33.5112642709536,1418.79397119737,7107.51855614443
56.221957099721,109.22913962208,7107.51965653505
61.9930690164969,495.286756052593,7107.51993616005
178.781012821897,63.038636810564,7107.52559483193
187.16486215742,144.154826964282,7107.52600105068
193.973071538226,147.504716774272,7107.52633092568
200.16566559054,1015.74637589863,7107.52663097255
215.71858005021,115.255416321958,7107.52738455068
218.23489576341,998.43289191881,7107.52750647255
234.324417890814,1330.44075756317,7107.52828605068
346.53281540208,27.8817888915706,7107.53372283193
355.953117273163,60.0623370483611,7107.53417926943
3.20409240512104,160.43973094515,7107.53453059755
8.43279211021878,264.518768000599,7107.5347839413
17.6912086760052,339.763911449964,7107.53523253505
20.5345196796917,59.7879940000823,7107.53537030067
23.1527393095435,1071.06501445742,7107.53549716005
42.4706141841856,2406.49433713713,7107.53643316005
88.0151873364448,828.628166082979,7107.53863991005
165.031604804399,56.057627290107,7107.54237155067
176.318746569794,209.142897444892,7107.5429184413
181.406199731823,243.203041039308,7107.5431649413
196.046494266837,1078.33786344713,7107.54387430068
203.418722145649,954.720413837151,7107.5442315038
218.589819654287,1122.59279649862,7107.54496658193
238.324016936369,2013.65657481745,7107.5459227538
350.110943734152,63.8162370170114,7107.55133916005
357.39384445847,54.1828248934451,7107.55169203505
3.05047577152066,247.035669698192,7107.55196611317
8.80643113717426,419.362489179065,7107.5522450038
16.2770156195712,283.578660553729,7107.55260697255
20.4570084348761,482.683504277048,7107.5528095038
24.6218447741419,1754.5332964275,7107.55301130068
51.3996622670615,473.883876583869,7107.5543087538
59.0605102214205,1540.68968694077,7107.5546799413
175.775250947549,45.1509107879389,7107.5603350663
182.238406177232,241.652975407902,7107.56064822255
191.160798003444,253.640469738414,7107.56108053505
197.7165051426,251.109188997845,7107.56139817568
201.162209821692,1366.11566503575,7107.5615651288
224.60267609967,1501.15808672524,7107.5627008788
239.747975117982,464.270621947094,7107.56343470692
253.843600022733,1830.99857498092,7107.56411767568
340.312889882598,25.0884608227198,7107.56830733193
341.613776418409,85.3271966971825,7107.56837036317
349.877018085715,118.312262764597,7107.56877073818
356.410474010072,640.821340436304,7107.56908730068
6.69921600938446,201.827943246968,7107.5695858163
10.5615655413813,1290.05928162229,7107.56977295693
22.3101769596612,99.41330397778,7107.57034220693
29.0880731631387,1657.25633216596,7107.57067061318
58.8610899918499,991.786652804194,7107.5721131913
81.2499472206873,2232.29457141372,7107.57319798818
159.56821867347,39.7570518173573,7107.57699270693
172.460346121893,150.904760909398,7107.57761736317
177.512003970573,920.738263410215,7107.5778621288
195.346468316964,1082.23385808515,7107.5787262538
207.683606754011,1592.1242102479,7107.57932401943
224.443243462528,845.863157294957,7107.5801360663
246.463182910413,1909.4408276743,7107.58120298818
345.117400354672,62.8520777090635,7107.58598303505
350.815954195731,103.487780844791,7107.58625914443
3.38818094226035,250.509890609152,7107.58686830068
7.13895221758726,1193.21164060437,7107.58705003505
24.4077857260248,1273.17045794939,7107.5878867538
39.8342877858251,74.512715442232,7107.58863420692
49.5025772115538,2629.97157385314,7107.58910266005
174.552853814336,25.3677495676286,7107.59514726943
179.850886802631,204.601696696116,7107.59540397255
187.581390598277,161.024221734252,7107.59577853505
196.093909639629,1353.73645626657,7107.59619098818
208.392027895723,177.031139747541,7107.59678686317
211.384002476536,1072.74777949584,7107.59693183193
229.767328732271,1384.47708852851,7107.59782255068
256.15010754599,281.45044628225,7107.59910086318
342.407205239642,23.8158017612511,7107.60328023818
358.500919608584,176.393191719804,7107.60406001943
3.58256811404369,154.59490632086,7107.60430623818
6.05857378934983,146.353817953582,7107.60442620693
13.157983109751,1127.93596684924,7107.6047701913
23.4177017886761,84.8303025047237,7107.60526730067
32.6335510106091,1092.73856629954,7107.60571383193
46.7907696439514,1062.61122123641,7107.60639978505
61.896403590382,172.406991461038,7107.6071316913
90.0302518002057,243.048470238705,7107.60849484755
175.698822475092,36.7166089199067,7107.61264570693
182.343211727648,130.543506560166,7107.61296764443
189.80089692734,638.471386871231,7107.61332898817
202.541458564206,848.701664502016,7107.61394630068
222.637156555641,1396.58395958975,7107.61491998818
235.78533355878,2245.18559299725,7107.61555705068
348.348459711354,93.4712654498959,7107.62101101943
350.495535198137,23.7045990475471,7107.62111505068
358.571093107363,256.439924850582,7107.62150633193
6.61827281238232,176.073350344197,7107.62189623818
11.5135275668704,971.575264685498,7107.62213342568
18.9657305554585,345.68473084029,7107.6224945038
26.3750437171869,66.2361485104235,7107.6228535038
32.1693742602389,2165.57838328413,7107.6231342538
62.6347568473217,304.53639610073,7107.6246103788
72.9147918054677,955.350021314416,7107.62510847255
169.707974087066,118.708626262176,7107.62979834755
180.374663241336,263.094324104429,7107.63031517568
182.975578419938,128.146687705666,7107.63043495693
189.396811159155,771.904262730772,7107.63074608193
206.140646312996,918.122522453046,7107.63155736318
213.523193572923,1008.0219992048,7107.6319150663
240.484180024294,2247.32699116714,7107.63322139443
354.842877814863,222.548340866879,7107.63876236318
1.70558637320813,97.93761635013,7107.6390948788
5.80689404830394,220.000961892453,7107.63929359755
10.3554821990971,1352.84783375766,7107.63951398818
28.9326193149452,298.050861768928,7107.64041409755
32.7969037449788,1268.43935355225,7107.64060133193
50.8906424761491,399.914795723433,7107.64147801943
66.3658391320031,2904.60056007191,7107.64222783193
172.005307813486,154.837795363072,7107.64734633193
177.37751133007,196.162780463638,7107.6476066288
188.876845261679,1301.19670593842,7107.64816380068
204.707093004305,400.290439683815,7107.6489308163
218.056175418609,1477.74525949274,7107.64957761318
229.542932625603,2438.26470125441,7107.65013417568
357.116238430537,162.302657424895,7107.65631542567
6.05830164504003,75.1404702348246,7107.6567486913
10.9700029202168,508.760311657142,7107.65698667568
18.7579082029158,1334.05109181695,7107.65736401943
34.1212041190939,1362.59026284336,7107.65810841005
61.411443204453,109.915042345587,7107.6594306913
68.1264557097729,1644.14371006671,7107.65975605068
171.020324987599,33.1357996596893,7107.66474151943
178.280007160724,277.686845739922,7107.66509326943
186.673530911348,220.683124552146,7107.66549995693
190.39947118291,158.791729765184,7107.66568048817
200.438613212545,1476.93113294878,7107.66616691005
219.231167324668,1119.37470403944,7107.66707745693
234.427418320077,1700.23461976143,7107.6678137538
356.5797378739,73.8796315791213,7107.67374901942
1.14541754893597,224.565421813594,7107.67397023818
8.62148412981244,154.716406353117,7107.67433247255
13.6779791860425,280.11210018164,7107.67457747255
21.9031681214147,299.559987926301,7107.6749760038
27.6962086949005,1694.56715326533,7107.6752566913
54.6126928668398,1625.01645473156,7107.67656086318
69.575145447248,575.575698213981,7107.67728583193
173.370670340146,35.3145672427058,7107.68231498818
184.983517464003,496.801877414299,7107.68287766005
193.365754384496,255.41210812996,7107.68328380068
196.491558361695,1150.10623247258,7107.6834352538
212.089620104351,72.9840840540952,7107.68419101943
217.428608096552,402.910427244052,7107.68444970693
224.077512111194,1608.65443188385,7107.68477186318
258.598732569839,1914.4723584219,7107.6864445038
343.765523516405,85.0515075034863,7107.69057105068
347.420195569191,94.5703793053809,7107.6907481288
356.939498972328,269.445049605466,7107.69120936318
359.882456474081,261.805688239747,7107.69135195693
4.54810509264872,322.514820405573,7107.69157801943
11.3824354092442,58.1551126699331,7107.69190916005
13.1841342243565,585.928583429762,7107.69199645693
17.9245982996841,1704.47289615794,7107.69222614443
37.9116203439634,505.797181915568,7107.6931945663
42.7175480190396,261.949156810104,7107.69342742568
57.9557214673731,736.427363534631,7107.6941657538
70.0348754516654,2428.38127384459,7107.69475101943
172.110934057811,67.7783593139303,7107.69969686318
173.881352284118,220.171700315852,7107.69978264443
183.013356562661,226.23260209631,7107.70022511318
188.642899490903,1445.6611463487,7107.7004978788
202.02906711304,296.787400211329,7107.70114647255
213.348134470794,1333.14947969865,7107.70169491005
230.575690454778,231.973384945405,7107.7025296288
236.281661329895,2109.3200519573,7107.70280609755
357.651731255936,136.040984033414,7107.70868678505
3.37543858376607,202.571306950894,7107.70896411318
9.36712718737397,33.8545129430212,7107.70925442568
11.5548352325984,1112.91043047856,7107.70936042568
23.8371519715571,434.847491348478,7107.70995553505
34.740864333348,1546.92114673338,7107.71048384755
51.6723832077272,361.207286303511,7107.71130422255
60.2597177433813,271.667299767131,7107.71172030067
74.7661828444678,796.817001269545,7107.71242317568
167.472628929133,51.0124893715602,7107.71694434755
178.214778506176,127.779606340361,7107.71746483193
184.342553962296,190.131549393513,7107.71776173818
192.261063848861,204.785285951026,7107.71814541005
195.886067765414,826.448465218732,7107.71832105068
206.995200225373,1109.12223849624,7107.7188593163
227.105087356454,1027.5166273388,7107.7198336913
269.330368154407,2216.07510120236,7107.72187961317
341.909130799767,81.0354838787219,7107.72539623817
347.974990006747,116.55228171481,7107.72569014443
359.955464941991,1098.22695382178,7107.7262706288
8.19290811897205,374.286851512196,7107.7266697538
17.5667727750437,1264.64161365192,7107.7271239413
32.2576967290649,137.072908579228,7107.7278357538
39.7411803815412,189.140758610762,7107.72819834755
46.9166950907272,1724.11362964198,7107.72854601943
84.1577165377862,3190.2849251253,7107.7303504413
168.859813001406,164.258870394285,7107.73445447255
174.844407053962,165.057648104927,7107.7347444413
179.104697574673,778.882958130112,7107.73495086317
196.132960600064,1688.8807019555,7107.73577592568
213.086085648147,1546.92114673338,7107.73659734755
226.424203715326,1201.2467687228,7107.73724361318
5.82932091591774,38.3130437098256,7107.74399814443
8.00251733849027,226.730356711613,7107.7441034413
12.7242775496278,318.056414538859,7107.74433222255
26.5341846883461,1361.70741349417,7107.74500134755
41.9771332688351,1253.17922705648,7107.74574959755
55.2920327472793,217.250828438154,7107.74639473818
93.8465174547638,1772.26322506385,7107.74826280068
168.492702885054,143.632536420135,7107.75187959755
181.411918718285,191.804142013474,7107.7525055663
188.413293955649,1305.80923851653,7107.75284480068
200.563716121176,1188.16201322147,7107.75343351943
216.555779876547,1294.71144916238,7107.7542383163
236.643738350918,2628.14192630856,7107.7552116288
342.944614684974,21.8216243685898,7107.76036217568
356.876419423933,122.831397830758,7107.76103720693
0.336958208683402,219.316662053437,7107.7612048788
5.73689500100524,231.811334017173,7107.76146651943
13.5618855666198,134.44330371204,7107.76184566005
17.4355219662902,1100.96098904222,7107.76203334755
27.2024904035258,1791.1606642329,7107.76250658193
54.994509217205,1118.2998971293,7107.76385317568
89.6269854495133,1948.09501863347,7107.76553120693
162.593369740016,39.9338825896045,7107.76906661318
174.239109867709,814.725231723656,7107.7696308788
183.947386810783,749.376449782346,7107.77010126943
194.256767534781,225.066881798242,7107.77060078505
207.121484152931,1700.23461976143,7107.77122411318
229.522595623377,1795.18422349645,7107.7723095038
251.743117961879,624.186147213379,7107.77338614443
339.360116093425,29.5780656911493,7107.77763141005
355.76566916419,178.616052504132,7107.77842630068
2.50228784321367,264.376659453447,7107.77875270692
9.25632049194439,176.712450228322,7107.77907995692
13.8448962727086,163.571128863893,7107.77930228505
23.8646894345995,1542.24999437957,7107.77978776942
39.7081589053938,760.130791643832,7107.78055542568
50.0072202482776,1499.55503569998,7107.7810544413
181.699570181021,50.3638034055065,7107.78743526943
187.019531788484,196.736640867279,7107.78769303505
192.845787923895,937.562694147687,7107.78797533193
208.750851123281,1094.38791362493,7107.78874597255
226.532106261699,1632.39965988993,7107.78960751943
252.585632403888,885.45282217467,7107.7908698788
353.038034171003,148.773049435391,7107.79575958193
1.19227733306385,269.445049605466,7107.79615467567
3.97689695521433,56.8893855634744,7107.79628959755
13.8841443738754,1245.47916424689,7107.7967696288
29.99817505958,255.41210812996,7107.79755039443
40.6629293158134,1428.92842003306,7107.7980671288
63.0475942655709,1543.02937094286,7107.79915172255
170.101462675113,98.5591469548908,7107.8043387538
183.016486191722,823.533297111823,7107.80496451942
196.009227624772,123.060631129768,7107.80559405068
198.561338651321,1064.87219042606,7107.80571770692
213.366743209067,1436.48226647031,7107.8064350663
242.847915169712,1780.38672693503,7107.8078635038
349.196841096268,87.6087813406201,7107.8130163788
358.66583748832,70.4293359743424,7107.81347517568
2.48884439389991,62.3644122454969,7107.81366041005
9.49279949531395,184.921467027976,7107.81399976943
15.4867455175065,1342.13906655134,7107.8142901913
25.8751339773441,290.128671087686,7107.81479353505
33.9526267846078,50.3638034055065,7107.81518491005
42.5302869427024,1599.65918289373,7107.81560051943
77.1250330011661,2101.32355960013,7107.81727672255
171.68793974352,40.8065387036416,7107.82185853505
177.676403592149,953.460088659597,7107.8221486913
193.809783032973,139.653011377305,7107.82293039443
201.112355070499,1783.08623421941,7107.82328422255
220.199011469273,1306.72983544855,7107.82420901943
245.040010743586,1889.18103383173,7107.8254126288
345.133136436663,64.8385303780863,7107.83026239443
349.639479651526,38.0670495125912,7107.83048073818
359.068165968143,300.061336888646,7107.83093758192
4.7638174621464,68.878285020002,7107.83121355067
7.14501384693596,226.23260209631,7107.83132892567
14.2631270690689,1437.31915258627,7107.8316738163
33.5516562529431,269.026301236153,7107.83260839443
40.4453229546286,1382.73892336116,7107.83294241005
57.7892944028326,381.250031544766,7107.83378276942
71.2402806962471,119.18251108245,7107.8344345038
174.583843455144,30.1092727139629,7107.83948134755
191.065824360157,131.76122692915,7107.8402799413
196.145538005122,842.301617343111,7107.8405260663
209.51300180061,918.777165459517,7107.8411737538
221.918506109377,183.902615358278,7107.84177483193
235.837411603174,1742.1530884576,7107.84244923817
259.239825186759,1366.99562780507,7107.84358314443
343.503025620216,68.2273404439826,7107.84766591005
348.917151627267,105.019680451957,7107.84792823818
354.826930147979,134.792232930891,7107.84821458193
359.195896653388,288.830542816143,7107.84842626943
5.76998513618725,1359.94016048357,7107.84874480067
19.7433899201488,76.6260874196512,7107.84942184755
26.4906504632921,373.281516807822,7107.84974876943
35.5265554817514,1760.00769513962,7107.85018658193
53.9556739864848,1054.66002597865,7107.85107951943
70.5450409817134,406.254113682891,7107.8518833163
170.135097014446,34.2853558044087,7107.85670870693
177.680174470597,84.1632180614837,7107.85707428505
184.881810115573,387.312848459942,7107.85742322255
195.908065081159,805.074340526346,7107.85795747255
206.325154340835,1086.66919906852,7107.85846220693
222.87646860413,1257.96795202859,7107.85926416005
251.357305863113,1171.85716685952,7107.8606441288
346.998910039415,59.905719274056,7107.86527820693
354.836477367186,131.47571920058,7107.86565795693
1.94652851416503,102.484354336241,7107.86600245693
5.05653093668792,328.974986141262,7107.86615314442
12.5151836229406,49.0406951159095,7107.86651453505
15.1217939396544,1307.64965522445,7107.86664083193
36.106570746463,960.371560054796,7107.86765759755
43.4072079610353,1077.22220032969,7107.86801133193
175.784506543008,26.5661659337724,7107.87442534755
187.296094753768,124.50265818309,7107.87498311318
190.958828844166,182.672474369205,7107.87516058193
199.859614534215,308.459757736301,7107.87559184755
208.938731975165,1451.47205365959,7107.8760317538
238.311270795551,1351.06892340531,7107.87747430068
344.549263318824,26.2549201129891,7107.88262180067
0.790028849862319,211.288014861921,7107.88340870693
4.08513512887383,114.683429419671,7107.88356836318
9.99942841167226,63.4471433724748,7107.88385492568
14.1213747739118,1177.99792143103,7107.88405464442
31.5727322747888,447.790166058226,7107.88490020693
34.195466629185,1103.68814087991,7107.88502728505
58.842332597921,1095.48625726319,7107.88622148818
80.0405916155929,302.058461576493,7107.88724859755
176.847317995741,62.0624038272233,7107.8919391288
180.25013277289,163.685939802427,7107.8921040038
186.863886402654,125.179921983687,7107.89242445693
195.980734017448,933.707000605466,7107.8928661913
210.725834703545,233.265712301645,7107.8935806288
214.227006084278,1163.6190899722,7107.89375026943
233.749656128617,1374.88986862166,7107.8946961913
271.403775153055,1598.15494171767,7107.8965206288
345.509805677626,184.921467027976,7107.9001112538
350.768496001963,97.985564107006,7107.90036605068
354.537648696015,87.8229919343276,7107.90054867568
0.0220754352818453,1164.65193045201,7107.90081441005
9.72906244633181,141.524042485131,7107.90128473817
21.1751871324261,1417.94620489577,7107.90183933193
31.4162019847028,1013.37593871875,7107.90233553505
41.1454402105523,54.3559364185597,7107.9028069413
50.4599684064504,422.576029723842,7107.9032582538
69.0667736960727,2368.21384724806,7107.90415980068
173.602391456836,193.850380192373,7107.9092248163
182.856293373161,67.8822345556718,7107.9096731913
187.379405591719,1151.15139642796,7107.90989234755
204.159358504374,800.580879367629,7107.9107053788
218.832868526229,1866.12569841316,7107.91141634755
267.508082863238,1871.27380257834,7107.91377478505
337.622449108888,122.371640598473,7107.9171720038
348.963408679769,226.066443342887,7107.91770211318
354.860610475867,113.778771126949,7107.91798784755
357.407884369949,171.313727093114,7107.91811126943
2.90295293579354,1433.12983702515,7107.91837751943
22.9793021345682,1117.22409101844,7107.91935026943
33.1290549718544,918.122522453046,7107.91984205068
48.3859322843778,198.258798267403,7107.92058128505
62.2255075968703,47.9020330346192,7107.92125184755
69.690609830621,2181.07087945896,7107.92161355067
171.904045221304,172.95102849868,7107.92656605068
183.49980085846,154.59490632086,7107.92712789443
188.137716088665,1187.14960084532,7107.92735261317
204.475870699186,1031.60457953777,7107.92814423817
222.211656071612,1890.45357146256,7107.92900358193
359.417455913842,96.6339716579334,7107.93565155068
3.93669833632545,70.7620212425653,7107.93587051942
6.30596300005408,134.792232930891,7107.9359853163
18.2574146524526,958.491508384895,7107.93656439443
24.7337915727629,332.157940041711,7107.9368781913
30.3594647424734,448.125703211844,7107.93715076942
45.1274615718394,359.329788146567,7107.9378663163
50.6286573148009,257.6095725626,7107.93813286318
56.0389134882363,334.637623167211,7107.9383950038
72.4921936684945,2911.21682316486,7107.93919220693
165.578784471191,67.9514014501059,7107.94370248818
177.572158614056,832.970303843439,7107.94428359755
185.440684010084,275.649503223008,7107.94466484755
192.307907368057,544.163936133657,7107.94499758193
204.936245744699,1992.04253092944,7107.94560945693
218.329830438435,84.8303025047237,7107.94625841005
229.740804702109,978.973124787785,7107.94681130068
247.157011818107,1546.14354652693,7107.94765516005
354.544002620169,153.252174839302,7107.95285833193
358.748181585852,162.880459120274,7107.95306203505
5.61153511020933,165.057648104927,7107.95339458193
12.8944358720684,427.878316111574,7107.95374745693
16.847402490585,134.722524802733,7107.95393898818
19.7026452528741,1348.39617249582,7107.95407733193
40.634535297174,1366.11566503575,7107.95509153505
56.4031892736665,188.643392573518,7107.9558555663
66.9647497938485,1925.74511892474,7107.95636730068
172.830119261802,47.1110234157024,7107.96152917568
177.054614469164,691.804113994721,7107.96173386318
182.863134151862,253.492254964627,7107.96201530068
197.233834920984,232.620450679732,7107.96271159755
202.898205788641,1488.28616097774,7107.96298605068
212.714191267394,1380.12756778494,7107.96346166005
231.015284994769,787.710230376604,7107.96434839443
357.340591101484,83.7716285229106,7107.97046917568
5.38680331994316,147.759263158243,7107.97085903505
12.8944730477141,137.620123630278,7107.97122280068
15.3678988214293,745.354056252978,7107.97134264443
29.4257934772523,875.208128192639,7107.97202378505
37.0772894995163,354.274498626239,7107.97239451943
45.2408846687555,65.6663612375041,7107.9727900663
54.3474129024367,1774.9751668461,7107.97323130068
179.246710043038,59.6306545808112,7107.97928298818
182.937822412727,186.136731028519,7107.97946183193
186.619905333327,1037.99591144593,7107.97964023818
201.084125460942,157.365426245448,7107.9803410663
210.408973075495,1094.93714095521,7107.9807928788
228.611065270815,2230.1387403445,7107.9816748163
262.320924642819,1923.2457848517,7107.98330814442
342.008126057669,32.5638335740841,7107.9871691913
346.739883204455,183.800419328861,7107.98739845693
351.188179928711,95.4602369374058,7107.98761398818
0.425957769811767,232.297139857174,7107.98806158193
6.38120609405798,27.8817888915706,7107.9883501288
8.04649564873529,1465.48828627857,7107.9884308163
28.1070432928337,1458.90910463464,7107.98940280068
41.2284543941708,2062.04320285508,7107.9900385663
81.8874471695011,67.6048800274387,7107.99200859755
175.163978998696,53.7038989667504,7107.99652808193
187.695895707332,113.861309269936,7107.99713528505
191.932645193844,314.491988007148,7107.9973405663
196.958504552198,232.135310973547,7107.99758408193
208.209528483696,1108.03755060118,7107.99812922255
222.675361026341,1419.64140443207,7107.9988301288
241.326668632937,172.406991461038,7107.99973383193
248.705044421258,2368.21384724806,7108.00010848818
340.946413722001,26.8081824100763,7108.0045778163
344.283119970931,108.711872837119,7108.00473948818
354.77405723835,156.166898857002,7108.00524780068
1.54195654371986,280.11210018164,7108.00557572255
6.31466873195417,1465.48828627857,7108.00580697255
20.6624733578063,462.973770432029,7108.00650216005
25.0011266858872,41.9418458297294,7108.0067123788
28.5777584518513,104.571448722446,7108.00688567568
34.5855711306834,251.557746855369,7108.00717676943
43.3299537265411,2862.90147144541,7108.00760045693
181.866630836445,49.2795734774454,7108.01431291005
191.928668971808,967.233737547701,7108.0148004413
211.606109695308,1335.852650719,7108.01575386318
228.995873430052,1497.14740604878,7108.0165964413
358.436341612305,106.264663735089,7108.02286816005
3.32030957420292,74.3233530275944,7108.02310480068
7.06753353646238,60.8393752044023,7108.02328636318
14.638086962391,951.566492268796,7108.02365317568
26.057768229689,310.402814562849,7108.02420648818
33.6354161691279,30.7842397406777,7108.02457364442
39.2417405837194,1698.81952949424,7108.02484528505
66.5077935562423,867.618477062848,7108.02616639442
176.164402523966,31.4447183569211,7108.03147953505
182.019359384132,148.899295671079,7108.03176322255
188.332883625212,812.508227365782,7108.0320691288
202.674238666024,994.813231791625,7108.0327640038
214.809181759881,1334.05109181695,7108.03335197255
241.199377607657,119.889834171438,7108.03463064442
244.700226467843,1417.09799450496,7108.03480026942
348.626033519142,30.7460688853123,7108.03983573817
354.258478831982,76.931981618511,7108.04010864443
357.104047216711,164.029956284395,7108.04024651943
7.62336280096269,158.317733922608,7108.04075620693
11.1627385913908,1125.801785129,7108.04094361318
19.9841940625936,37.4449984907876,7108.04137103505
29.9214322131183,1349.2876815846,7108.04185251943
54.8507911929087,906.921426846452,7108.04306041005
70.0322080826596,2008.87351198276,7108.04379598818
165.556106862716,46.382522822519,7108.04842436318
176.517220786644,745.757289255522,7108.04895545693
182.759154288399,346.986744892419,7108.04925789442
197.855758823283,979.587189142705,7108.04998936318
214.879829569594,1977.50171793132,7108.05081422255
237.013604655191,2289.73306981572,7108.05188666005
353.667718989122,150.405896071071,7108.05753884755
356.937994264369,95.6077370051212,7108.05769730068
4.73428406768569,70.562597431767,7108.05807505068
8.23577785634173,941.402511500655,7108.05824470692
18.5200051311093,1581.51491902458,7108.0587430038
34.3886280511335,205.517963758339,7108.0595118788
46.3246006694034,78.2637149532306,7108.06009020693
50.1950122390123,249.608222979703,7108.06027773818
63.1345443514639,2593.1354841191,7108.0609046913
173.825993364632,61.948765561759,7108.06626797255
179.02663716082,656.11982513758,7108.06651995692
187.730387235778,337.544658890465,7108.06694167568
198.314521378682,1339.44855207346,7108.0674545038
211.360472057246,1166.71516892097,7108.06808661318
226.387743271391,822.071855033357,7108.06881472255
246.710145051691,2536.87870710451,7108.06979939442
348.108027076653,79.5141036347147,7108.0747123788
352.111945634725,110.171156919581,7108.0749063788
357.958840457279,227.887583803543,7108.07518967568
6.1521038002927,1094.38791362493,7108.07558666005
14.5317609318193,952.829259937005,7108.07599267568
30.6922287574512,1344.824362981,7108.0767756913
44.4044242585976,76.9930091903959,7108.07744008193
62.1308576238459,314.013676172564,7108.07829897255
71.5392276612423,3045.26537320271,7108.07875483192
168.704787391123,125.179921983687,7108.08350641005
174.97929145125,120.124674096722,7108.08381042567
180.338918243219,1007.42536535137,7108.08407011318
195.21236618968,673.30574449187,7108.08479076943
200.811918461142,922.69519802457,7108.08506208193
222.725116859908,2548.22918321906,7108.08612383193
253.688086896231,1475.30188066014,7108.0876240663
350.737641215552,70.6956160279049,7108.09232636318
353.916654475808,277.957379335447,7108.09248039443
358.375915509647,99.3187615483393,7108.09269645693
2.78680450552231,24.806030493596,7108.09291017568
6.72751680734694,1311.32293912373,7108.09310111318
23.5445550404594,249.457648981988,7108.0939159413
29.5552700288052,864.842086834017,7108.09420717568
45.1130216960253,1844.08666115132,7108.09496098818
180.218183266483,47.9999893998606,7108.10150717568
184.996055145274,89.1500970268133,7108.10173867568
190.100922239468,783.117126701427,7108.10198601943
206.279448963278,905.594599309723,7108.10276991005
223.699525837808,1658.70683854763,7108.10361395693
248.505052281779,1034.51458510762,7108.10481584755
348.929365469339,67.3263875206054,7108.10968166005
358.006870495258,87.4477851242617,7108.11012148817
4.99695890249081,761.316343300678,7108.11046017567
12.7967960188757,850.117309880716,7108.11083809755
23.1526139578837,413.587830649931,7108.11133986318
34.7116067575888,93.1188251507287,7108.11189992567
38.6981113459534,1977.50171793132,7108.11209308193
72.0471150121582,1034.51458510762,7108.11370892568
168.852874018371,61.3008740990573,7108.11839941005
179.773677829321,639.882424824378,7108.11892855068
189.700274153268,257.901144884443,7108.11940951943
200.370833103612,209.501943571055,7108.11992653505
211.538334537184,1605.66149265406,7108.1204676288
232.194181268094,848.701664502016,7108.12146845693
242.855065765795,1096.03481845966,7108.1219850038
348.358944055289,42.4151512523618,7108.12712214443
354.584431073898,92.8156718149609,7108.12742378505
359.014023933963,208.24257596086,7108.12763841005
10.5594726351182,1018.11126196338,7108.1281978163
15.5546962955963,790.757459512292,7108.12843984755
29.9299118268046,1139.60285652581,7108.12913636318
42.1229014488098,40.8353073577672,7108.12972714443
56.7041820066565,351.505852203005,7108.13043364442
64.1886331456929,1921.99478554755,7108.13079628505
170.189925019535,43.8311921480139,7108.1359323163
177.2083917436,116.55228171481,7108.1362723788
180.571541373785,830.802093787497,7108.13643533193
196.899376603192,733.564264887576,7108.13722645693
209.876316444024,1246.44428112219,7108.13785522255
227.962960624142,2143.25246439273,7108.1387315663
244.902218978044,1160.51468435074,7108.1395523163
349.384304972744,53.5725422357025,7108.14461473818
353.34210876127,103.215082314367,7108.1448065038
6.01656183237447,1013.37593871875,7108.14542061317
13.0953324280904,179.455603155354,7108.14576359755
19.3585496580852,1069.37958488373,7108.1460670663
26.8797635219477,41.3780849861656,7108.14643148817
38.4774540571409,2277.09406885879,7108.14699342567
70.192771278021,411.766648555911,7108.14853011318
179.977082502555,83.4907906699378,7108.1538494413
185.965868834191,178.931341965338,7108.15413961318
192.945960305774,119.654522401369,7108.1544778163
202.583936516633,1122.59279649862,7108.15494480068
216.1306994745,1347.50410829554,7108.15560117567
229.75389037924,755.369988780785,7108.1562612538
248.384881706615,2103.61150720928,7108.15716397255
349.875960569521,91.0787348318287,7108.16208147255
355.069832335204,194.044127987958,7108.1623331288
0.495245097303698,165.739227897532,7108.1625960038
7.29087779103613,1054.0898154332,7108.16292526943
19.5093433452772,1089.43221110991,7108.16351728505
26.6486690556244,230.184565852554,7108.16391283193
42.8987864812161,397.275046193357,7108.1647001913
51.8543938318107,2662.68851412121,7108.16513411317
75.800832117188,319.235693435616,7108.1662943788
182.745702059026,154.351656456164,7108.1714761288
185.022414775739,171.094222123358,7108.1715864413
190.520063205633,40.6045960743562,7108.1718528163
202.468935031524,1623.53597232823,7108.17243176943
218.129558026873,1076.6638691706,7108.1731905663
239.917311474788,937.562694147687,7108.17424623818
264.039824092482,265.79424772244,7108.17541503505
267.91346045461,30.3230253406728,7108.17560272255
354.093807755923,78.9806484102762,7108.1797783788
358.807828487538,126.523569399239,7108.18000678505
4.51573418560895,214.114725949344,7108.18028334755
9.62898580042138,288.570223272444,7108.18053109755
16.3894680717335,879.3203387647,7108.18085866005
26.5318038749616,1092.18811772394,7108.18135008193
42.9712173610386,577.661085632286,7108.18214661318
62.2516845448424,1904.39619629501,7108.18308080068
174.904137776828,184.208856501833,7108.18853909755
182.964216614384,84.4974160085776,7108.1889296288
188.446063527144,1237.73125082494,7108.18919523818
197.86668784369,141.656741892149,7108.1896516913
213.956854937106,1703.06124758213,7108.19043130068
230.14247624951,242.11904703364,7108.19121553505
245.822125592055,118.550239069926,7108.1919752538
256.557503101052,3000.71367753674,7108.19249541005
335.712611610254,22.5233772604971,7108.19633067568
342.970681368347,137.004352307457,7108.19668234755
352.746679254672,112.616888037209,7108.19715601943
356.349109510961,171.64243637513,7108.1973305663
4.09057761619129,1661.60418757499,7108.19770566005
24.9499095472325,1297.49477828511,7108.19871634755
37.7814106409988,914.84231301564,7108.1993380663
53.6503560440291,230.999372408114,7108.20010695693
62.528890594362,312.81469081712,7108.20053714443
180.191297123382,51.5620116048332,7108.20626773818
191.119195560467,192.586210867596,7108.20679722255
194.379473900064,165.512339944662,7108.2069551913
203.83524860149,848.701664502016,7108.20741334755
222.310804283692,838.007774284222,7108.20830853505
231.065828781211,1304.888086473,7108.20873273818
347.494529258301,21.9958253000474,7108.2143740038
357.396294540941,89.0446605339434,7108.21485376942
4.41185895549333,134.023375730763,7108.2151936913
10.6286390080192,219.145257496223,7108.21549491005
14.8324954531542,910.230169015591,7108.21569859755
29.6333852863561,983.262915532634,7108.21641573818
38.6128561916974,1560.07995411045,7108.2168508163
65.0272381147688,50.3638034055065,7108.21813066005
74.0154160237345,1690.30411889537,7108.21856616005
166.156171339851,29.6177422864918,7108.22303061318
175.383952282845,141.125194863534,7108.22347772255
187.791714010196,159.146307243674,7108.22407891005
190.339632795207,1228.9562700829,7108.22420236318
198.485491511733,307.972036761583,7108.22459705068
208.816800929982,1094.38791362493,7108.2250976288
223.939848808578,1792.50281284737,7108.2258303788
260.653614519997,1604.16302463773,7108.2276092538
342.255383013737,65.7735810261073,7108.2315630663
355.333581730125,279.843676009861,7108.23219673818
0.107261329836472,144.02443127004,7108.23242803505
5.50171594859544,1167.74534486552,7108.23268941005
20.706673910087,1165.6839937757,7108.2334261288
32.8870868074772,1072.1870058461,7108.23401630068
57.811286096711,463.622668034347,7108.2352239413
68.7617581565186,60.6460506813455,7108.23575451943
82.1130978767827,3476.01325501046,7108.23640142567
162.637458831057,83.6594057918028,7108.24030303505
169.51854884567,787.710230376604,7108.2406364413
184.401026241219,749.777517849992,7108.24135753505
197.033234376393,1710.10750005252,7108.24196959755
211.25527160593,1110.74738295969,7108.2426586913
235.296841627288,258.628646276904,7108.2438235663
240.338825023325,1480.99654762035,7108.24406786318
357.032875977473,139.653011377305,7108.24974505068
2.64790735814701,124.351653973953,7108.25001711318
10.8876078786294,169.105979219708,7108.25041634755
14.3000970333379,1188.16201322147,7108.2505816913
33.0971659075473,929.188559428695,7108.25149245693
43.1708133185069,208.783240696064,7108.25198055068
46.8780497258787,1697.40332900403,7108.25216017568
85.4086708786164,27.776295152826,7108.25402708193
183.674621786803,101.748359737641,7108.2587883163
186.834608699863,175.859785067622,7108.25894142568
190.208400231708,299.308994256009,7108.25910489443
208.903242668718,1361.70741349417,7108.26001070692
220.232951890592,1493.93120096875,7108.26055966005
240.545356810327,1338.55049266884,7108.26154384755
350.246145536935,108.625414219077,7108.2668591288
356.16721092532,98.7495987758713,7108.26714601943
7.01513417754731,1121.52109821295,7108.2676716288
9.57756462275174,37.9743909928454,7108.26779578505
21.7653945917419,982.651182646066,7108.2683863163
28.3801155954406,198.82660795556,7108.2687068163
38.0738809909469,53.5286814873359,7108.2691765038
45.3909646511244,287.787849106991,7108.26953103505
58.7751974503076,1896.80382511881,7108.27017953505
177.393218387653,36.7166089199067,7108.2759268788
185.324950002387,903.600638757496,7108.2763111913
199.902360801701,277.957379335447,7108.2770175038
207.468399503085,135.348648955258,7108.27738409755
215.049917238598,1724.11362964198,7108.2777514413
241.32659996921,795.30643182224,7108.27902461318
254.32708084424,1691.72631458991,7108.27965451943
335.779218349376,25.7582219442831,7108.28360108193
347.799358394044,94.7192602129832,7108.28418348818
351.697180793925,143.893924553495,7108.28437234755
358.251597963515,30.5544999024132,7108.28468992567
3.16781400077835,1106.40852035715,7108.2849281288
10.201437313508,327.371879604854,7108.28526892568
22.0638843319591,1374.88986862166,7108.2858436913
38.7164574708098,22.5103408135752,7108.28665055068
42.4743233347306,252.452420079763,7108.2868326288
49.2458317233053,324.373694571278,7108.28719551943
64.0612331791589,2306.47723142852,7108.28791336318
173.168012788521,37.4449984907876,7108.29319986318
178.548923196105,337.32192039615,7108.29346058192
190.915407361461,271.25202084477,7108.29405976943
198.423399572238,1480.99654762035,7108.29442355068
207.838864160686,264.944594041694,7108.2948797538
218.294651118309,1290.99109180686,7108.29538636318
237.26650439281,126.597801686223,7108.29630559755
241.635470860677,1800.53505438593,7108.29651728505
352.227918341791,88.7275877770044,7108.30187576943
356.540773179546,51.3794909395848,7108.30208473817
359.388598982861,127.632474034023,7108.30222272255
4.86335126948434,29.3788847416376,7108.30248798818
13.8289555557279,1349.2876815846,7108.30292239443
22.3060018042787,865.53697542513,7108.3033331288
40.0169560978567,714.46421001653,7108.30419126943
54.3499266555926,270.974798155521,7108.30488573818
76.2724769489116,2056.20342974555,7108.3059479413
172.818961532805,94.520689886135,7108.31062586317
175.658080294953,683.497813902534,7108.31076342567
193.951757025811,1387.94697956968,7108.31164980068
201.576164663267,354.910351108018,7108.31201922255
213.633389953308,1378.38385150246,7108.31260342567
234.603655212548,996.021265464719,7108.31361948818
1.03795974942521,151.277837479036,7108.31974555068
4.48495432300026,31.8712937985577,7108.3199125663
4.86612634556176,113.033221671444,7108.31993103505
20.1620238390377,1192.20344707571,7108.32067216005
29.8016124649274,164.029956284395,7108.32113922255
38.1354773099139,1265.5920755833,7108.32154301943
55.8809370599,46.0011889691359,7108.32240283193
80.5652108320994,339.542616245581,7108.32359884755
178.900978719837,96.4880328413464,7108.32838533193
186.005225210247,49.8482019550828,7108.32872955067
193.882135164435,913.526920776064,7108.32911120693
211.653715850211,1085.56208466837,7108.32997228505
227.152776060812,1264.64161365192,7108.3307232538
251.458457636957,1181.05636381927,7108.33190092568
349.551558930264,115.41832073414,7108.33665378505
357.208537163633,191.117191516987,7108.33702478505
8.34604794042451,1122.59279649862,7108.33756442568
17.693791698248,180.291254148202,7108.33801734755
27.024121411281,1303.96626829565,7108.33846942567
39.6485900293904,47.5081744777395,7108.33908111318
53.6290893268622,424.350832251008,7108.3397585038
67.7266490921083,2607.93253659131,7108.3404415663
165.415359811661,28.2167171572478,7108.34517483193
177.563202188222,1025.75969940233,7108.34576342568
189.889698723607,277.686845739922,7108.34636067568
195.625015327033,592.560944756571,7108.3466385663
208.026649877268,1850.596009767,7108.34723945693
230.355203196914,2023.18872766227,7108.34832133193
266.544293074285,1079.45241634155,7108.35007478505
344.407222013758,63.038636810564,7108.3538474413
349.468231756991,84.2747607809891,7108.35409266005
355.154853764364,139.113803809821,7108.3543681913
1.72184769611107,305.521941079689,7108.3546863788
6.68514587685531,374.286851512196,7108.35492686318
10.3420753106842,27.6491728817829,7108.35510405068
15.438880404808,1191.19436536863,7108.3553510038
31.3181451889518,1504.35874868293,7108.35612039442
49.5276544558717,1105.8650661866,7108.3570026913
174.458554705826,28.6298675739038,7108.36305591005
187.168480607273,214.114725949344,7108.36367173818
192.757068569151,43.5085058259066,7108.36394251943
196.485911150227,193.267943315867,7108.3641231913
202.805884976346,861.359039650011,7108.36442941005
215.58385430405,1222.08776431876,7108.36504853505
239.404202635022,681.736223029361,7108.3662026913
250.951908679679,1648.52620443412,7108.36676220692
338.99584466283,26.3219255419722,7108.37104376942
348.326496933952,122.217999609653,7108.37149586318
355.928330986227,149.025430884464,7108.3718641913
359.553012344691,155.322421591109,7108.3720398163
6.42088063113483,39.5497523619781,7108.37237258193
9.00491728758468,1190.18439548313,7108.37249778505
22.6771252338434,1190.18439548313,7108.37316023818
44.13788335373,760.130791643832,7108.3742000663
57.1909285833467,2230.1387403445,7108.37483251942
179.016018614774,71.4884887398348,7108.3807352538
181.618759135414,781.195330645801,7108.38086136318
188.939067663195,175.324768592056,7108.38121605068
203.799938885041,1018.70167856788,7108.38193609755
217.355086325984,1789.81740539541,7108.3825928788
232.796100045977,997.227855847882,7108.38334103505
350.751745919273,22.1951259454789,7108.38905628505
358.279731926265,157.126464617185,7108.38942103505
4.99764677864013,130.831054323544,7108.38974653505
11.5633507408206,823.533297111823,7108.39006466005
24.6247804535138,1157.4019520566,7108.39069751942
47.8530545277358,1495.54024719833,7108.39182298817
85.8454556727919,222.210361222608,7108.3936638163
174.901684536163,52.6438510839444,7108.3979788163
182.386135637658,223.39100014257,7108.39834145693
188.657737388271,141.125194863534,7108.39864533193
195.679106384308,279.574974282326,7108.39898553505
205.053616006392,1453.12806232312,7108.3994397538
226.94714309195,280.648199124656,7108.40050055068
236.095916299103,1356.39866005732,7108.40094383193
356.073192745872,91.4390299588952,7108.40675703505
6.22681534169066,67.5353661883094,7108.4072490038
8.6296179377258,350.863810227864,7108.40736542568
14.1466151978219,194.527671748546,7108.40763273818
23.0980303444199,217.077786301978,7108.40806645693
25.9639149708284,1300.27222322582,7108.4082053163
41.3517194077657,1235.78669519731,7108.40895089443
64.6590011802863,91.2847922251991,7108.4100801913
181.839708765959,56.3501398320732,7108.41578711318
185.235106471508,78.5034190431411,7108.4159516288
188.479905739435,228.546223612902,7108.41610884755
203.604566070604,1116.14728570686,7108.41684167568
222.319079895905,1423.87024393287,7108.4177484413
243.416079925396,1479.37173622381,7108.41877064442
349.968168606618,45.2548241935968,7108.42393336318
352.568651783756,48.3655684946349,7108.42405936318
356.75315943623,217.941623081863,7108.42426211318
8.04288099059169,246.883513632667,7108.4248091288
11.4208648015172,441.706698994793,7108.42497280068
16.6266682507198,1374.88986862166,7108.42522503505
33.3224538496031,107.057362974672,7108.42603398818
36.5443570118018,107.057362974672,7108.42619009755
45.9446650491278,1864.83650743696,7108.4266455663
110.070245038225,476.099049073753,7108.42975261318
179.076568159159,31.1445209899563,7108.43309614443
185.015369962717,717.403525474225,7108.43338389443
200.247416309017,1022.82482483673,7108.43412192568
214.334011727137,1001.4393758695,7108.43480445693
230.348073356685,1639.74966937985,7108.4355803788
358.65856971997,87.715952556966,7108.44179734755
2.65861848196819,72.01221563502,7108.44199116005
6.44260524413705,226.23260209631,7108.4421745038
18.6510739378125,237.575487060937,7108.44276603505
24.0107007297822,1521.84276291933,7108.44302572255
37.337854449835,334.862138018366,7108.44367145693
42.8435648422575,45.1769108233968,7108.44393822255
56.6173541470786,1015.74637589863,7108.44460559755
73.475024901091,1894.26629937373,7108.44542239442
173.382401809209,231.649158188851,7108.45026316005
179.014202193578,101.932857987652,7108.45053603505
188.99884497059,1188.16201322147,7108.4510198163
198.469584807512,458.077881182462,7108.45150178505
202.99817916209,1146.96530051361,7108.45172120693
224.954267462799,1717.12477570196,7108.45278503505
239.320775990383,1553.90145195611,7108.4534811288
351.005465079078,67.6048800274387,7108.45889253505
357.55246521461,158.317733922608,7108.4592097538
8.11273584030875,373.482800242186,7108.45972142568
13.7848462250299,291.678792230243,7108.4599962538
22.5882427980548,1463.02447934232,7108.46042280068
37.1327605935337,56.4334343144957,7108.46112751943
49.5166586535133,1681.74563164314,7108.46172755068
75.9684483049648,1086.66919906852,7108.46300920693
168.928949190799,111.358561261099,7108.4675133788
175.417902835724,32.3104147603726,7108.46782778505
181.291241114616,139.248806929615,7108.46811236318
188.992399144411,953.460088659597,7108.4684855038
203.984197453128,1184.10692362403,7108.46921189443
221.000851165381,1494.7360016393,7108.47003639443
243.07174251528,804.327215941925,7108.47110578505
267.721188385606,1399.16456198819,7108.47230011318
338.37377467648,53.7912943354701,7108.47572341005
344.031050993085,31.50068747515,7108.47599751943
346.951112351568,81.7855644319465,7108.4761390038
354.945405218995,339.985040120894,7108.47652634755
2.72041129407311,325.760918240547,7108.4769030663
8.62535264477657,1100.4146482918,7108.47718917568
17.2226841160797,1190.18439548313,7108.47760573818
36.8830333904203,1285.39012766993,7108.47855833193
61.2216079704014,2455.95477288418,7108.47973759755
175.348119798542,150.655543595946,7108.4852673163
183.38143280938,39.6683415282428,7108.48565655068
186.612687941215,1056.93798158057,7108.48581311318
198.00334596321,886.131612531926,7108.48636501943
209.705520128937,843.728031885149,7108.48693201942
231.322681380557,2991.08049439667,7108.48797942568
273.043602586141,617.406625824657,7108.49000091005
346.24997479733,92.4607335139882,7108.49357067568
350.44286689534,132.259384000299,7108.49377383193
359.605829242139,117.914580877176,7108.49421780067
2.73292315136271,367.600838657722,7108.4943693163
8.67591723400019,1275.05805913586,7108.49465726943
24.9908532557865,97.3603697662639,7108.49544776943
28.425916070759,380.263098787026,7108.49561420693
39.0945401230661,240.561986997179,7108.4961311288
46.2887586964422,1678.88303259645,7108.49647970692
69.9591536308881,2849.42913708619,7108.49762659755
168.296695240857,84.6640188512104,7108.50239130068
173.015230621933,196.545529851377,7108.50261992568
177.160073127443,233.265712301645,7108.5028207538
186.254992123069,1014.56187895366,7108.50326142568
198.347045352524,1405.16787094924,7108.5038473163
213.339811110261,2680.69211273314,7108.5045737538
238.351725101417,940.124311732404,7108.50578564443
344.492973473678,27.776295152826,7108.51092845692
2.98820054417254,326.452309629133,7108.51182459755
9.88412462690112,52.3306259436751,7108.51215872255
12.4014078266612,143.239559102781,7108.5122806913
24.5134547772475,1226.99783666746,7108.51286755067
40.8096869348439,42.4704889312455,7108.51365714443
43.1870135611012,1351.95865613724,7108.51377233193
57.8385948887055,370.452057918413,7108.51448223818
180.446345169393,53.3528915491743,7108.52042289442
183.072949282322,138.504693825148,7108.52055016005
192.812506851743,224.398027937056,7108.5210220663
202.666867545437,1174.93148543701,7108.52149953505
212.01622368075,362.246121987653,7108.52195253505
224.64456201985,1302.12052251721,7108.52256441005
3.75525452586796,151.526027836191,7108.52930467568
6.84848794469595,62.6649634960508,7108.52945455067
10.612803431198,122.448398642838,7108.5296369413
16.0907805478832,1088.88009719976,7108.52990236318
34.9052633167164,252.601245476214,7108.53081397255
42.8908491429771,36.8124350447196,7108.53120089442
46.7848018218683,1276.00086052837,7108.5313895663
68.142043760239,2337.54926526331,7108.5324243788
169.064308527843,43.0472220369627,7108.53733526943
175.621305561483,861.359039650011,7108.53765297255
190.942034021182,1093.83835322774,7108.53839530067
203.40526233755,314.969578196767,7108.53899917567
208.557534133315,1999.27319144422,7108.5392488163
240.081942841137,1978.71763418789,7108.5407762538
352.860163469438,130.038785295383,7108.54624064443
355.836981424046,49.3747993879357,7108.5463848788
359.99536814073,82.0149781421975,7108.54658636318
10.6672169855574,1333.14947969865,7108.5471034413
22.265229966215,151.526027836191,7108.54766539442
34.9964396709852,527.614951728594,7108.5482822538
39.6595083879618,331.251664986709,7108.5485081913
51.0192082666159,55.7635777831411,7108.54905859755
58.6836035340426,2726.94489211744,7108.54942995693
172.5601929095,39.8160809877979,7108.5549475663
185.385566901233,955.350021314416,7108.55556898817
197.467300787116,298.55476424423,7108.5561543788
211.737710054617,1994.45571169576,7108.5568458163
223.511152514204,1455.60841158243,7108.55741626943
252.232560256234,1346.61148898374,7108.55880789443
348.330796877869,27.9868853786391,7108.56346409755
350.137977941628,83.6032423845445,7108.56355166005
357.626298764113,320.410670218152,7108.56391448818
6.15171705062808,250.059473128061,7108.5643275663
11.8141530953313,670.621447262931,7108.56460192568
15.6874670119955,212.529327470179,7108.56478959755
27.3225652380272,189.735852029749,7108.56535334755
30.4538513887893,1493.12606723129,7108.5655050663
50.1712797047185,1829.68462603128,7108.56646042568
89.8315501934178,94.669660999358,7108.5683820663
179.168982135819,53.396891075419,7108.5727106913
182.067759766063,186.237650301457,7108.57285114442
190.216198346638,274.556738455445,7108.57324595693
199.134075448305,1391.40821087125,7108.57367805067
207.438272119517,159.264323951191,7108.57408041005
219.420532658933,1313.15569529278,7108.5746834413
231.852480386496,456.763460388032,7108.57528580068
239.005099027495,343.503753219565,7108.57563236318
357.537985089425,44.4695461010447,7108.58137558193
3.91923019867094,157.126464617185,7108.58168476943
9.29723833428294,209.860379074556,7108.58194534755
19.0738811866198,167.094060810058,7108.58241905068
22.872379608982,305.521941079689,7108.58260309755
32.0692024086355,58.0742849642935,7108.58304870693
35.3901071404306,1531.2953127733,7108.58320961318
63.1711616069841,1521.0523951481,7108.58455567568
178.191911978597,36.3307856021677,7108.59012872255
180.736283525623,258.48331808298,7108.5902520038
192.486507358934,309.189812641719,7108.59082133193
200.212496392494,900.935104297673,7108.59119567568
208.487347335396,188.941973178203,7108.59159661318
212.048822550238,34.0102460083536,7108.59176917568
220.571983493252,2100.17891966174,7108.59218214443
240.07431725837,510.82421625992,7108.59312708193
276.471084614952,443.404896133259,7108.59489059755
345.544161192576,28.3205715823076,7108.59823736318
349.821543199988,64.4388500892212,7108.59844461318
1.53532675393741,203.127056841446,7108.59901217568
6.33415980287838,216.210521708504,7108.5992446913
11.824391198714,261.662108647087,7108.59951070693
20.3843149040953,154.107990257835,7108.59992545693
26.7907135376542,1444.82914521404,7108.60023586318
45.4952304273068,378.678643997432,7108.60114214443
53.2973248871929,1430.61051893767,7108.60152017568
182.336949771217,46.5341827571297,7108.60777247255
184.169284246664,245.968551082498,7108.6078612538
189.289307929522,162.995783536957,7108.60810933192
200.75639386085,796.817001269545,7108.6086649413
205.111816192625,253.788573489899,7108.60887597255
214.754629611035,61.3774517321808,7108.6093431913
216.935888071219,811.026967806328,7108.6094488788
225.718000878463,1700.23461976143,7108.60987439443
352.721554154101,25.4139990302216,7108.61605867568
355.220133452129,73.2410729287203,7108.61617973818
1.00543454609266,148.393700105665,7108.61646005068
14.2838937076334,260.077570590767,7108.61710342568
17.327465118931,184.208856501833,7108.61725089443
23.9021986052837,964.744062414979,7108.61756945693
33.9126398350796,281.983991712309,7108.61805448818
44.8276390270024,111.189703277947,7108.61858334755
50.3643076378487,1170.83054362865,7108.61885161318
72.9747089649948,2135.38320359419,7108.61994714443
170.132294190376,204.785285951026,7108.62465467568
179.539051850284,175.002984326156,7108.62511045693
183.070858891351,110.511717832384,7108.62528158193
187.74908415945,827.902246758327,7108.6255082538
198.126508347245,347.419676360872,7108.6260110663
207.456193131808,198.258798267403,7108.62646311318
210.31369327514,1501.15808672524,7108.6266015663
233.892826157053,2825.69745380101,7108.62774403505
355.193240354433,190.427770774271,7108.63362134755
3.58128193149403,56.5581505240775,7108.63402776943
6.36267668604139,255.41210812996,7108.63416253505
10.9854354026657,1391.40821087125,7108.63438651943
29.9688979527633,216.384243856282,7108.6353063163
37.3437056580836,1384.47708852851,7108.63566364443
56.1230380420379,438.633324106874,7108.63657355068
70.7207651581151,162.534027903227,7108.63728084755
83.0672555272561,259.498977861483,7108.6378790663
172.411781983167,30.2454727929558,7108.64220803505
183.534781137307,186.640758403911,7108.64274697255
186.685738601277,115.010626022816,7108.64289964443
192.930896933095,206.793915324965,7108.64320223818
203.680463619279,613.008699357209,7108.64372308193
212.971128297972,445.096681733759,7108.64417323818
218.464906931792,359.956703332998,7108.64443942568
224.10896155777,414.676709636908,7108.64471289443
231.042938334891,1502.75925037135,7108.64504886318
352.255315309799,42.5257537517432,7108.65092191005
0.0445104869812951,134.44330371204,7108.6512993163
6.86884394301106,68.0204920167071,7108.65162997255
9.07525585242555,125.404867046264,7108.6517368788
14.9959987578053,1150.10623247258,7108.6520237538
34.916589828401,424.350832251008,7108.65298895693
39.5803035489314,313.294806764119,7108.65321492568
43.8825165976508,23.4305474328123,7108.6534233788
53.1477052690247,2693.22297796748,7108.65387230068
176.177311802142,36.4276248054907,7108.65986361318
181.388919945455,642.695063834964,7108.6601161288
197.297208012444,635.640096113832,7108.66088692568
201.059911083915,678.199330028662,7108.66106923818
212.123896298429,2043.29686503968,7108.6616053163
233.651085429541,199.015526280988,7108.66264836318
249.568725428625,1325.91382318026,7108.66341961318
350.114291325498,114.108569815308,7108.66829130068
355.688045144176,41.576273673849,7108.66856136317
358.955095626903,92.3081958092986,7108.66871966005
7.80396192837843,1092.18811772394,7108.66914841005
20.2097887201511,261.949156810104,7108.6697495038
24.2178995197612,442.046871329538,7108.66994370693
32.6804341081185,57.7091603670699,7108.67035373818
39.9726868020726,1674.5800301976,7108.6707070663
59.2863694351765,1859.67075072568,7108.67164286318
182.949921081626,65.5231424673275,7108.67763467568
185.304029081607,379.669684580364,7108.67774873818
189.414043685244,361.415286587174,7108.6779478788
200.051387148746,125.554594498922,7108.67846328505
205.12142637861,1479.37173622381,7108.6787089413
216.638174279926,1268.43935355225,7108.67926695693
230.983721562277,335.534766637835,7108.67996203505
242.829399652116,380.263098787026,7108.68053598818
266.532687515314,2203.01377140686,7108.68168447255
344.157948356339,127.411456385396,7108.68544561318
352.664340295657,77.6007036407123,7108.68585776943
355.889468250376,464.917687681421,7108.68601403505
1.62478489134417,78.8020274034018,7108.68629192568
8.71903452118859,388.475362989027,7108.68663566005
16.4701770415197,1224.05419133997,7108.68701122255
26.9762708976022,663.410271162235,7108.68752026943
34.2598165879319,147.886355938986,7108.68787317568
39.8683983460248,574.006620013279,7108.68814492568
48.5737607984716,49.5646995668508,7108.68856672255
63.1531064958231,3208.32604927546,7108.6892731288
173.477250180611,401.040756159432,7108.69461861318
185.881142036805,184.616391618597,7108.69521961318
189.65738928191,1097.13138574108,7108.69540258193
207.127773129983,52.3754858927639,7108.6962490663
210.332584843022,1680.3148872313,7108.69640434755
222.836123234825,1854.49067213739,7108.69701017568
260.114174487587,462.973770432029,7108.69884101942
337.216694317516,22.8083316122785,7108.70257683193
354.480045652391,120.593007801872,7108.70341328505
2.0283479010615,184.718157436592,7108.70377901943
8.57244572708001,195.29883266145,7108.70409609755
11.7008295307868,262.808497186739,7108.70424767568
20.1020928360171,1237.73125082494,7108.70465473818
31.6081988732135,65.6305912394295,7108.70521223818
34.5566385860717,650.136111612909,7108.70535509755
58.1090055661832,1122.59279649862,7108.70649626943
89.480558492882,1925.74511892474,7108.70801630068
170.525403002125,97.841644508545,7108.7119431288
173.286159031987,213.059112019742,7108.71207689443
178.402957922325,148.899295671079,7108.7123248163
189.613349295382,1295.63992867787,7108.71286798818
200.407418260998,544.716105554954,7108.71339098817
208.40300106045,421.150808671555,7108.71377839443
218.246074924012,75.7630139180954,7108.7142553163
220.715308493731,1248.37229442676,7108.71437495693
237.155689428826,1801.87020859535,7108.71517153505
349.449221815508,20.4607424753034,7108.7206124413
352.571478517181,131.189586971558,7108.72076372255
358.198764101922,84.7194814301844,7108.7210363788
8.3043371427827,779.654507621075,7108.72152601943
16.4169803724667,302.555674958072,7108.72191909755
19.9291160252424,263.807475864297,7108.72208926943
27.0436819343077,33.8371622388145,7108.72243398818
28.7831420172747,129.168939433377,7108.72251826943
37.2289076394787,1601.16175873526,7108.72292748818
69.3276542264217,517.838161240292,7108.7244827538
175.881677730597,41.3496979712047,7108.7296455663
191.18015505058,236.147629228967,7108.7303868163
191.687416952463,163.685939802427,7108.73041139442
203.935550755562,251.258791550413,7108.73100484755
207.140039985595,1055.79955889112,7108.73116011318
231.523439403098,521.021337185346,7108.73234155068
244.980552798546,2358.03665482592,7108.73299358193
343.158466521804,76.1957719142003,7108.73775055068
349.138223366809,27.1995620471088,7108.73804028505
359.239736359762,608.084860242997,7108.7385545663
9.39368147612783,159.028207269429,7108.73904655068
13.3759938229542,247.946663201049,7108.7392395038
19.4821630302871,1712.91780759475,7108.73953536318
38.6607263349807,92.5115262173648,7108.74046461318
43.7385050443666,657.949972282523,7108.74071064442
53.7966734587394,560.760549106476,7108.74119798818
70.0667846805459,2732.2313300715,7108.7419863163
174.166731203666,260.366367355047,7108.74703022255
181.013638282419,204.601696696116,7108.74736197255
190.395564901019,1436.48226647031,7108.74781655067
200.228641866474,317.346732225943,7108.74829298818
215.139820061862,1611.64170897621,7108.74901547255
244.736762520715,742.525374519687,7108.75044951943
262.416113742482,2974.95583723162,7108.7513061288
340.347086108212,65.5589818543412,7108.75508208193
348.19690764005,185.428797316867,7108.75546242568
354.601371413114,295.518526316485,7108.75577273818
358.293128748816,211.643411129891,7108.75595161318
3.83753683918442,44.6013885546659,7108.7562202538
9.78246581985882,603.619043637593,7108.75650830068
12.7534791178975,1910.70004262883,7108.7566522538
37.5535233507633,20.9288836261479,7108.7578538788
39.9482639467278,852.941661744211,7108.75796991005
49.1895890633551,1851.89508172812,7108.75841767568
80.6433745184137,571.907909918679,7108.7599416913
178.978981267888,52.1958101740161,7108.76470630068
184.164145992405,224.565421813594,7108.76495753505
191.165198784305,430.330354683761,7108.7652967538
199.41360627087,279.574974282326,7108.76569641005
203.380117100562,465.240901359465,7108.76588859755
208.563346927042,548.839640401866,7108.76613973817
217.455103205544,91.2333264491139,7108.7665705663
219.245837673531,1513.92054448252,7108.76665733193
243.555711491215,1282.58059728381,7108.76783520693
355.912772542066,78.9211473950502,7108.7732791913
1.15920862479408,45.7965089462053,7108.77353339443
5.84549600558844,274.967049129771,7108.77376045693
15.5944055071047,567.157321107459,7108.7742328163
22.0801343595099,319.941212412189,7108.7745470663
31.2511587439212,87.0709754297039,7108.77499142568
34.1654154458359,1829.68462603128,7108.7751326288
58.358873836841,1524.21131272007,7108.77630486318
180.425958396289,38.8608346890695,7108.78224772255
187.029070161933,461.998744816228,7108.78256766005
189.628263369505,218.113971328648,7108.78269359755
200.582927670851,154.107990257835,7108.7832243788
205.446579353528,1572.36423881102,7108.78346003505
228.504906197467,1532.86505710781,7108.78457726943
248.832145185318,738.058447691259,7108.78556217568
359.503922885278,180.082726508601,7108.7909245038
6.32470902824022,106.881718753282,7108.79125498818
10.3518461375048,174.357597804153,7108.79145011318
15.9810666202829,674.643840792299,7108.79172286318
24.0027703179826,391.942256428024,7108.79211153505
28.8764188612253,674.643840792299,7108.79234767568
38.563412151144,1970.19134340337,7108.79281703505
58.0838048144404,75.0779230451748,7108.79376284755
70.545743236325,1668.82530017176,7108.79436666005
170.790112295495,29.0371424821467,7108.7992237538
172.818837457562,140.457936947946,7108.79932205068
177.679586793184,108.192121928141,7108.7995575663
191.816166701841,1321.37156771961,7108.80024251943
206.85504715404,1399.16456198819,7108.8009711913
221.628526156969,167.318811583606,7108.8016870038
230.485776941521,1735.2369541257,7108.80211616005
266.109880909408,1909.4408276743,7108.80384223818
340.862484943353,59.1958218554289,7108.8074641913
346.24242793946,68.2273404439826,7108.80772486317
348.948039750687,78.2637149532306,7108.80785595692
357.469265833205,275.649503223008,7108.80826883192
2.90274067045855,414.676709636908,7108.80853209755
6.72639254205064,53.1765187439248,7108.80871736318
12.2063045192311,139.383671271531,7108.8089828788
15.7342417642249,1762.73851071329,7108.8091538163
38.4588012120899,1828.36978890322,7108.8102548788
48.1409572193748,944.590516915866,7108.8107240038
177.611738654039,42.9926302891737,7108.8169971913
186.617975461183,108.798248188435,7108.8174335663
192.487766464549,236.624525529194,7108.81771797255
199.025737150992,504.309094484512,7108.8180347538
207.587918237417,971.575264685498,7108.81844961318
219.541949753864,1510.73997756157,7108.8190288163
233.139342168279,232.297139857174,7108.81968764443
253.240651448491,1941.91240865393,7108.82068389442
348.124103896291,83.8276809078664,7108.82528123818
352.553374235809,59.7879940000823,7108.82549584755
357.348015080753,506.984509929254,7108.82572816005
7.31685634063021,570.855640535939,7108.82621117568
15.1076639328429,1766.82679597917,7108.82658866005
35.0182581053312,285.427820267969,7108.8275533788
42.8745292972924,1283.5178475612,7108.82793403505
52.3109551685156,311.852155210346,7108.8283912538
66.3927133790853,1417.94620489577,7108.82907355068
178.205104762132,114.437410936308,7108.83449114443
191.15237642919,358.911206310708,7108.83511847255
194.847681040417,587.465742718507,7108.83529751943
203.215728858806,166.305094695396,7108.83570297255
211.210021688691,970.336810901529,7108.8360903163
219.094348639396,302.058461576493,7108.83647233192
222.299160352435,911.550335214173,7108.83662761317
239.964644955104,1733.85039659024,7108.83748355068
351.358456624752,151.773829615287,7108.84288086318
357.526542043682,57.3007405413328,7108.84317972255
7.16806560515023,146.610362738997,7108.8436468788
12.3429109485541,218.286194675343,7108.84389761317
17.4039207293286,1641.21560786157,7108.84414283193
35.3219075736469,80.9194655726486,7108.8450110038
40.9608024339845,617.893347598653,7108.84528422255
53.6217113689973,487.948792482484,7108.84589767568
71.7809136248326,412.496092838666,7108.84677753505
179.854465566239,65.0193926476916,7108.85201397255
183.873863120897,99.3187615483393,7108.85220872255
193.70307032782,210.039360903913,7108.85268497255
198.591875459727,309.432812706234,7108.85292184755
202.31362348975,195.202604080791,7108.85310217568
211.50109439485,346.55328606803,7108.85354733193
217.767213971901,375.489722648226,7108.8538509413
231.817369073118,1357.28484007558,7108.85453170693
258.995062452789,1710.10750005252,7108.85584853505
342.586213407095,58.7977305732679,7108.85989873818
351.5956750443,102.392642975513,7108.86033526943
356.717956108202,266.500183032647,7108.86058345693
3.66321975299622,629.461704981793,7108.86091997255
10.4588523716455,393.091059702755,7108.86124923818
14.5382313149481,76.5647614753284,7108.86144689443
19.8409685897932,455.445237079743,7108.8617466913
25.6833487628868,983.262915532634,7108.86202976943
39.8050945283442,2760.25513556988,7108.8627140038
63.1675204819581,230.836641468279,7108.86384597255
77.4943639376605,330.570293360921,7108.86454014443
178.351446053349,56.0157129014804,7108.86942692568
184.485026166038,155.684895530861,7108.86972411318
188.01135095846,194.140925557917,7108.86989497255
199.102102074776,393.855115188302,7108.87043234755
206.271489644387,558.612045509221,7108.87077972255
211.866849674311,555.373691479844,7108.87105083193
215.815946496754,131.689908977606,7108.87124217568
223.82733081334,1889.18103383173,7108.87163034755
245.673775717874,773.460573366691,7108.87268886318
352.839867350098,47.7301184687029,7108.87788133193
358.263667734708,45.0206816271503,7108.8781441288
4.46658109305296,216.03664690506,7108.87844467567
11.833649281309,290.128671087686,7108.8788016288
21.1104473033627,856.458903797375,7108.87925111318
28.605217785971,225.233776074418,7108.8796142538
32.2953627441834,869.003313752614,7108.87979305068
44.4757756415737,390.982302089782,7108.88038322255
55.8199964110159,141.524042485131,7108.8809328788
60.9983890674874,1677.44995671626,7108.88118378505
174.702128903148,31.6308923498099,7108.88669301943
181.798313393488,170.323782855419,7108.88703684755
189.961908562727,224.732704667829,7108.88743239443
196.821714811559,194.431054589828,7108.88776476942
205.712826086506,1431.45073572271,7108.8881955663
216.391447074463,446.78200028514,7108.88871297255
227.478005874157,477.045236646489,7108.88925014442
238.498778703722,1444.82914521404,7108.8897841288
355.634679082384,147.249740178879,7108.89545966005
2.66314266701526,71.8816395295363,7108.89580020693
5.02112042552863,141.921779883702,7108.89591445693
11.4568648249389,406.623984483545,7108.89622628505
18.665917503973,314.491988007148,7108.89657558193
23.9558884546559,187.143425756098,7108.89683189443
30.2519986884863,37.8504970421911,7108.89713695692
33.3645810126001,1548.47501487865,7108.89728776943
48.0245468232809,2100.17891966174,7108.89799808193
89.873815289229,392.325560927276,7108.90002578505
171.13233160419,41.0074890710987,7108.90398436318
177.869917732232,168.549521561978,7108.9043108163
186.66331740715,240.718139865592,7108.9047368788
190.205121271241,288.830542816143,7108.90490848818
197.782446765216,58.6777709754571,7108.9052756288
200.151711391403,1419.64140443207,7108.90539042568
218.400885767746,1325.00665994684,7108.90627464443
241.33312265728,1470.40335463089,7108.90738576943
353.774028651523,67.8130052111925,7108.9128338163
358.362281949281,169.660605009447,7108.9130561288
8.11602865834747,259.064186769464,7108.91352872255
13.800393322219,358.282459256287,7108.91380414443
20.6776135407575,1199.24303820795,7108.91413736318
37.597523064457,1052.37729641772,7108.91495717568
49.0500973355908,64.2928973948464,7108.91551208193
53.7702451692393,1197.23597702404,7108.91574078505
82.9853706395186,1950.562600328,7108.91715633193
172.249921948113,58.3969192446965,7108.92148142568
175.624035925423,209.681244589532,7108.92164491005
182.725702626867,195.971128214012,7108.9219890038
188.73996492828,484.85848669344,7108.92228041005
196.571405078935,313.534642693014,7108.92265986318
202.825592897382,1199.24303820795,7108.92296289443
211.759916519738,2074.83297209876,7108.92339578505
236.167501974993,170.764458129469,7108.92457839443
242.569708329472,892.890872350449,7108.92488859755
351.989294089675,27.9028397609515,7108.9301902538
355.415649901023,62.8520777090635,7108.93035626943
358.424715930996,84.9962600302234,7108.9305020663
11.4977549568271,167.655361815733,7108.93113548818
17.6987334922182,609.566175313603,7108.9314359413
27.9865080049701,667.926325359502,7108.93193441005
33.0436480272125,167.543257045821,7108.9321794413
44.1121479287295,240.561986997179,7108.93271573818
50.7494426302338,2109.3200519573,7108.93303733193
84.5199283944354,70.8946651384323,7108.93467359755
176.88964488046,54.3991240942177,7108.93914914443
180.454989853834,230.673799506143,7108.93932189443
189.505728977951,174.788114537527,7108.93976042568
198.066620132351,591.03705263297,7108.94017522255
201.457180667891,272.63385993237,7108.9403395038
212.328322546394,1820.46033803118,7108.94086623818
231.9261105305,690.934476299532,7108.94181580068
243.770821171321,471.976902005622,7108.94238970693
254.140828212433,417.926276918834,7108.94289216005
352.503229780186,30.1482519504681,7108.94769184755
353.663514776482,55.0855784597903,7108.9477480663
357.212735712173,77.4795436142561,7108.94792003505
7.24188084370057,232.45884384071,7108.94840597255
12.8178920434223,313.054859812922,7108.94867614443
17.5386848430831,237.733610575219,7108.9489048788
25.0392599447186,59.866507584605,7108.94926830068
27.3959478087492,72.5321677719215,7108.94938248818
36.1177567818847,1717.12477570196,7108.94980508193
69.2642426594352,1455.60841158243,7108.95141111318
179.435208042552,164.144461911597,7108.95674917568
183.283045951897,461.998744816228,7108.95693561317
194.854615588842,657.492893463285,7108.95749628505
200.833404984829,724.492243975305,7108.95778597255
210.560385867177,197.689364878073,7108.95825726943
216.209600146169,1671.70510767534,7108.95853098818
234.585509330305,2039.76280310769,7108.95942134755
352.109998728044,104.571448722446,7108.96511570693
0.525451172919826,150.15584609035,7108.96552345693
8.32045104421237,496.196361776668,7108.96590114443
10.5487916478783,83.7716285229106,7108.96600911318
17.3315250964482,593.574800422658,7108.9663377538
22.9133409151971,293.220725477994,7108.96660820693
30.5377485526528,1710.10750005252,7108.9669776288
44.5924184534977,228.874821872616,7108.96765861318
57.9057054793694,659.319265849945,7108.96830367568
69.1438301657048,1622.05393561266,7108.9688481913
175.533711096166,61.5303155648839,7108.97400305067
185.013026906874,344.595962875616,7108.97446234755
189.472932906726,202.199965104732,7108.9746784413
195.30144642318,284.900714131453,7108.97496084755
204.565990128542,1440.66181206881,7108.97540973818
222.151499546352,915.499287490462,7108.97626180068
235.543471825058,651.521836481095,7108.97691067568
247.568126594269,1930.73401710819,7108.97749330068
351.053747683382,201.081803985481,7108.9825074413
356.20892178866,89.4131574336043,7108.98275722255
0.791370429849181,126.300622738107,7108.9829792538
5.23934463355676,272.90936177593,7108.98319476943
11.3084286330574,764.468766067949,7108.98348883193
15.6348276819879,55.042925078963,7108.98369845693
22.5430060063252,1541.47017372708,7108.98403317567
42.5486866160684,439.66016938235,7108.98500151942
51.1634320570787,1882.80502300131,7108.98541892567
93.5051283943352,557.534685086125,7108.98747048818
173.882115703507,32.4735516255004,7108.99136495693
179.006654148452,190.427770774271,7108.9916132538
185.94579061613,334.637623167211,7108.99194947255
194.649540691087,274.145817158455,7108.9923711913
200.889216849342,1311.32293912373,7108.99267351943
208.596824501717,477.989592351236,7108.99304697255
218.628227014288,332.157940041711,7108.99353301943
227.678643617858,1484.24073032061,7108.99397153505
256.820566046407,1533.64931865241,7108.99538353505
344.113148751517,67.5701300467679,7108.99961308193
351.700471143598,181.744411187346,7108.99998070693
356.623459248907,91.5930178924107,7109.00021923818
2.05338673555104,354.698492799344,7109.00048233193
7.56715924066906,818.406786784465,7109.00074948818
14.1538244480828,54.6575562587748,7109.0010686288
17.2493152479538,278.227607619641,7109.00121861318
23.2877635495785,669.275246334422,7109.0015111913
34.962526922575,74.0701180945713,7109.00207686317
41.6088511107098,1728.29317524048,7109.00239889443
43.7194863181309,2109.3200519573,7109.00250116005
179.466384152869,46.6350187633413,7109.0090784413
185.75217508067,211.288014861921,7109.0093830038
191.345277729551,571.381997271914,7109.0096540038
200.407948649812,243.511877329183,7109.01009311318
209.322600996501,1461.37979495364,7109.01052505068
224.585282965593,1845.39039604914,7109.0112645663
243.301086647836,309.918174457025,7109.01217139442
359.185117494663,145.323142408671,7109.01778626943
4.53506987153165,126.968296987329,7109.01804548818
7.93949702616979,166.078970020855,7109.0182104413
15.8051201126843,352.999351971306,7109.01859155068
22.3427683536632,94.7192602129832,7109.0189083163
28.8423638251661,764.468766067949,7109.01922323818
38.2936237645056,1267.49089002232,7109.01968117567
52.594668804966,320.8794618903,7109.02037409755
66.2468829174684,48.2196678419644,7109.02103558193
68.8293071213458,1813.8428536929,7109.02116070693
167.050926386408,34.2167856548503,7109.02592286318
177.204226499221,78.3237016910299,7109.0264148163
181.747977480005,128.073357474889,7109.02663497255
186.534556287337,637.057295804766,7109.02686689443
197.206727652712,238.365022164899,7109.02738398818
203.022019365914,962.247947988715,7109.0276657538
207.250061886343,439.66016938235,7109.02787061318
216.249204142435,80.7451397411008,7109.02830664443
222.308291206287,1731.07395085026,7109.02860022255
240.488777190361,431.725266647476,7109.02948111318
252.485053680281,456.104848334249,7109.03006236318
348.903513524358,29.8153272904056,7109.03473408193
357.453440369173,74.8272485640022,7109.03514834755
8.30910313846457,219.487927832773,7109.03567433193
12.2220821270102,353.212181725127,7109.03586392568
21.0728832889809,400.665778332865,7109.03629276942
24.4273260281657,125.179921983687,7109.03645530068
33.0282048125365,983.874204329993,7109.03687203505
46.5801274234179,491.631457766317,7109.03752866005
52.466687430479,741.309791330025,7109.0378138788
67.9796142977193,1151.15139642796,7109.03856551943
177.038666760046,60.1014307766157,7109.04384970693
183.080017408726,212.529327470179,7109.04414242568
190.737640533023,202.571306950894,7109.04451345693
200.042171868356,478.93206067684,7109.04496428505
203.92516016258,34.1824485383668,7109.04515242568
210.89912453213,1110.74738295969,7109.04549033192
220.770899195531,501.019781218304,7109.04596864443
239.241940190731,754.971918315306,7109.04686361318
249.636133269596,1881.52737834457,7109.04736723818
342.820758155329,22.2215648659763,7109.05188226943
346.623771302236,99.5077631404939,7109.05206653505
352.654480049255,51.3794909395848,7109.05235873818
359.735185467924,132.401367647361,7109.0527018163
3.74136136949717,613.498918333732,7109.05289592568
9.12517416167827,26.8956471677351,7109.05315678505
19.8628090892599,1406.02340881202,7109.05367705068
33.544368930072,520.444021212541,7109.05433995693
39.0394374959167,428.229451898687,7109.05460620693
50.1614692010379,291.678792230243,7109.05514509755
57.7710427328356,2306.47723142852,7109.05551380067
173.379030228731,38.1286946460335,7109.06111530068
176.458397028462,205.517963758339,7109.0612645038
186.557197926193,115.173877379693,7109.0617538163
190.856831148404,159.853116854514,7109.06196214443
194.476030333305,1035.67632248058,7109.0621375038
207.664194928874,356.811108437327,7109.0627765038
216.293451992536,773.071773263467,7109.06319461318
222.069723599869,2289.73306981572,7109.06347448818
254.808594036062,1275.05805913586,7109.06506076942
345.769948631338,28.5682779516128,7109.06946223818
349.332068774651,145.193801426302,7109.06963483193
1.73692811740503,498.01063273236,7109.0702358788
10.5674130376965,164.601693386501,7109.07066373818
13.9057316641155,422.576029723842,7109.07082548817
20.7468340862985,87.6623842960278,7109.07115695692
26.8817041310122,1158.44056569614,7109.07145420693
33.3980686062102,1543.02937094286,7109.0717699413
58.0442896089338,58.7977305732679,7109.07296411317
62.8492498349915,830.802093787497,7109.07319692568
176.239861074347,33.0470824316809,7109.07869098818
192.527063707771,283.048084970261,7109.07948014442
197.078231760155,188.941973178203,7109.07970066005
201.97542141268,558.073642853429,7109.0799379413
214.089403261303,811.767986164114,7109.08052489443
223.077581207811,705.572766879214,7109.08096039443
235.253801826121,1115.06937017225,7109.08155036318
243.248094656006,437.947428322261,7109.08193770693
252.138238444394,366.782132443788,7109.08236845692
350.667656016439,28.6093527340769,7109.08714245693
1.38723197075993,238.049524536876,7109.08766184755
11.6950003172682,368.825470165035,7109.08816128505
15.7211699775143,265.086397277514,7109.08835636318
24.0782534487771,60.6460506813455,7109.08876128505
26.6922807995489,667.476129923017,7109.0888879413
31.8432626257476,909.569419782486,7109.08913751943
45.7537836740099,394.998395103485,7109.08981151943
61.5598453413408,1535.21662049627,7109.09057736317
180.490994912533,34.2167856548503,7109.0963398788
190.670093515671,342.846723233592,7109.09683308193
196.744659613651,227.557542253898,7109.09712741005
207.882492873449,885.45282217467,7109.0976670663
212.111502805355,213.059112019742,7109.09787197255
220.232208072651,57.7904980814115,7109.0982654413
226.254209853587,1328.63176016684,7109.09855722255
253.818879874847,1285.39012766993,7109.09989280068
352.515664775584,26.7423947569734,7109.10467491005
354.492148103613,109.658331026719,7109.10477067568
5.49357210297629,325.299176484606,7109.10530372255
9.18113719713936,266.922900449273,7109.10548239443
17.6688253098098,153.374729583433,7109.10589364443
24.6792299587218,1010.99983940145,7109.1062333163
34.2962449243474,56.0157129014804,7109.10669928505
36.9292986223155,1258.92340996359,7109.10682686318
54.3487305308336,1731.07395085026,7109.1076708788
184.993254803648,203.865715975304,7109.1140226288
191.70246268994,164.943780855964,7109.11434770693
194.760868281979,93.2700375266826,7109.11449589443
202.179210855255,740.092209738918,7109.11485533193
212.233186953006,693.540169738327,7109.11534247255
217.006544069711,394.236587819563,7109.1155737538
225.689332861894,148.646706055189,7109.11599445692
237.795252747989,2418.45721227207,7109.11658101943
272.61831504789,304.53639610073,7109.11826828505
348.421560681956,30.631271824566,7109.12194114443
350.654093564702,72.142555818111,7109.1220493163
358.536808137917,248.552151083103,7109.1224312538
6.15154136027198,245.509806928723,7109.12280020693
12.3273663713501,209.142897444892,7109.1230994413
15.9652694955245,789.235343745531,7109.12327570693
27.1469601062837,1256.05470469026,7109.12381748818
36.2241426491969,936.279165308918,7109.12425730068
47.1114085278408,277.009387650295,7109.1247848163
53.6803373200829,330.115296209854,7109.12510309755
71.4512730023048,555.914758670895,7109.12596414442
176.446748076005,61.3774517321808,7109.1310514413
181.723819781525,102.667520318622,7109.1313071288
194.67205886006,197.499197551743,7109.1319345038
198.141304648434,351.077972249314,7109.13210259755
200.632144391857,256.586446534257,7109.13222328505
212.264985274387,348.4996180525,7109.13278692567
216.683291341862,74.0701180945713,7109.1330010038
219.586583696651,601.623584284283,7109.13314167567
229.885967560082,869.003313752614,7109.13364070693
248.582099929117,403.283323402448,7109.13454658192
257.139443845532,1255.09691528691,7109.13496120693
347.010258588064,43.8311921480139,7109.13931567568
350.954518202956,62.7024335231319,7109.13950678505
353.400210663392,86.7466862231048,7109.13962528505
5.61964370419359,274.556738455445,7109.14021734755
10.4697512132375,475.150974121874,7109.14045234755
15.9535329489501,484.23809406728,7109.14071805068
22.6411345864555,102.941662138978,7109.14104208192
30.7489406085889,270.002326052676,7109.14143492568
35.5113333781682,1501.15808672524,7109.14166567568
50.922678886846,422.576029723842,7109.14241239443
57.7331456486947,1505.95669268228,7109.1427423788
176.646236321709,32.1647083967314,7109.14850401943
184.488884586984,165.96581053907,7109.14891091005
186.967470126339,115.41832073414,7109.1490310038
196.139784405234,275.649503223008,7109.14947542568
204.523956223763,1137.49043517686,7109.14988166005
211.372153196998,399.538735429417,7109.15021347255
228.895423845122,1376.63791477394,7109.15106251943
247.900492644006,1587.58595159014,7109.15198336318
353.270690042603,132.967789556737,7109.1570888163
358.251402155513,122.754903464362,7109.15733014443
4.70617286457791,133.812919078657,7109.15764289443
11.1725528492392,740.904115836827,7109.15795620693
22.7441224486425,297.293412110378,7109.1585168788
28.1043941690829,1090.53543972948,7109.15877659755
41.4047819873335,1283.5178475612,7109.15942103505
57.9548063561452,1226.01739871442,7109.16022292568
180.618990749951,34.199622300779,7109.1661663163
190.513338998533,293.732871359254,7109.16664572255
198.460227239472,223.559143419649,7109.16703076943
205.498042756199,775.013664355839,7109.16737176943
211.090822922074,488.56446666079,7109.1676427538
223.308321064838,430.679519825006,7109.16823472255
228.799842392698,1260.83243845443,7109.16850080068
241.727120188458,468.139582654459,7109.16912716005
274.30088063946,112.449924372093,7109.1707054413
346.911891322643,35.1144842369866,7109.1742236288
355.586940635304,94.5703793053809,7109.17464395693
1.05330843885088,99.0345860873987,7109.1749088163
6.46259720080957,179.664894073284,7109.17517091005
16.2866446796337,595.092197741565,7109.17564691005
22.8897564077362,91.9513076791389,7109.17596684755
26.7234052149772,552.932533093298,7109.17615259755
39.6223047689873,1090.53543972948,7109.17677758193
50.9700728890389,1283.5178475612,7109.17732741005
71.2286235221635,376.289471804014,7109.17830898818
87.1817363891324,65.5589818543412,7109.17908195693
173.430449562166,35.1813057852812,7109.18326092568
178.227670233618,98.7495987758713,7109.18349336318
187.344517885954,226.564572658461,7109.18393509755
189.172982602869,164.715782680069,7109.1840236913
196.419443085366,472.61339286564,7109.18437480068
208.169344398129,342.408018605411,7109.18494411318
210.679210526289,109.658331026719,7109.18506572255
212.983334035734,813.986877901129,7109.18517736318
224.295951770907,1218.14558440292,7109.18572548818
244.409063732049,624.667595428008,7109.18670001943
252.815164207289,1417.09799450496,7109.1871073163
342.694831361746,24.0610795176899,7109.19148723817
350.88325753475,90.3018215758777,7109.19188398818
1.12685221353432,334.637623167211,7109.1923803163
5.89891939821471,222.885779277426,7109.19261153505
11.7412995337666,38.3742933263154,7109.19289461318
17.7310533144209,967.855129374584,7109.19318483193
30.5986722045426,1336.75248648046,7109.19380830068
41.6913581813543,464.917687681421,7109.19434576943
56.6615503163684,530.739507897948,7109.19507111318
74.6801510702307,1325.00665994684,7109.19594416005
175.503050287601,71.0931521985536,7109.20082928505
179.168364204506,199.957397861716,7109.2010068788
182.270304626959,94.7192602129832,7109.20115717568
192.441341230026,212.529327470179,7109.20164998818
197.347237811092,223.222718087612,7109.2018876913
206.307682406779,949.035627861861,7109.20232184755
214.570924036544,382.037707025162,7109.20272222255
220.443617311882,312.81469081712,7109.20300676942
231.210597967773,1335.852650719,7109.20352845693
245.936994789679,1229.9343765676,7109.20424198818
351.937964180515,71.2251785328633,7109.2093780038
359.837447719884,226.896029742463,7109.2097607538
8.7433931004894,163.341229431069,7109.21019226943
14.2871562623877,715.725367861353,7109.2104608788
24.0063975525881,778.496933584449,7109.21093180068
32.5314934311802,382.234383033975,7109.21134486318
36.2838770839964,398.408500634773,7109.21152667568
45.4984363363629,65.1276671481682,7109.21197314443
49.6297346682392,1602.66311333146,7109.2121733163
78.8406679345219,2104.75459283543,7109.21358866005
174.091103190155,260.943044949613,7109.21820378505
182.080236367025,323.909982169468,7109.2185908788
185.681699136754,110.681602771834,7109.2187653788
192.908488268501,855.756632223148,7109.21911553505
201.226551596353,94.9668954586258,7109.2195185663
204.966036041548,965.989732648609,7109.2196997538
218.586002116228,2049.17371959823,7109.22035967568
239.774586718798,446.445436175225,7109.2213863163
249.740848114626,1592.1242102479,7109.22186920693
350.501186079304,79.9265584272568,7109.22675130068
355.455132327953,57.9528335042934,7109.22699133193
1.40393102961772,66.165198320256,7109.2272795663
5.68324793506694,283.843559767405,7109.22748691005
12.1170573613569,155.322421591109,7109.22779864442
15.865248847718,1051.80575360464,7109.2279802538
25.6399568395598,395.378729756146,7109.22845386318
32.3807677601217,49.0406951159095,7109.22878047255
36.8935605600237,343.065881258653,7109.2289991288
44.5382845142419,1985.99692247114,7109.22936953505
74.8811244975292,790.757459512292,7109.23083972255
172.969340206142,60.9935990603105,7109.23563048818
181.22322986627,102.575975491348,7109.23603041005
188.607711986691,304.53639610073,7109.23638820693
200.880031827543,330.797583769638,7109.23698283193
204.16643110293,561.831747791786,7109.2371420663
213.058832309902,1546.14354652693,7109.23757292568
232.90428540319,413.951123379164,7109.23853448818
261.86207142427,900.935104297673,7109.2399375663
342.925942280709,31.6308923498099,7109.2438653163
358.26376222711,217.423745674239,7109.24460847255
6.13744738877778,130.687363708581,7109.24498997255
8.54153984175402,136.798489203116,7109.24510645692
15.1810919243014,518.418363792961,7109.24542816005
23.0399429052285,367.805230716556,7109.2458089413
26.6414057500412,425.412149951399,7109.2459834413
35.238092255332,78.8020274034018,7109.24639997255
38.0404482175707,1197.23597702404,7109.2465357538
64.979183529226,1321.37156771961,7109.2478410038
179.372709221668,46.1540979046493,7109.25338366005
185.07094057972,228.71057825391,7109.2536597538
192.619242790849,162.302657424895,7109.25402548818
200.710602292294,162.995783536957,7109.25441753505
205.563934593858,927.893539781621,7109.2546526913
217.270623559213,95.9020710067371,7109.25521991005
223.114616072254,1316.81354709201,7109.2555030663
243.531827218155,491.631457766317,7109.25649233193
258.771290598513,912.868558522462,7109.25723072255
356.865359340838,70.2958247167373,7109.2619836288
2.11179542356589,78.8616116853547,7109.26223783193
3.01248362716063,277.686845739922,7109.26228147255
15.058744532534,416.845918893571,7109.26286514442
20.141360524554,567.157321107459,7109.26311141005
26.5164785317663,872.455885314594,7109.26342030068
36.1267214293462,72.3376220035377,7109.2638859413
41.0471296706057,808.799860418929,7109.26412434755
48.1352521233332,1140.65756839921,7109.26446778505
71.8620811333555,877.951711331093,7109.26561741005
168.800379641471,28.0078564507402,7109.2703143163
181.664128810603,199.392807820331,7109.27093759755
193.759729278042,244.128356419182,7109.27152366005
197.016137859107,440.001923784905,7109.2716814413
203.261941194478,449.799697488373,7109.2719840663
214.712662417817,442.386766108527,7109.2725650663
220.983296756953,906.921426846452,7109.27286889443
233.55810332999,1684.60323468622,7109.27347817568
256.111748061012,21.0965411806541,7109.27457095692
353.291906984199,47.8529785241655,7109.27927958193
357.444489006773,82.6425733402303,7109.27948078505
1.48549281021861,99.8846838573542,7109.27967658193
12.894854733945,512.879849701164,7109.28022939443
17.5466366583313,254.527815490846,7109.28045478505
25.9217790277718,1100.96098904222,7109.28086058193
36.5565426272248,86.4755142493401,7109.28137586318
40.736535517613,948.401912559405,7109.28157839443
55.8889291245188,830.078061841988,7109.2823125663
75.8643418932017,487.640650082,7109.28328042568
172.695576831651,60.0232225034247,7109.28797214443
179.358669948397,172.079739346742,7109.28829498818
188.758333057252,197.879351793162,7109.28875042568
195.216651041843,47.9265412078878,7109.28906334755
198.774901426623,359.329788146567,7109.2892357538
209.444815448497,892.217244530258,7109.28975273818
219.611337251936,399.162342068493,7109.29024533193
226.206709462974,519.287446376637,7109.29056489443
232.017164043709,971.575264685498,7109.29084642568
254.500508042515,624.186147213379,7109.29193580068
268.371041460806,1416.24911798033,7109.29260786318
341.113301788951,25.9851706124747,7109.29613241005
353.533317682828,156.287163766144,7109.2967341913
359.970029456173,213.235415436053,7109.2970460663
6.84144505568444,285.427820267969,7109.2973790038
10.8750317875304,753.776374651238,7109.2975744413
21.2118233418004,113.365178355807,7109.29807528505
24.7529822774214,1036.83672758592,7109.29824686318
35.5451163825425,538.331934585301,7109.29876976943
52.801695574288,214.640596962745,7109.29960589442
58.3009564567541,2285.52798908765,7109.29987234755
175.858661303794,46.8109509488279,7109.3055683163
186.373784608965,470.701255750328,7109.30607780067
194.692170457365,260.510668592673,7109.30648084755
201.643883649657,947.133149686863,7109.30681767568
209.281190569817,470.701255750328,7109.30718772255
221.913721187997,440.001923784905,7109.30779980068
230.778389006607,1728.29317524048,7109.3082293163
259.086699171258,383.216264276953,7109.30960092568
351.645075057852,47.0860885004587,7109.31413041005
4.36854517047444,80.102667554538,7109.31474689443
11.846869132394,334.188121620116,7109.31510923818
17.3425826642509,716.984360771278,7109.31537551943
28.7712933806379,83.8276809078664,7109.31592926943
31.5330168219766,322.747772951715,7109.31606308193
45.7860121948539,1625.01645473156,7109.31675367568
68.4173747672332,785.417009208089,7109.31785022255
179.528370980362,86.3668095374415,7109.32323383193
184.301083131054,161.722801816921,7109.32346508193
193.301515281629,385.172421735192,7109.32390117568
199.98556968115,51.8798788651242,7109.32422503505
205.230393348847,881.369255356645,7109.32447916005
219.750725069031,548.839640401866,7109.32518270693
225.558599785716,515.51080071377,7109.32546411318
242.034131105691,929.835375362842,7109.32626239442
259.892781527377,2420.44539966457,7109.3271276913
343.543591424863,74.7015921342964,7109.33118078505
348.307919092479,34.5922422650968,7109.3314116288
351.085444050953,169.105979219708,7109.33154620693
359.404152344817,371.869479653952,7109.33194926943
7.17109638228285,985.095671701686,7109.33232559755
18.2999002305334,869.003313752614,7109.3328648163
19.283143370411,234.550934230526,7109.33291245692
31.7699128336025,394.617671872766,7109.33351747255
39.4894522445809,112.700279664146,7109.3338915038
45.3144184104256,1432.29050841853,7109.33417373818
66.1602061678335,2932.61726014293,7109.33518376943
177.026439618835,287.787849106991,7109.34055551943
190.473556116176,844.440350977749,7109.3412070663
198.698422568542,1503.5592770829,7109.34160558193
219.15884606185,709.820702216035,7109.3425969413
229.962266959562,1468.76677487029,7109.34312039443
245.22849620418,254.822912770791,7109.34386008192
2.45920587335792,87.1787989020767,7109.34954020693
6.45989956382666,193.75341608896,7109.34973405068
10.5495978882427,222.885779277426,7109.34993220693
19.2739866878857,148.013365453004,7109.35035492567
22.652937910288,775.013664355839,7109.35051864443
29.0319257135741,353.849921586047,7109.35082772255
39.6728164150608,749.376449782346,7109.35134330068
49.7106685126711,1576.94635127825,7109.35182966005
67.315204277678,510.529896136092,7109.35268264443
97.3105701874159,40.2560554335629,7109.35421789443
174.910999949591,41.1504233466253,7109.35797783193
188.90730080174,250.059473128061,7109.35865598818
196.226964325967,1029.85464600636,7109.35901064442
208.18970288358,1002.63941593681,7109.35959026943
225.962250943291,1590.61286364448,7109.36045139442
247.121167334546,2370.24377902628,7109.36147659755
346.018212680436,24.3642033631586,7109.36626841005
350.233678438709,80.9194655726486,7109.36647266005
353.418173872528,250.209686303293,7109.36662695693
5.67404719269088,905.594599309723,7109.36722078505
13.8889167094079,723.661852664037,7109.3676188163
20.194701433423,438.975855665547,7109.36792434755
28.0354935537139,281.71734389737,7109.3683042538
37.7076527004331,116.471651767647,7109.36877289443
41.7035092208927,1780.38672693503,7109.3689665038
77.3037495964917,3120.1599082209,7109.37069142568
167.759544044722,153.374729583433,7109.37507423818
178.746456421433,260.366367355047,7109.37560658193
182.651050889361,1085.00808337908,7109.37579576943
195.531891545193,748.573703024391,7109.3764198788
204.775474042863,1476.93113294878,7109.3768677538
220.60152954395,2406.49433713713,7109.3776345663
264.758468869952,947.133149686863,7109.37977408193
335.221436654876,23.9019342512803,7109.3831881913
350.025551243056,167.094060810058,7109.38390548818
353.576062148314,53.7038989667504,7109.38407751943
359.29170740099,70.3626115705624,7109.38435445693
5.36175881196769,501.919006357099,7109.3846485663
15.0281133021177,259.788413004003,7109.38511692568
19.1823077397222,738.058447691259,7109.38531820693
26.3471806223302,1639.74966937985,7109.38566536318
52.1469145908456,828.628166082979,7109.38691542568
63.7226764317872,1488.28616097774,7109.38747630068
173.307372214722,51.150424174029,7109.39278595693
176.21743671264,150.530768405766,7109.39292695693
189.05506490844,284.636758607348,7109.39354897255
193.180236138283,1165.6839937757,7109.39374884755
205.777616371584,471.339522967185,7109.39435922255
216.550724129509,1184.10692362403,7109.39488120693
233.429533109605,1832.31152472985,7109.39571661317
252.698713463277,264.802735294722,7109.3966502538
350.899845812811,29.7561905671095,7109.40140834755
354.141742771225,107.844240482269,7109.40156542568
359.366250159701,162.649588242303,7109.4018185663
8.80557837797932,193.559376859831,7109.40227592568
14.0936144306253,711.512737616715,7109.40253214443
25.4929794187026,451.134407608578,7109.40308447255
32.4356631994481,1583.0348143453,7109.40342086318
46.8279701798157,1467.12852977515,7109.40411820693
61.454075575184,64.4752862211107,7109.4048268788
183.281745395578,71.6853312821009,7109.41072973818
188.298897787849,247.035669698192,7109.41097283193
190.527238391515,307.727926474044,7109.41108080068
202.068172368125,222.885779277426,7109.41163998818
206.617727967937,1351.95865613724,7109.41186042568
221.136124827626,522.174026240663,7109.4125638788
232.260413913791,420.793760946836,7109.4131028788
236.878335385323,381.644049696206,7109.4133266288
246.150618682832,285.690998635957,7109.41377589443
359.443195801609,74.8899969815753,7109.41926520693
4.8589341486076,118.9458115336,7109.41952761318
6.24721294087685,164.829816462486,7109.4195948788
15.6068884197612,212.529327470179,7109.4200483788
20.9939260420037,318.764514783965,7109.42030939443
31.2823455207678,84.4974160085776,7109.42080789443
33.7602860190276,750.979445296451,7109.42092795692
47.3815420257312,172.733619074883,7109.4215879413
47.5963140559941,1586.07038613923,7109.42159834755
73.5037565977303,98.4637787970755,7109.4228536288
175.569173302215,36.556348226302,7109.42779895693
180.340595558424,92.6637239162531,7109.42803014443
187.837623384534,271.390521167092,7109.42839339443
199.257949617845,263.237098785396,7109.42894673818
202.129316417816,587.977277977103,7109.42908586318
209.014276153419,1332.24709042423,7109.42941945692
222.233076446864,60.2185454279258,7109.4300599413
229.405688846536,1493.12606723129,7109.43040747255
267.351652739039,1788.47314735719,7109.43224605068
343.000107769028,122.678339709026,7109.43591141005
346.757006183931,99.1293991337017,7109.4360934413
353.482885362318,303.052055672381,7109.43643459755
359.697408033801,533.000366065295,7109.43673570692
5.87355556542657,364.933305796455,7109.43703495693
12.8530021460815,49.5646995668508,7109.4373731288
15.1835690367804,1256.05470469026,7109.43748605067
31.8522662508554,1667.38367557429,7109.4382936913
42.7514639256435,1019.29165108317,7109.43882178505
56.4420531780028,105.999112265387,7109.4394851288
69.6444069883004,1651.44131702988,7109.4401248163
174.276446379528,225.900159689374,7109.4451945038
182.074348597876,78.0232684016724,7109.44557233193
188.840635525757,379.273584760753,7109.44590017568
192.099623970871,446.108622265129,7109.44605808193
201.300639012063,1465.48828627857,7109.44650389443
220.596907750543,1202.24752375719,7109.44743884755
237.75964510079,1539.12804723433,7109.44827042568
264.383316880562,341.08854629622,7109.44956041005
349.335013313858,73.1126964526041,7109.45367653505
355.412481796436,128.073357474889,7109.4539710038
359.950750566115,75.7009940843822,7109.45419089443
6.17752747920681,343.941042313389,7109.45449259755
11.2940038865391,580.257342175372,7109.4547405038
21.9758496670151,182.36363807933,7109.4552580663
25.0058769422209,458.733717678683,7109.4554048788
33.4500301493943,1878.96920245123,7109.45581401943
54.6079790916308,98.0334841083064,7109.45683917568
63.5458500270538,743.334671593487,7109.45727223818
180.586941077657,48.6077636474569,7109.46294317568
190.792805545055,267.906558049091,7109.46343767568
194.35234586186,107.757101852624,7109.46361014443
200.216654654122,1033.35151546702,7109.46389428505
217.890523739867,247.187714741415,7109.4647506288
222.317214252877,1277.88424286734,7109.46496511318
239.175207489896,1746.28955740275,7109.46578192568
350.498073423773,80.1612873302382,7109.47117580068
356.670351159325,60.3743582905381,7109.47147486318
5.43118027587168,141.921779883702,7109.47189934755
7.98329133996265,223.054311132564,7109.4720230038
13.4519165245528,1234.81325164931,7109.47228797255
28.3985675878264,94.2220468314048,7109.47301217568
34.6421135046127,305.275860146281,7109.4733146913
41.5302980702771,1619.08586537862,7109.4736484413
75.8225573590133,2891.3222926974,7109.47530998818
170.367218072007,149.779993963151,7109.47992926942
182.905584365683,1016.92954057597,7109.48053678505
196.62422948941,1740.77197101496,7109.48120148818
215.622848628172,257.171589579386,7109.48212201942
223.859969359688,1768.18748531815,7109.4825211288
264.099092489594,2886.327177265,7109.4844708163
339.252862304773,55.9317939186066,7109.48811220693
349.153660175937,114.683429419671,7109.48859192568
352.847674892681,287.003310006639,7109.48877091005
358.641037986715,311.852155210346,7109.48905161318
6.18772782035487,656.577847646389,7109.48941726943
11.7975994729306,1616.11235505177,7109.48968908193
25.9699747324787,1473.67085201466,7109.49037576943
40.2084584827042,64.4023931406501,7109.49106566005
43.1546407769776,43.857976278483,7109.49120841005
50.6948810255781,1539.12804723433,7109.4915737538
180.446220498177,38.1286946460335,7109.49786053505
189.575967358134,348.068046607253,7109.49830289443
196.134576806804,84.3861647226163,7109.49862067568
202.98019391599,1205.24434876756,7109.49895236318
217.634032624637,989.358817093944,7109.4996623788
227.550954495941,1010.99983940145,7109.5001428788
259.105676418633,1760.00769513962,7109.50167178505
340.2553271165,53.6163648201526,7109.5056036913
353.540235863081,57.6277081609788,7109.5062473788
356.774715787436,428.58033788562,7109.50640409755
7.12472906987502,254.380155828571,7109.50690558193
12.9674317259746,1385.34539395607,7109.50718867568
27.9269819593275,1241.6112582514,7109.5079135038
42.2248020946431,257.6095725626,7109.50860626942
47.221960765783,1454.78218360751,7109.50884839443
69.3183280479171,65.7735810261073,7109.50991901943
173.258969204875,30.7651577824419,7109.51495520693
180.539290140226,64.3294167934627,7109.51530795693
186.703828321172,192.683771715885,7109.51560664443
195.711032614876,217.423745674239,7109.5160430663
203.859471157909,393.473281734558,7109.5164378788
211.985336040679,55.8897858549123,7109.51683159755
214.01373871974,1453.95528949877,7109.5169298788
234.67603503569,1222.08776431876,7109.51793101943
1.33770793358548,170.654393394365,7109.5240915663
4.54251964662487,45.0988621447657,7109.52424684755
12.0105241898893,461.021665287831,7109.5246086913
16.2798442347728,287.526558118145,7109.52481555068
24.6088719097505,152.514778584134,7109.52521911318
28.2687036906348,1438.99148152826,7109.5253964413
44.6303993353545,2255.87193369847,7109.52618920692
81.9010889937293,152.514778584134,7109.5279950663
175.364014573895,56.4750399223435,7109.53252358193
181.272503237667,162.880459120274,7109.53280986318
191.958863742687,312.333797714004,7109.53332764443
196.453597644411,274.556738455445,7109.53354542568
203.32275586288,1392.27218642901,7109.5338782538
219.456780232174,589.509163706481,7109.53465998817
225.110509273253,400.665778332865,7109.53493392568
234.661415748201,1008.0219992048,7109.5353966913
250.237548834147,388.281851115835,7109.53615139443
259.255072471422,100.727606811013,7109.5365883163
346.730824134983,27.0480304820353,7109.54082673818
355.445861040073,63.6688549104925,7109.5412490038
4.55851641332934,161.606575344031,7109.54169053505
10.6862918319077,307.239067520726,7109.5419874413
18.5786808202244,211.643411129891,7109.54236984755
21.9782708423953,71.6853312821009,7109.5425345663
24.499746246152,670.621447262931,7109.54265673818
35.7072353096949,633.745445011158,7109.54319976943
44.2761885017068,455.445237079743,7109.54361495693
55.1025055426882,181.123060993826,7109.54413951943
62.8420387498812,1773.61958453304,7109.54451451943
172.84918404229,32.4735516255004,7109.54984464443
181.923141755142,265.228089491032,7109.55028430068
187.721987022738,167.991232036258,7109.55056526943
195.636304667765,202.941996541028,7109.55094873818
199.443510093752,939.484601225615,7109.55113320693
207.369437051916,54.7863143740557,7109.55151723818
212.62264520269,660.230592419708,7109.55177176943
224.240329534098,1691.72631458991,7109.55233467568
240.333721382492,413.951123379164,7109.5531144413
257.894399796537,535.25167631463,7109.55396530068
353.792053490014,90.4057939621339,7109.55861178505
358.805658644301,62.1380377707759,7109.55885470693
6.15982762493593,264.376659453447,7109.55921103505
12.9890555489594,389.248466792225,7109.5595446288
18.1806699711414,273.596978406232,7109.55979617568
22.1597574128229,73.1769089767909,7109.55998897255
25.6544791709749,1349.2876815846,7109.56015830068
43.0716536984499,377.684994390393,7109.56100220692
46.8643474642432,111.695500071285,7109.56118597255
59.1724626559857,779.26881614232,7109.56178233193
78.0391872963985,1770.90564434934,7109.56269647255
176.783376823623,193.656424229971,7109.5674808788
179.205528249861,397.275046193357,7109.56759823818
190.358518098322,143.632536420135,7109.5681386288
194.461115630359,1290.99109180686,7109.56833741005
203.985256241047,478.618089605476,7109.5687988788
213.149508519871,710.244030255325,7109.56924291005
224.98293233056,597.612737074371,7109.56981626943
236.044660164031,1903.13298453759,7109.57035223818
260.196840993041,2296.02648005311,7109.57152247255
341.755719547296,22.1951259454789,7109.57547420693
342.990497554888,100.447414275173,7109.57553403505
348.290787924226,148.520251652684,7109.57579084755
0.55859304053282,285.953954959339,7109.5763852538
4.05492713863213,847.992898123096,7109.57655466005
10.3739335532745,824.992185677331,7109.57686083193
20.009329900084,144.934758639081,7109.5773276913
23.2057571300469,262.235927417365,7109.5774825663
28.5750582995761,572.433267453931,7109.57774272255
36.8321727897656,3317.41367709526,7109.57814280068
76.9703594895797,65.9518689660743,7109.58008759755
89.7370420246931,374.086012167041,7109.58070617568
179.888737288165,81.3247941211515,7109.5850742538
184.373151846318,167.991232036258,7109.58529153505
195.087568110082,394.998395103485,7109.58581067568
199.815777981342,1652.89693043746,7109.58603976943
222.660622689501,1441.49614467182,7109.58714666005
233.407931957101,500.719687934748,7109.58766739443
253.363673375034,1966.52583106527,7109.58863430068
341.929731823223,82.0722309557986,7109.59292555068
352.750566690641,125.404867046264,7109.59344984755
358.041182607337,96.8767080444799,7109.5937061913
2.40563438820102,1239.6726978281,7109.59391766005
20.0037204930847,401.789657100693,7109.59477033193
23.7631987720362,351.933204800758,7109.59495248818
30.9474204473049,52.9108527824729,7109.59530058192
40.2438898201089,2119.55675233355,7109.59575101943
63.5972862870922,2100.17891966174,7109.59688255068
173.442772476888,48.1953123243617,7109.60222078505
178.57795274841,235.031077933101,7109.60246959755
182.100085336835,360.790897158125,7109.6026402538
191.25595309504,329.659632924972,7109.6030838788
197.854872656688,180.915463166009,7109.60340361318
204.95653932059,1587.58595159014,7109.60374770693
222.106699983765,2066.70303093404,7109.60457867568
260.31806536308,789.99679020697,7109.60643011318
336.276424196854,26.0303219951075,7109.61011048818
351.633915456464,94.2718889063165,7109.61085459755
357.827799365719,236.624525529194,7109.61115470692
7.87790578002175,58.4371231959757,7109.61164166005
9.66057821039618,188.244586585284,7109.61172803505
15.6377552288939,1135.37423906962,7109.61201764443
28.096468820717,382.823828193324,7109.61262130068
40.1320879745958,1333.14947969865,7109.61320445693
53.6585346156995,458.405924330663,7109.61385984755
69.7648257467982,2567.0356951224,7109.61464023818
175.41396880584,123.669852136743,7109.61975920692
182.557235514745,1140.65756839921,7109.6201053163
195.727341212136,1052.37729641772,7109.6207434413
203.912542555079,312.574327532289,7109.62114003505
215.298685852529,76.5033869587484,7109.62169172255
219.132334622228,2624.47930055032,7109.62187747255
247.824074190484,423.641788316331,7109.62326766005
2.02862626790443,146.225392905208,7109.62880116005
6.13251376950778,66.8713556750689,7109.6290000038
12.4173372482897,253.047138798479,7109.62930451943
21.9205165762027,980.200698386113,7109.62976497255
32.4111313606148,428.58033788562,7109.63027326943
37.0358249752761,1410.29299349782,7109.63049734755
60.0177238723409,427.175128603352,7109.6316108788
70.2123015096069,121.678750408805,7109.63210483193
81.2443611693039,264.518768000599,7109.63263936318
177.282616402296,41.7172581201886,7109.63729266005
183.214323692343,162.765065314652,7109.6375800663
193.718805095853,328.746446731643,7109.63808903505
200.264515336902,262.808497186739,7109.6384061913
206.747664325258,43.9114959671638,7109.6387203163
210.142417064795,1411.14553375843,7109.63888480068
229.200050143182,536.093502923052,7109.6398081913
240.174063312272,218.113971328648,7109.64033991005
245.612375319534,983.262915532634,7109.64060341005
347.922918837173,36.3953728266253,7109.64558878505
354.211934519952,65.3796114469252,7109.6458935038
1.51257169698263,123.593857370707,7109.64624723818
6.71063570420439,226.398649827431,7109.64649909755
12.7868142172153,45.0728135370504,7109.6467935038
17.009374564082,1154.28089308978,7109.64699809755
30.0046958236394,405.513483903164,7109.6476277538
38.9728798988488,901.60223731317,7109.64806228505
48.5128220642129,246.883513632667,7109.64852451943
65.4407935504411,241.186015603745,7109.64934472255
78.7350542666583,1772.26322506385,7109.64998886318
171.663629597675,135.626010422385,7109.65449148818
179.287069823654,90.4577315830046,7109.65486086318
183.251645680225,990.573512105186,7109.65505295692
197.617831724803,872.455885314594,7109.65574903505
210.178449195736,167.767383318917,7109.6563576288
214.732519557634,1729.68417366803,7109.65657828505
231.076478824724,110.341562276073,7109.6573701913
249.796152265499,1515.50816340773,7109.65827720693
342.207791317073,32.9937362153476,7109.66275478505
353.912867829856,75.5767878835023,7109.66332192568
358.058032818371,201.641661701224,7109.66352276943
7.30967735365381,69.0485654764039,7109.66397103505
9.89242404053746,216.384243856282,7109.66409617567
14.0398464100961,1319.55024684771,7109.6642971288
35.8875812466548,1376.63791477394,7109.66535570693
49.4659473138738,921.391019037543,7109.66601361318
79.3598943688915,161.257410202786,7109.66746205068
182.682985261779,104.391620348032,7109.6724683163
185.901341148452,187.544604846046,7109.6726242538
192.229699457647,38.1286946460335,7109.6729308788
201.19046653634,824.26310221706,7109.67336505068
206.588468468167,812.508227365782,7109.67362659755
224.942771478598,801.33155666573,7109.67451591005
240.035183734402,1567.00186160208,7109.67524717568
272.490593823147,402.910427244052,7109.67681972255
344.754615457171,25.205207712653,7109.68032109755
347.466676853437,69.8265056886527,7109.6804525038
354.150408769952,139.383671271531,7109.68077634755
0.116943924330499,210.932007971287,7109.6810654413
8.77264436924683,253.492254964627,7109.68148483193
13.6504851540279,694.406587786744,7109.68172117568
22.8927777947568,1290.05928162229,7109.68216898818
38.675197642564,461.998744816228,7109.6829573788
52.1619792868696,140.858671948685,7109.68361084755
60.1936798451349,3035.77363247598,7109.6840000038
172.642002873436,53.6601492406863,7109.68944841005
175.534975884653,246.121262259535,7109.68958858192
185.337417189773,965.367008554097,7109.69006353505
195.471046026918,438.633324106874,7109.69055453505
200.432409309626,370.857594633733,7109.69079492568
209.091979513074,2225.82086095713,7109.6912145038
226.971591179994,194.81720403558,7109.6920808163
241.380667126515,1670.26592556851,7109.69277897255
348.40003011719,62.9267679630452,7109.69796433193
359.062527029922,235.829161754353,7109.69848095693
3.96874616907758,122.141116665198,7109.69871867568
8.36802581427302,87.6087813406201,7109.69893183193
12.6757209990135,1224.05419133997,7109.69914055068
27.0854419115465,1249.33519085602,7109.69983873818
39.5148097750599,217.077786301978,7109.70044097255
55.5936900383442,96.9736305145297,7109.70122003505
59.4969946117887,2020.80996380971,7109.70140916005
172.539971760889,34.8459178178828,7109.7068863788
182.059920130038,390.790039217492,7109.70734764443
189.720445638933,122.217999609653,7109.7077188163
196.721820838756,1292.85260275225,7109.70805805068
203.384913955502,848.701664502016,7109.70838089442
219.550219026227,581.292569634684,7109.70916414443
228.927308474818,1445.6611463487,7109.70961848818
347.920051812143,25.5292557926889,7109.71538398818
354.159083041927,49.753881570247,7109.71568628505
3.01020668690381,126.449295478892,7109.71611514443
5.77193012824258,110.766451566491,7109.71624895693
11.6201149203635,21.2490650075559,7109.7165323163
13.5859563467314,348.068046607253,7109.7166275663
19.3922186859279,284.372608794214,7109.71690889443
28.6973949497311,383.216264276953,7109.7173597538
32.9586529570025,1279.76484964876,7109.71756622255
45.8640020960522,719.495740764131,7109.71819151943
64.2511981854027,466.209126859241,7109.71908242568
73.4980054380511,183.902615358278,7109.71953045692
179.575519840096,53.1323318675447,7109.72466984755
185.023183779453,145.193801426302,7109.72493380067
189.319592171603,223.39100014257,7109.72514197255
196.163919386306,240.561986997179,7109.72547359755
204.088233966981,63.2617846996197,7109.72585755068
207.803209891417,1009.21415668864,7109.72603755068
215.626588079543,1106.40852035715,7109.72641661318
240.002570387904,796.062105123951,7109.7275976913
276.677315993455,1837.55433091903,7109.72937467568
339.879311635687,52.5992201183545,7109.73243697255
341.968663152411,45.9501048322153,7109.73253820693
348.662714374956,88.886259463905,7109.73286255067
357.635413249793,524.18513973862,7109.73329730068
1.58547752125461,273.459588306935,7109.7334886913
9.13603711342687,45.2028969810669,7109.73385453505
10.1770043359887,460.369131705107,7109.73390497255
17.9468507205099,226.730356711613,7109.7342814413
22.4528714523662,1795.18422349645,7109.73449976943
42.9645693682355,1453.95528949877,7109.73549361318
71.5331213291416,523.324217294174,7109.73687783193
88.146351879117,32.9403067322875,7109.73768278505
182.858889610074,77.3582031765585,7109.74227184755
186.048222251444,222.548340866879,7109.7424263788
195.097671481078,277.416062344216,7109.74286484755
202.23997066588,786.18211940551,7109.74321091005
210.988223057812,1091.63744710372,7109.74363478505
222.139600491243,241.652975407902,7109.74417509755
235.524800701903,499.818297861054,7109.74482364443
245.931893063472,2144.37401169221,7109.74532789443
343.811189737993,31.2574341410077,7109.75007039442
355.380501993895,111.527155566282,7109.75063095693
0.352507140721965,204.968708672482,7109.75087186318
6.69150731403713,171.861233577708,7109.7511790038
12.7215711701268,1313.15569529278,7109.75147117568
28.9220265506465,498.613927923941,7109.7522561288
34.0488223390922,1205.24434876756,7109.75250453505
49.6033492513343,94.9174211450909,7109.7532581913
55.9378346625633,1529.72379208194,7109.75356511317
176.94092174323,50.9203269827285,7109.75942801942
184.427307742762,168.438013536942,7109.7597907538
191.048800927132,1068.25448487058,7109.76011158193
205.383706345363,200.707686581758,7109.76080614443
209.971637160115,980.813985584916,7109.7610284413
226.525853732923,1468.76677487029,7109.76183053505
249.886022343035,257.6095725626,7109.76296239443
0.220089879212395,104.031026848528,7109.76833230068
5.8022281809676,239.151976000329,7109.76860276943
11.8967881502458,156.287163766144,7109.7688980663
16.8439622557658,713.622216874654,7109.76913776943
26.115278066715,351.291967737311,7109.76958698818
31.5493978324388,614.967188283799,7109.76985028505
41.8149212054746,115.255416321958,7109.77034767568
47.0368487674431,2349.86297087403,7109.7706006913
182.061067704024,54.6145698110401,7109.77714295693
187.786387409343,254.970350388461,7109.77742036318
197.199917137296,205.70072034598,7109.77787647255
201.818806095388,729.866611592911,7109.77810026943
210.931461468645,297.798591342158,7109.77854180068
219.48074338499,1112.91043047856,7109.77895603505
238.594488093489,2351.90911190841,7109.77988214443
351.925762835129,108.711872837119,7109.78537333192
357.766853076198,114.273111806451,7109.78565634755
9.42645989807231,223.222718087612,7109.78622128505
16.3249638073085,1565.46631213672,7109.78655553505
33.2700268177793,69.6918356357656,7109.7873765663
35.8298774364762,1206.24166211059,7109.78750059755
60.2426225447471,1764.10230867674,7109.78868345693
171.183993973057,43.7775787842654,7109.79405884755
182.743954259322,222.885779277426,7109.79461895692
187.1261424929,180.291254148202,7109.79483128505
191.385465602135,331.931621078141,7109.79503766005
200.81834416029,800.580879367629,7109.79549470692
209.831030590015,1142.76399454383,7109.79593139442
225.380720294706,1444.82914521404,7109.7966848163
246.753441267205,1173.9076377637,7109.7977203788
350.338386371379,37.382222317639,7109.80273933193
353.031098974985,46.6853500302733,7109.80286980068
359.448139435122,225.233776074418,7109.80318072255
7.230885027264,192.097796003488,7109.8035578163
11.5169740383007,327.60139045962,7109.80376548818
16.9194907322136,1333.14947969865,7109.8040272538
29.3156430713433,68.6049550502332,7109.8046278788
40.1929120518799,1402.59814873644,7109.80515491005
50.6894492376385,738.465566474389,7109.80571728505
64.9118089501815,246.273917925421,7109.80640639442
177.973812521561,58.6777709754571,7109.81188453505
184.37440646101,115.010626022816,7109.81219466005
188.232241306004,201.641661701224,7109.81238158193
199.28139241486,310.402814562849,7109.8129169413
203.967034829642,961.622892425851,7109.81314397255
218.726324655384,1266.54187138087,7109.81385909755
233.043493658443,315.446446741419,7109.81455280068
243.683094465447,43.6163327677264,7109.8150683163
358.928936285977,59.5123811342191,7109.82065226943
4.55428701022345,85.547111061679,7109.82092483193
7.10704307786843,142.450357065727,7109.82104851943
17.8998221114602,214.99045599338,7109.82157145693
22.4322862621124,343.065881258653,7109.8217910663
28.9976677788285,59.8272612006845,7109.82210917567
32.1773260050965,1208.23384630597,7109.82226323817
46.3081012571845,1326.82054232447,7109.82294791005
92.9200850132597,555.914758670895,7109.8252063788
176.303558525897,45.2807652484566,7109.82924651943
178.714100638996,148.140236189143,7109.8293633163
187.7619374536,250.209686303293,7109.82980170693
195.593377604254,1005.63324334502,7109.83018116005
202.414163747216,266.218047606515,7109.83051164443
211.072766501647,1175.95455595421,7109.83093117567
220.609483874491,50.8279980604431,7109.8313932538
235.16206367004,1508.35022250106,7109.83209836318
0.79468153537734,125.404867046264,7109.83818558193
4.24715832005699,40.4887477711835,7109.83835286318
7.50582424462344,148.013365453004,7109.8385107538
16.1237945156952,199.957397861716,7109.8389283163
21.4250522589684,1330.44075756317,7109.83918517568
33.9447146884538,208.60316252147,7109.83979178505
39.46590422763,1296.56774205955,7109.84005930068
59.8231339098032,83.4907906699378,7109.84104566005
65.8135326189282,288.830542816143,7109.84133591005
176.382406301344,31.6494504215559,7109.84670409755
183.089679252058,115.255416321958,7109.84702908193
193.338756104405,266.500183032647,7109.84752567568
199.637768685291,630.416219227214,7109.8478308788
213.347061876924,115.743442608007,7109.8484951288
218.360344510663,1122.59279649862,7109.84873803505
238.351558834022,1890.45357146256,7109.84970666005
350.774405930087,122.678339709026,7109.85515383193
359.159867643099,53.3088538590132,7109.8555601288
0.245659665640998,178.510817239186,7109.85561273818
8.4550470463369,1236.75925056688,7109.8560105038
20.8847373928564,677.755851441475,7109.8566127538
27.2134181850581,206.793915324965,7109.85691939443
36.6753199885172,243.203041039308,7109.85737784755
43.6473495351139,701.299074368222,7109.85771566005
59.9168157909081,3558.07050489432,7109.85850395693
169.415409249409,75.8869148076435,7109.8638094413
172.638602343633,22.1421561641399,7109.86396561318
175.399680818959,165.852567790559,7109.86409939443
181.272374131839,211.465789323739,7109.8643839413
185.036367097793,1191.19436536863,7109.8645663163
199.512519021552,229.857827216406,7109.86526772255
205.010812417458,1411.14553375843,7109.8655341288
219.076769035809,1939.43394677376,7109.86621566005
231.691563276359,384.195592006975,7109.8668268788
352.466979044059,22.168655799959,7109.8726787538
357.119405971999,62.6649634960508,7109.87290417568
4.02016726227854,87.8764630507511,7109.87323853505
10.4962216995825,174.465331070905,7109.8735523163
18.9435996992758,355.756368808358,7109.87396161318
23.671164604524,1111.82951734179,7109.87419067568
36.8515896454868,88.5155698737705,7109.87482930068
47.7069299317717,618.379625283438,7109.87535526943
54.4732168596529,1369.63207442165,7109.87568311318
177.984557653449,52.9552235395414,7109.88166755068
182.073611049395,242.274200701331,7109.88186567568
190.421987554575,156.287163766144,7109.88227017568
197.141192301433,1326.82054232447,7109.88259573818
219.808672670168,1355.51170288295,7109.88369403505
240.728630955865,1705.88332348842,7109.88470766005
348.462481072436,67.3263875206054,7109.88990841005
3.05730587899929,131.117963708682,7109.8906155663
7.06380422603687,1079.45241634155,7109.8908096913
13.3489501502833,140.591649433475,7109.89111422255
17.8565832971704,45.0988621447657,7109.8913326288
24.5170965498675,1221.10344058513,7109.89165534755
48.270368941144,1921.99478554755,7109.8928062538
69.8265813551012,1010.99983940145,7109.89385070693
170.199297712177,104.301581260735,7109.89871401943
181.090110903889,295.518526316485,7109.89924170693
186.060503598143,358.911206310708,7109.89948253505
195.869072042839,1170.83054362865,7109.89995778505
208.593509566938,810.285227803575,7109.9005743163
215.404298811793,1443.1635886325,7109.9009043163
236.848288003068,47.4091980950941,7109.90194333193
244.919976191305,1875.12538829537,7109.90233442568
347.878986548332,117.595461146536,7109.90732305068
353.612045770715,66.7659053044112,7109.90760083193
0.0868102384532143,1062.04522953846,7109.90791455067
10.0150190149725,24.9476463792808,7109.90839559755
13.7087112111691,258.192384139377,7109.9085745663
19.3556681091188,384.977272283038,7109.90884817568
36.442300108123,1622.05393561266,7109.9096760663
49.8832894658886,2148.85553795341,7109.9103273163
176.3740280408,61.4156989153791,7109.91645611317
185.518931526964,300.561880939298,7109.91689920693
192.656393579299,396.517596534807,7109.91724503505
201.720354394043,1371.38689293437,7109.91768420693
218.581250015659,1376.63791477394,7109.91850116005
233.51822662629,765.647656386648,7109.91922489443
260.886505960929,2568.90886340955,7109.92055095693
343.011015353138,81.9003476149049,7109.92453009755
348.069767790412,166.643684962331,7109.92477520693
353.663837888311,74.0066827265018,7109.9250462538
1.72714159347059,213.235415436053,7109.9254369413
5.70203686869716,1372.26352503461,7109.92562953505
21.0382444000671,1328.63176016684,7109.92637261318
32.4850140146318,34.524282738202,7109.92692723818
36.5569759614179,550.207324145902,7109.92712453505
54.8216293718896,2723.41482698835,7109.9280095038
170.872701399396,49.612060987192,7109.93362258193
182.812543738657,250.359843967374,7109.93420109755
189.187984266417,152.883927739822,7109.9345100038
192.431816085326,1265.5920755833,7109.93466717568
208.154032846807,437.60406409632,7109.93542895693
215.799401767038,53.9656583309345,7109.93579939443
221.547940061092,1243.54671005023,7109.93607792568
243.418893448843,2589.42289832476,7109.9371376288
346.151844945476,49.4698379482905,7109.94211530068
352.781400129916,226.730356711613,7109.94243651943
4.43810460473445,125.179921983687,7109.9430013163
8.92703381234809,1473.67085201466,7109.9432188163
19.9545787475008,47.1359444531583,7109.9437531288
22.3647984151355,1042.04267437069,7109.94386991005
39.9880380067907,922.69519802457,7109.94472380068
53.2032909496259,244.435999219306,7109.94536411317
73.7540090089061,2223.65903468358,7109.94635984755
171.492381773531,71.5541584317414,7109.95109551943
175.480498739385,206.612116304683,7109.9512887538
184.31711076171,1264.64161365192,7109.95171691005
199.289237757219,368.417713003666,7109.95244234755
202.981640058933,1203.24716856857,7109.9526212538
221.974777061673,1410.29299349782,7109.95354151943
239.277471022965,250.059473128061,7109.9543798788
245.754815354752,36.3630965616313,7109.95469372255
261.347072440839,1838.86261773125,7109.95544920693
343.731501183839,92.1554083044285,7109.9594409413
348.212368428924,38.0978859571002,7109.95965805067
354.64424303226,172.188888147851,7109.9599696913
0.476948752711035,995.417415161626,7109.96025230068
8.30419669936868,199.957397861716,7109.96063155068
15.366198253848,513.758313669399,7109.96097372255
23.6445964722768,74.8272485640022,7109.96137483193
29.7530230606527,414.314083041489,7109.96167080068
34.8646622604344,1488.28616097774,7109.96191847255
63.5402777910076,2394.47195404807,7109.9633078788
176.923471958763,265.511307384614,7109.96880158193
181.582348434201,31.8712937985577,7109.9690273163
186.704307052638,269.026301236153,7109.96927548818
194.196497671197,82.471890427982,7109.9696385038
198.325402542836,1463.84626642515,7109.96984855067
213.510366708113,1444.82914521404,7109.97058430067
236.846026835009,271.390521167092,7109.97171497255
245.977063626991,1837.55433091903,7109.97215739443
351.905152421561,138.708031172108,7109.9772898788
359.423463938368,177.878184404179,7109.97765416005
5.38774174924519,1058.6431731241,7109.97794314443
15.6542325712995,254.67541964197,7109.97844058193
23.4705161332897,58.7577694832753,7109.97881930068
27.7027508952576,1572.36423881102,7109.97902436318
42.3820655361407,188.44409366281,7109.97973561317
59.3545394519677,1962.85343534441,7109.98055797255
183.278332857131,767.216568053897,7109.98656239443
192.576737052888,47.6069426935677,7109.98701292568
195.848302222617,251.408310836254,7109.9871714413
207.6739864787,1726.9010665899,7109.98774442567
229.843879398195,1403.45524091146,7109.98881861318
243.037848650333,273.734285238802,7109.98945789443
351.121397452304,33.3829526522056,7109.9946948163
357.263362010528,74.512715442232,7109.99499241005
1.54977350457127,132.614044745516,7109.99520009755
13.306769368386,387.894522058119,7109.9957697538
16.4915873227524,298.302910151094,7109.9959240663
23.7251485600872,43.2920435611273,7109.99627455068
25.4104319109792,434.501656876307,7109.99635620693
38.2728911480859,1505.15788721606,7109.99697942568
50.154687034281,2020.80996380971,7109.9975551288
175.213612024051,40.517741939361,7110.00361455068
188.422092861299,243.974396241242,7110.00425453505
192.096436264835,840.872815821569,7110.0044325663
211.084736060025,1458.90910463464,7110.00535259755
224.223238648063,211.465789323739,7110.0059891913
231.014034096704,1697.40332900403,7110.00631822255
266.885803061148,2325.17027853874,7110.00805630067
336.975142532572,66.8713556750689,7110.01146148817
340.898118419225,23.9632706039439,7110.0116515663
349.705062267776,92.2573059614074,7110.01207828505
357.419442025739,379.471704059497,7110.0124520663
1.98705652372873,1328.63176016684,7110.0126733788
13.1471409607841,22.9494808573483,7110.01321411318
20.7125346586143,1513.92054448252,7110.01358067568
37.7253186123351,2422.43181070023,7110.01440498818
64.5015236902238,189.240068060315,7110.01570236318
76.5300482179673,271.667299767131,7110.01628517568
175.36904707325,34.0792324915462,7110.02107417568
183.798688657772,174.895570248523,7110.02148261318
187.642979291591,230.673799506143,7110.0216688788
196.400261132611,264.944594041694,7110.0220931913
201.847280143498,50.5035110953678,7110.02235711318
204.267819154704,956.607904001316,7110.02247439443
214.600095946888,1440.66181206881,7110.02297501942
237.630366994542,908.246422515191,7110.02409089443
353.4434521056,90.0935090419885,7110.02970233193
356.655035886685,99.1293991337017,7110.0298579413
2.59061289772268,92.5115262173648,7110.03014553505
8.50587366708124,233.748492783903,7110.03043214443
19.9790867004419,986.315584761144,7110.03098805068
25.6482947381077,329.203386773003,7110.03126273818
40.3160001033944,845.152059447685,7110.03197342568
50.0800662311165,491.937102164997,7110.03244651943
61.2043552797391,163.456206903057,7110.03298551942
68.0722236037242,156.287163766144,7110.03331828505
177.702066594562,40.1976715802554,7110.0386301288
184.115559816715,39.3711972745958,7110.0389408788
189.700922948531,138.572500696377,7110.0392115038
192.460066525821,212.175416125504,7110.0393451913
203.837825302653,268.326999508517,7110.03989647255
211.39128724188,45.0206816271503,7110.04026245693
213.369060501934,1085.00808337908,7110.04035828505
229.251550041056,380.065395821916,7110.04112783192
242.991478930565,1326.82054232447,7110.0417935663
344.578979461476,34.4050309075694,7110.04671573818
357.899683558947,99.2241219743839,7110.04736116005
1.52823475102688,103.487780844791,7110.04753697255
5.07003865266007,271.667299767131,7110.04770858193
17.2955987954948,1303.96626829565,7110.0483009413
28.0322662365163,365.961566606288,7110.04882116005
33.6392355420367,175.966602400379,7110.04909283193
42.6116118963262,641.290298641906,7110.0495275663
56.8981452765931,143.108316863483,7110.05021978505
59.8875399558157,2255.87193369847,7110.0503646288
168.451569041983,30.1287675363859,7110.05562770693
182.683280724163,230.510832643915,7110.05631726943
185.566256799731,213.059112019742,7110.05645695693
194.566044059377,1244.51338123777,7110.05689301943
209.342425371819,325.530130629303,7110.05760897255
216.341865673606,1092.18811772394,7110.05794811318
233.199858948166,2177.76019439953,7110.05876492568
347.189639032865,26.521927015688,7110.06428801943
356.431286632499,70.4293359743424,7110.06473580068
4.83416235275981,242.739051081742,7110.0651429413
9.98417672994014,254.380155828571,7110.06539247255
15.2193259825358,55.0855784597903,7110.0656461288
17.5402184956753,746.160300213461,7110.06575858192
34.2121405022701,2178.86442221982,7110.0665663788
53.3790945313673,104.750971785528,7110.0674950663
74.8095395114674,1860.96360543786,7110.06853342568
175.57664954419,270.002326052676,7110.07341584755
180.047197445703,56.057627290107,7110.07363245693
184.103035317265,193.850380192373,7110.07382897255
188.161775535883,1071.62623219637,7110.0740256288
203.815303942638,1246.44428112219,7110.07478408193
219.804534605962,74.5757275377734,7110.07555880068
222.587541737999,1789.81740539541,7110.07569364442
241.67581047672,1321.37156771961,7110.07661851942
350.014118938925,66.9766395122728,7110.08186778505
357.005819723647,126.0027499006,7110.08220655067
3.31966644773292,387.312848459942,7110.08251247255
6.74247502109658,67.8822345556718,7110.0826783163
13.4474906283091,1048.94370966946,7110.0830031913
23.3460311184292,449.130843627188,7110.08348280068
33.0694646877095,387.50683217792,7110.08395392568
41.8267464911882,1753.16205996978,7110.08437823817
81.395110073968,653.824827612226,7110.08629542568
163.625715586826,27.8817888915706,7110.09027970692
179.591727661416,159.970606206095,7110.09105330068
184.547286287554,216.384243856282,7110.09129341005
193.497411464586,304.53639610073,7110.0917270663
199.402352852831,33.8891796569651,7110.09201317568
202.635865365709,480.811446212925,7110.09216984755
206.765873765561,1380.99853774776,7110.09236995693
228.901901774128,861.359039650011,7110.09345480068
241.455102173461,1374.88986862166,7110.09406303505
350.737633669675,45.0728135370504,7110.09935805068
355.005018816521,139.787487141163,7110.0995648163
359.568763555979,116.632856150822,7110.0997859413
10.5247177518075,1164.65193045201,7110.10031678505
17.9001704231402,47.6562539430958,7110.10067414443
29.6810299167851,1336.75248648046,7110.10124495693
49.7557666629873,320.410670218152,7110.1022176288
58.9464623606072,834.412650085881,7110.1026629413
177.69089566028,48.2440164206732,7110.10841641005
188.119916716101,132.755653692307,7110.10892172255
194.398613017766,252.303539172161,7110.1092259413
200.935938700655,255.41210812996,7110.1095426913
209.45426247366,511.412412418366,7110.10995542568
216.876797326015,1336.75248648046,7110.1103150663
235.874771498765,1174.93148543701,7110.1112355663
264.745810229398,1005.03516620165,7110.1126344413
337.232988414303,35.5795948259185,7110.1161466288
351.194461364579,101.470998270514,7110.11682309755
354.098721205927,169.77130812279,7110.1169638163
1.78504513006411,354.274498626239,7110.11733623818
10.0424821032596,625.148655064578,7110.11773633193
16.4088931443894,610.551720292563,7110.11804480068
25.2145470609156,1148.01324002656,7110.11847145693
34.4903775964092,105.37689471013,7110.11892089443
40.1553934676201,1353.73645626657,7110.1191953788
55.1868568857611,1657.25633216596,7110.1199236913
180.432820592516,37.9124960592225,7110.12599217568
183.135852539693,206.430164628735,7110.12612314443
191.028886494022,296.787400211329,7110.12650558193
198.189244614544,1342.13906655134,7110.12685251942
212.259393511976,210.039360903913,7110.1275342538
218.915392115212,1399.16456198819,7110.1278567538
230.708183329918,498.312335839302,7110.12842814442
253.55528541912,2318.9561382253,7110.12953514443
345.994376193239,76.3189650365703,7110.13402376943
350.491689959012,22.6921918755618,7110.13424167568
352.267590358883,132.330396640512,7110.13432772255
1.37573100759467,132.967789556737,7110.13476903505
5.07103565636383,1102.59801289203,7110.13494808193
17.9296251349384,1233.83903094521,7110.13557111318
29.8117435041395,46.5594125753643,7110.13614683193
31.8562701833414,644.563402651954,7110.13624589443
49.2534509146019,2487.09342010045,7110.13708883193
179.124753126947,88.2498379928265,7110.14338142567
188.531188341389,293.732871359254,7110.1438371913
193.981432107254,1033.93327233192,7110.14410126942
206.563655789433,261.518445787701,7110.14471091005
215.532484868196,855.756632223148,7110.14514547255
229.848363939231,1350.17863556186,7110.14583911318
244.131994972443,253.936593974657,7110.1465311913
353.92565809153,85.6568635465571,7110.15185097255
0.341731102648417,65.8449544888029,7110.15216184755
3.87063579666069,185.02305243473,7110.15233283193
11.0097102640267,394.236587819563,7110.15267873818
21.4338940372135,294.75458185324,7110.1531838163
26.7222525728657,1287.2598542657,7110.15344005068
37.2241541874098,545.818723551861,7110.15394889443
46.3932437113259,101.192866586164,7110.15439316005
53.3281879374653,351.505852203005,7110.15472917568
79.6519528115585,1841.47652682043,7110.1560046288
173.456385304863,40.6912663286629,7110.1605496913
177.21941085934,328.288923823195,7110.16073201943
186.610044481565,272.90936177593,7110.16118701943
191.504976715506,1090.53543972948,7110.1614241913
198.673074428175,212.352441186781,7110.1617715038
208.416501756128,85.3271966971825,7110.16224359755
214.15310829158,2185.47713259909,7110.16252155068
237.166932818545,1400.88252109649,7110.1636366288
349.460142684679,24.5920801084099,7110.16907751943
353.187050442801,96.5367091820823,7110.16925809755
356.751105446608,49.8010625793466,7110.16943078505
6.77831571764079,375.689812592839,7110.1699166288
13.0028352496892,58.9174403708981,7110.17021822255
16.1173524718399,137.551831036475,7110.1703691288
24.0916515055105,1567.7690257121,7110.1707555038
41.2769625160217,96.8767080444799,7110.17158817568
45.4579228554284,1110.74738295969,7110.1717907538
67.1199089070279,409.937417344963,7110.17284033193
177.226823510408,30.4196876022012,7110.17819164443
182.731244008347,104.750971785528,7110.17845834755
185.789004596832,197.499197551743,7110.1786065038
199.222254399992,379.471704059497,7110.1792573788
204.633800505452,1086.11575289075,7110.17951958192
214.238561229469,172.733619074883,7110.17998495693
225.741442474145,59.1958218554289,7110.18054230068
234.629328919032,1462.20247021489,7110.1809729413
354.902642550489,87.1787989020767,7110.18680048818
359.711472497537,39.8455643479956,7110.18703348818
6.08949281426276,123.593857370707,7110.18734251942
12.3185271834807,984.485049038142,7110.18764433193
22.5453528961118,145.452386246525,7110.18813984755
29.043013469578,527.614951728594,7110.18845467568
36.5616475444747,46.8610948656245,7110.18881897255
39.2550050765512,199.769367714708,7110.18894947255
54.4760870757253,1864.83650743696,7110.18968697255
180.381845944939,37.8815069590477,7110.19578742568
184.148741257948,263.237098785396,7110.1959699413
189.638327687771,102.117023170756,7110.19623592568
196.902202102434,1088.88009719976,7110.1965878788
216.281348297745,1336.75248648046,7110.19752684755
230.523701844044,77.9630388025865,7110.19821692568
233.567595738348,935.636901289172,7110.19836441005
354.308828607729,63.5950389571427,7110.2042146288
359.174092667895,113.28228632923,7110.20445036318
4.71430851672611,51.9251308617186,7110.20471880067
13.0968679577664,545.543277219451,7110.20512495692
16.4416362443085,382.430948020485,7110.20528701943
24.4230298665726,182.87805991779,7110.20567373818
27.9519345230431,111.020602433509,7110.20584472255
34.4363734434239,438.633324106874,7110.20615891005
45.0569479032313,83.9396746554755,7110.2066735038
48.9567052386915,1908.18094658596,7110.20686245693
180.594233398264,35.4804449709256,7110.2132406288
192.412500620289,101.470998270514,7110.2138132538
198.457076061489,1085.00808337908,7110.2141061288
211.904837524842,820.607803930784,7110.21475770693
228.037249516647,741.309791330025,7110.21553936317
240.104284719087,1855.78707956324,7110.21615320693
345.428689906227,29.6969358826171,7110.2212564413
354.583590215414,104.12128798043,7110.22170001943
1.00030819254516,292.707635907163,7110.22201092567
6.3741241241605,215.862633323738,7110.22227130068
13.3796916030636,377.684994390393,7110.22261073818
18.7277090818953,1323.19033507855,7110.22286986318
34.2141925678812,549.38714688646,7110.22362022255
42.0504699260861,32.4192651890431,7110.22399991005
45.2136816316653,1445.6611463487,7110.22415317568
70.5390467021334,569.801428262906,7110.2253802538
176.77865171552,43.5893994510383,7110.23052783193
182.858700024605,147.504716774272,7110.23082242568
191.147095141141,277.686845739922,7110.23122401943
197.778585186076,227.227042737255,7110.23154533193
204.003749721679,1199.24303820795,7110.23184695693
216.244144007713,80.8032876720155,7110.23244003505
218.940403849303,1022.82482483673,7110.23257067567
239.302793259575,2103.61150720928,7110.23355728505
349.147730838765,22.2215648659763,7110.23887955068
354.115221223506,60.6847627704354,7110.23912023818
358.519015630788,262.379173943117,7110.23933361318
11.8323027317427,1400.02387460925,7110.23997867568
25.4948361878169,234.871150306404,7110.24064066005
39.0083836588413,1541.47017372708,7110.24129542568
54.4732609335817,1150.10623247258,7110.24204473818
72.1506772573118,136.867142619401,7110.2429012538
179.257110021439,63.038636810564,7110.24809083193
189.546174466216,131.261182478859,7110.24858936318
193.905144073518,736.427363534631,7110.2488005663
199.202854541265,378.480136120629,7110.2490572538
213.95375988393,1044.34805248133,7110.24977197255
229.847213807719,1539.90908913215,7110.25054205067
254.63081159498,393.473281734558,7110.2517428788
341.53158045095,20.3022980371781,7110.2559534413
357.828780057564,122.601748198115,7110.25674308193
1.12485374805274,119.968160405826,7110.25690278505
6.5683342775511,88.6216378059856,7110.25719266005
13.3307514093584,470.701255750328,7110.2575203163
19.1166974317923,364.108604378188,7110.25780066005
27.7382149783901,543.334599534262,7110.25821839443
34.1400988498629,80.5704253314943,7110.25852858193
36.9834098910911,1576.94635127825,7110.25866634755
67.5990683577065,2618.97503683883,7110.2601497538
165.469658141228,50.7817642103614,7110.26489183193
177.149581204781,299.810759551988,7110.2654577538
183.155136465029,346.986744892419,7110.26574873817
189.22583287956,333.061772606058,7110.2660428788
194.742507619108,1334.05109181695,7110.26631017568
207.701066078756,43.8043906703101,7110.26693805068
212.163551942657,1417.09799450496,7110.26715426943
231.270202062563,2635.45252288111,7110.26808003505
357.249809014601,48.5835954799896,7110.2741840663
2.53365282570874,254.527815490846,7110.27444008192
7.67947499889241,264.376659453447,7110.27468941005
13.8527201834629,1464.66749839647,7110.27498851943
27.071842922372,145.96816810819,7110.27562901943
37.7336949066333,1312.23965027516,7110.27614561318
59.4669491019255,688.318957386969,7110.27719864443
77.7706226933497,224.398027937056,7110.2780855038
176.235221594117,44.4166994850725,7110.28285636318
185.714537404825,97.0704627789587,7110.28331566005
194.711744725338,764.075414050325,7110.28375159755
205.459699034033,427.175128603352,7110.28427236318
215.911293675034,1320.46118483942,7110.28477876943
242.37823991515,1426.40155242901,7110.28606116005
352.319599162346,86.5298180330321,7110.29138809755
359.813402195935,124.049090444167,7110.2917511913
6.3204147014965,48.0977514760728,7110.29206647255
11.4510802860162,754.175111250532,7110.2923150663
23.2687025420289,515.51080071377,7110.29288766005
30.9472869491012,1551.57808823247,7110.29325970693
39.1837626770638,208.60316252147,7110.29365878505
49.6024642766876,61.1089998048264,7110.29416359755
59.2752684645024,182.672474369205,7110.29463226943
62.6177793324597,2525.47671664161,7110.29479422255
176.199414915025,104.301581260735,7110.30033516005
186.417211178567,398.408500634773,7110.30083023818
193.053860914059,356.178642135774,7110.30115180068
198.516681404539,1471.22092286622,7110.30141648818
214.231481131962,1356.39866005732,7110.30217791005
232.546441515977,2408.49229449225,7110.3030653163
267.444641793186,483.616868773851,7110.30475622255
343.80190898961,55.1707811380364,7110.30845592567
347.692636875982,95.2632070450043,7110.3086444413
357.880764853125,92.8662632904143,7110.30913808192
0.59476118496999,233.10456342962,7110.30926958193
7.69288061088824,1204.24614724612,7110.3096135038
19.2276874103821,52.4650947686389,7110.31017239443
21.8575163158304,534.689792441867,7110.3102998163
32.2726706774699,432.07329381012,7110.31080445693
37.4094633264814,358.911206310708,7110.31105334755
51.3980246615654,1859.67075072568,7110.3117311288
179.630480700487,33.0115275393172,7110.3179443163
188.909858624132,294.499480357757,7110.31839392568
197.17181028433,181.123060993826,7110.31879423818
201.501434163322,264.234495395144,7110.31900401943
207.537947604452,1432.29050841853,7110.3192965038
225.92095137718,912.209696668498,7110.32018720693
236.519919625742,265.369753948974,7110.3207007538
249.193727768376,1729.68417366803,7110.32131483193
343.409645386487,82.3008466932507,7110.32587983192
350.17915714443,75.2029480355354,7110.32620783193
359.415967574054,481.748363423407,7110.3266553788
4.06484718892646,171.751876609783,7110.3268806288
10.2861419284551,398.408500634773,7110.3271820663
14.1588109166487,487.33228563691,7110.32736970693
20.0411786070883,95.7550219671255,7110.32765472255
26.8680918896257,337.989664034311,7110.3279855038
32.8552657686891,1850.596009767,7110.32827559755
59.9420196163758,2567.0356951224,7110.32958801943
176.38910147465,112.533440899121,7110.33523017567
183.716182070476,269.584465861783,7110.3355851913
195.568309745356,1605.66149265406,7110.33615945693
212.442749540605,85.1618914277097,7110.3369770663
218.586648996865,2182.17310887781,7110.3372747538
240.92745655812,813.24796896709,7110.33835722255
343.11923532847,24.21917701112,7110.34331695693
357.149396671014,109.31511251755,7110.3439967538
3.14914731223394,230.510832643915,7110.34428745693
7.88928894209709,85.9306167888541,7110.3445171288
15.2037927757673,127.999971732962,7110.34487153505
23.0174965112499,1341.24289452586,7110.3452501288
39.9448231065491,894.236573678597,7110.34607030068
51.3490252646355,1166.71516892097,7110.34662286318
177.105798186341,39.4308058426773,7110.35271609755
180.122603695836,139.921838004931,7110.35286226942
191.380722215928,229.530630613262,7110.3534077538
195.836113491235,277.957379335447,7110.3536236288
203.165773913569,1238.70236290458,7110.35397876942
217.250111950646,1300.27222322582,7110.3546611913
238.781170915374,479.245754192448,7110.35570442568
257.252211910574,209.3225037747,7110.35659939443
346.316502811557,34.2510880768643,7110.36091478505
353.519105868009,125.704155418127,7110.36126376943
2.87071934682317,167.094060810058,7110.3617168788
9.98689767091907,139.653011377305,7110.36206167568
12.7025063802533,87.9298925338112,7110.3621932538
19.6519622665862,1126.86937558948,7110.36252997255
34.6421481978151,315.208109613607,7110.36325628505
43.8167198202107,175.752926101502,7110.3637008163
51.7955336159674,1374.01501287826,7110.36408741005
68.3171796679461,566.096169940522,7110.36488792568
172.628995949358,38.7700739568064,7110.36994209755
177.991202530293,158.317733922608,7110.37020191005
185.608838099703,143.108316863483,7110.3705710038
192.176476997462,246.883513632667,7110.37088922255
197.806019963247,1157.4019520566,7110.37116198818
211.339238747479,950.934442300877,7110.37181770693
224.058516656105,280.648199124656,7110.37243398818
244.455733893166,1769.54706443411,7110.37342228505
352.019121585634,155.926077605173,7110.3786340038
359.104019283383,44.94235886221,7110.37897728505
1.59066682280915,115.092282926277,7110.37909776943
10.3331145206299,1214.1906369223,7110.37952136317
22.3015827406201,261.805688239747,7110.3801005038
31.7089853665397,218.97371416113,7110.3805563163
36.5226525586802,1575.42046075321,7110.38078955068
55.0943074634237,69.320139906015,7110.38168939443
70.1315755381337,121.987198120621,7110.38241798818
84.438747643086,2277.09406885879,7110.38311120693
169.501054884034,48.8487549021865,7110.3872326913
175.106411812065,196.545529851377,7110.38750428505
185.278738309615,207.881364899798,7110.38799716005
188.41389421891,139.113803809821,7110.3881490663
196.229532814888,1123.66349558357,7110.3885277538
214.13752279864,141.789330276865,7110.3893954413
217.582260028714,1077.78019842186,7110.38956234755
234.732743174894,1504.35874868293,7110.39039333193
269.007588493923,1401.74050144992,7110.39205403505
344.358393924194,153.374729583433,7110.39570497255
348.747676708824,63.9999858664808,7110.39591764443
358.106384776231,164.601693386501,7110.39637109755
1.15640581011005,1221.10344058513,7110.3965188788
15.670932911267,281.71734389737,7110.39722214443
23.0641219977711,647.355724581189,7110.39758036317
34.6624574989766,1817.81634189804,7110.39814233193
56.6282202147865,2031.49275179726,7110.3992066288
180.044429272602,79.2181806263947,7110.40518645693
184.484018993233,221.023435664769,7110.4054015663
190.339298373947,1010.40498190486,7110.40568526943
200.309429528308,874.520900140396,7110.40616834755
215.859119195458,1533.64931865241,7110.40692176943
236.520770545395,1083.34441417668,7110.4079228788
264.317304121161,2230.1387403445,7110.4092696913
339.995427362465,38.2823807376642,7110.41293648818
345.701075717034,78.3237016910299,7110.4132129413
348.255121679162,114.601481082666,7110.4133366913
359.334908448353,318.528647902383,7110.41387353505
3.13534173121036,335.982464072515,7110.41405767568
11.4572747800528,1373.13949100104,7110.41446089442
20.5322000170064,1225.03618360525,7110.41490059755
37.7784598276384,57.8717213040036,7110.41573622255
40.3818453142906,1327.72648431256,7110.41586236318
66.9629496375833,245.203496396229,7110.41715028505
80.6103265800768,3043.68552583867,7110.41781153505
168.83406816283,39.4308058426773,7110.4220994413
171.153670706403,154.716406353117,7110.42221183192
176.480081973989,360.999147241969,7110.42246991005
188.471521218817,1429.76974704112,7110.42305092567
195.475153837225,938.844335607314,7110.42339026942
211.732043368404,1280.70409832759,7110.42417795693
228.065360808916,122.907864441579,7110.42496934755
234.968056997232,1688.8807019555,7110.42530380068
354.076570832765,81.3825326573259,7110.43107491005
4.64683828148845,65.4155271617718,7110.4315870663
10.4240773753812,209.3225037747,7110.43186698818
18.3280756392944,1238.70236290458,7110.43224995692
29.0154035933333,194.044127987958,7110.43276778505
42.9652672680125,272.771638609726,7110.4334436913
47.7844165961742,1362.59026284336,7110.4336771913
68.3402943460111,1764.10230867674,7110.43467317568
171.493438008616,77.7820863273604,7110.43967120693
177.621858393207,154.351656456164,7110.43996814443
180.108828415638,918.777165459517,7110.44008864443
192.74684116984,640.352049163795,7110.44070098818
204.393871229557,1373.13949100104,7110.4412653163
218.909688262739,2264.38467976209,7110.44196864443
253.956229521444,902.268815217155,7110.44366673818
338.960490271785,28.1333602247802,7110.44778541005
354.810086844613,222.548340866879,7110.44855336318
1.57766370451872,59.9449170857191,7110.44888126943
6.74573697987679,105.109101977696,7110.44913167568
11.6787219457511,966.611901631609,7110.4493706913
28.1758595145125,435.883246163726,7110.45017001943
33.9563233258419,1179.01832741296,7110.45045009755
57.9130810298743,2323.10082282083,7110.45161086318
175.776174956155,37.6950519409558,7110.4573216288
181.499559763437,796.817001269545,7110.4575989413
191.767017996968,852.236448078969,7110.45809642567
202.524324237758,301.311087191891,7110.45861764443
210.894306954184,2045.64964967346,7110.4590231913
236.57891531542,338.211958439416,7110.46026767567
241.817289360536,1543.80852546154,7110.46052148817
344.368856902222,21.3042569696675,7110.46550084755
354.122926094295,69.5569019049103,7110.46597345692
0.350670493946659,248.098180888334,7110.46627520693
5.62645230498395,142.97697747967,7110.46653083193
17.3898978664634,1313.15569529278,7110.46710080068
32.5455163034307,203.865715975304,7110.4678351288
39.2769752918976,133.391020451512,7110.46816128505
46.2731908387057,1915.72824270736,7110.46850026943
74.5653769656742,2192.06963691931,7110.46987109755
167.692600326813,70.6956160279049,7110.47438334755
171.294385579548,97.841644508545,7110.47455786318
182.14843597135,738.058447691259,7110.47508376943
187.258785239107,875.208128192639,7110.4753313788
196.10313685358,281.183298866949,7110.47575991005
209.70826878506,117.675313937582,7110.47641911318
217.752546105481,2728.70837036976,7110.4768088788
237.362265885731,677.755851441475,7110.47775901942
351.991524928752,28.2998312284288,7110.48331309755
354.571046860658,74.6386910610575,7110.48343808193
2.9881116830229,160.673765958741,7110.48384591005
12.3132817430407,134.513150618076,7110.48429773817
16.3097832670544,901.60223731317,7110.4844913788
25.1963798174579,1246.44428112219,7110.48492195693
44.3362454242049,276.194261905616,7110.48584933193
48.99705679768,239.779668342877,7110.48607516005
79.0851371582752,1987.2075096572,7110.4875330038
179.511385281414,920.738263410215,7110.49239891005
190.598266564115,259.354121512345,7110.49293609755
201.707721544621,767.216568053897,7110.4934743788
213.662720547629,1757.27254969615,7110.4940536288
235.879373127599,229.366858839342,7110.49513008193
241.103235550063,1460.55667560319,7110.4953831913
349.787243129403,49.6593807741696,7110.50064920693
353.890808110458,85.2170278786701,7110.50084803505
2.97476275895933,214.114725949344,7110.50128817568
11.947784079261,323.445603633843,7110.5017229413
15.874952244994,155.805535140274,7110.50191322255
16.494437369559,1208.23384630597,7110.50194323818
39.2951022437505,1428.08653791349,7110.50304798818
55.0708482700808,1137.49043517686,7110.50383216005
176.398350777185,102.02497874312,7110.50971078505
188.602304746316,668.376243240232,7110.51030209755
195.030632036585,828.628166082979,7110.5106135663
209.19333284349,1103.14313239712,7110.51129978505
226.706606593506,1335.852650719,7110.51214834755
243.637158018867,1407.73281920303,7110.51296867568
348.878040708081,48.8727877612227,7110.51806786318
354.712358843563,93.0178850611085,7110.51835055068
2.74083464684968,223.559143419649,7110.51873955068
9.78606723517591,1110.74738295969,7110.51908091005
18.9512869254766,38.1286946460335,7110.51952498817
31.2961649171286,1379.25593168831,7110.5201231288
45.5697990522328,1155.32217126457,7110.52081472255
63.2130324401027,2660.88151512633,7110.52166958193
170.859297589401,175.859785067622,7110.5268853163
179.926805717213,110.171156919581,7110.52732466005
183.426364645374,932.418253718481,7110.52749422255
196.761580440581,1584.55337739838,7110.52814034755
215.542202681476,776.950725978054,7110.5290503163
227.349828039382,1607.15862840277,7110.52962242567
253.300482928525,2835.89240979154,7110.53087980068
344.175824614257,147.122078408835,7110.5352829413
348.153622198998,39.9044616794519,7110.53547567568
355.668708923285,1084.45374902288,7110.53583980068
5.16253631910281,976.513425676728,7110.53629980067
15.6350922053373,222.041204867018,7110.53680722255
24.7725786199006,88.7805037819156,7110.53724995693
31.0677214422545,1725.5078477163,7110.53755497255
53.3953073504234,437.260450070198,7110.53863680068
62.4292775083876,3008.71749736586,7110.53907451943
166.832355767248,53.3528915491743,7110.54413311318
177.39417518422,887.487583423052,7110.5446599413
188.50814485173,1136.4328367236,7110.5451984413
204.826305666036,93.5717128780489,7110.54598909755
210.297833197681,1420.48806051065,7110.54625420693
223.745917068957,804.327215941925,7110.54690580067
262.199142900885,2984.64120085384,7110.54876895693
343.082747145928,100.727606811013,7110.55268797255
348.012184873818,29.5979109277145,7110.5529268163
349.777120926563,200.520378079716,7110.55301233193
357.605336284697,191.411914096662,7110.5533916288
4.90403860123284,1614.62354597575,7110.55374526943
17.390807989341,459.388582729758,7110.55435028505
32.6241442676655,166.869032480754,7110.5550883788
39.7522543503641,1559.30901524215,7110.5554337538
53.7727412402652,2629.97157385314,7110.55611308193
174.92191203401,79.2181806263947,7110.5619830663
181.167070365827,208.783240696064,7110.56228566005
189.828575504854,1148.01324002656,7110.56270533193
201.451419451735,224.062851605922,7110.56326848817
208.32896215328,1345.71809251582,7110.56360172255
226.247916446617,2090.9978193373,7110.5644699413
260.765589629736,1726.9010665899,7110.56614241005
342.424114644516,128.658833586925,7110.57009897255
354.498431421258,978.35883838826,7110.5706840038
5.50275773013439,138.301065044644,7110.5712171913
6.43698390357713,153.986018380792,7110.57126245693
16.7631336312693,1259.87831278707,7110.57176278505
27.7977730799322,1578.47068749106,7110.5722974413
46.0504947318013,75.1404702348246,7110.57318183193
56.2415250935415,2289.73306981572,7110.57367561318
172.455775985833,40.6623970605757,7110.57930648817
175.658975283842,154.959087228512,7110.5794616913
186.814867479359,176.180015021288,7110.58000222255
192.095164052482,878.636274848077,7110.5802580663
198.179082082558,1340.34605636657,7110.58055284755
213.990948443999,143.763279059073,7110.58131897255
217.711406541998,1201.2467687228,7110.58149923817
242.944542185999,1769.54706443411,7110.58272184755
348.336246957991,51.1044852269382,7110.58782376943
351.43109279185,129.677060756173,7110.58797372255
357.616269772565,179.246090192819,7110.58827341005
7.91662104747303,698.722413261521,7110.58877248818
14.2162785943712,1268.43935355225,7110.58907772255
25.4205428653942,213.939158055787,7110.58962059755
39.6648312721887,328.746446731643,7110.59031076943
44.717456532345,1554.67505535967,7110.59055558193
77.9668137380242,50.130094519929,7110.59216659755
91.5039022432476,2205.19602578406,7110.5928225038
164.171669522555,40.4887477711835,7110.5963434413
176.870631114418,914.184894451608,7110.59695873818
180.651393084067,112.616888037209,7110.59714192567
191.568972140039,185.732526580829,7110.59767091005
199.353975113225,1301.19670593842,7110.59804811318
213.326734893632,1757.27254969615,7110.5987251288
225.127910628956,22.5884554116984,7110.59929692567
234.662693103764,115.743442608007,7110.59975891005
247.193964771304,2668.10218363389,7110.60036608192
342.930055792658,92.5115262173648,7110.60500473818
347.201310660495,46.1031837706294,7110.6052116913
354.444868833478,131.618549392698,7110.60556266005
0.160191640690446,1164.65193045201,7110.60583958193
11.5189240327845,209.681244589532,7110.6063899413
15.7205231719599,115.41832073414,7110.60659351943
24.4478142811167,394.998395103485,7110.6070163788
31.100265571285,1378.38385150246,7110.60733870693
48.118531661027,2606.08734592438,7110.60816328505
174.139093654513,38.9815194012932,7110.61426930068
181.488102869508,109.572628748111,7110.6146253788
190.723945887656,840.872815821569,7110.6150728788
199.965271004283,1009.21415668864,7110.61552064443
212.872232595905,1496.34404866816,7110.61614601943
233.540011047876,141.524042485131,7110.61714742568
260.816705959602,2074.83297209876,7110.61846905068
341.561321080161,66.2361485104235,7110.62238133192
353.746893668108,122.754903464362,7110.6229717538
359.536709449074,1080.00930421071,7110.62325228505
15.8793788216806,221.193383054263,7110.6240441288
21.4241093950557,1481.80823167365,7110.62431278505
40.0438139298405,325.991567073913,7110.62521495693
45.7768731522243,103.487780844791,7110.62549273818
57.7844364347346,2798.32912397637,7110.62607453505
174.782545620364,53.4847895139468,7110.63174028505
183.284745355686,978.973124787785,7110.63215223818
198.031135973807,640.821340436304,7110.63286673818
203.705503702029,1113.99045543692,7110.63314167567
223.315546040369,2287.63163967471,7110.63409183193
258.046056355713,2147.73621109998,7110.63577461318
341.338267815819,31.8712937985577,7110.63981033192
344.691743068443,187.744861324113,7110.6399728163
353.702494675215,101.932857987652,7110.64040941005
3.15504454657871,1373.13949100104,7110.64086741005
15.2142047346564,144.934758639081,7110.64145170693
20.7898934513719,343.722467155416,7110.64172186318
30.8545114507844,981.426717672207,7110.64220951943
35.9938839638451,215.165177341881,7110.64245853505
45.8076120990976,3067.29863730482,7110.64293403505
76.0369389276782,74.0066827265018,7110.64439872255
174.650846296501,39.7570518173573,7110.6491768163
183.743830394091,740.092209738918,7110.64961739443
198.311889298852,200.707686581758,7110.6503232538
202.663764355102,999.636595722109,7110.65053411318
215.523966173624,1895.53550633548,7110.65115722255
239.697108285409,777.337527679833,7110.65232847255
347.32757188003,43.0472220369627,7110.6575434413
2.5106011472705,92.7143986584333,7110.65827909755
5.02917427905512,274.008704614914,7110.6584011288
12.6806703013192,831.525459599192,7110.65877186318
25.9671914253886,109.743963916387,7110.6594156288
31.2590973116502,1046.0737831508,7110.65967203505
53.0816786614376,2032.67624954151,7110.66072939443
178.157372617361,112.449924372093,7110.6667896288
186.210679386872,166.981581339876,7110.66717983193
190.302366190684,1013.37593871875,7110.6673821913
206.293531752045,734.383387435145,7110.6681570038
214.341678868541,1284.45443170477,7110.66854695693
231.105185335591,85.9852605783473,7110.6693591913
241.617728776713,2746.27898200208,7110.66986855068
341.159090250933,22.022501877661,7110.67469158193
352.123106484374,158.317733922608,7110.6752228163
356.706522574581,98.2727649256887,7110.67544489443
1.13901770661844,192.683771715885,7110.67565966005
8.22294799289105,1423.02547523343,7110.67600289443
21.2192366263835,72.5969007131511,7110.67663259755
24.0970530864781,900.935104297673,7110.67677203505
42.1198461194203,1073.30799803407,7110.67764528505
62.2023224202284,1717.12477570196,7110.67861833193
174.61549506365,32.8510621483424,7110.68406503505
186.068391780249,730.689897476822,7110.68461995692
195.289400692738,202.385733172328,7110.68506673818
207.616219711129,1520.26158328766,7110.6856640038
230.344003951514,1390.54368020197,7110.68676522255
245.473178969685,945.862721479784,7110.68749826942
348.280623477614,74.764444635278,7110.69247955067
352.881453537528,97.3603697662639,7110.69270247255
3.38206518250589,300.811792142142,7110.6932112538
6.90613266896765,335.086514091643,7110.6933820038
16.618279408116,103.940682449899,7110.69385258193
20.5960769928562,1074.4277689767,7110.6940453163
32.8835533848301,1459.73322318582,7110.69464067567
54.0318279495071,1012.18855519392,7110.69566536318
182.667707150706,51.8345887046134,7110.70189809755
189.124412757808,279.036821426715,7110.7022109413
194.726222410313,943.953804011244,7110.70248236318
202.340310666656,161.606575344031,7110.70285128505
214.022813594258,967.855129374584,7110.70341733193
223.002284499599,86.2034957305191,7110.70385241005
233.121724197099,1513.12606888609,7110.70434272255
257.461266263641,761.711083097083,7110.70552203505
349.891873594822,112.031425802961,7110.71000361318
352.52815208531,31.0122726110418,7110.71013134755
358.848770914983,349.361206630761,7110.71043759755
6.29742662804474,970.336810901529,7110.7107985038
18.2530705970649,148.140236189143,7110.71137778505
23.0325548158033,1221.10344058513,7110.71160936318
45.2572693958436,135.279232260643,7110.71268620693
48.7161958031046,1743.53298465491,7110.71285380068
81.2335221034474,2650.01331989367,7110.71442934755
169.616734076191,601.623584284283,7110.71871173818
179.472384664368,752.578943608029,7110.71918926943
191.48478519197,1297.49477828511,7110.71977130068
201.643889961352,1163.6190899722,7110.72026353505
219.656041092632,136.867142619401,7110.72113626943
222.081094865925,1537.56463117105,7110.72125376943
237.510499235239,2536.87870710451,7110.72200136317
350.016223863218,34.2682271448069,7110.72745255068
353.495466512158,86.6383215170075,7110.7276211288
357.531310587505,254.822912770791,7110.72781667568
8.19509743226183,904.265773371549,7110.72833336317
15.426078843089,1234.81325164931,7110.72868372255
30.1018462084462,35.014012522705,7110.72939480068
38.7146567514196,1722.71807930002,7110.72981211318
75.2939481004412,959.745283246605,7110.73158447255
173.211620027444,105.287702167889,7110.73632883193
185.055040698699,696.567803437631,7110.73690267568
192.201854683129,151.277837479036,7110.73724895693
195.91973295462,892.890872350449,7110.73742909755
217.196354704579,1156.36256126095,7110.7384600038
226.488309315296,1349.2876815846,7110.73891022255
250.257060740701,760.526197574052,7110.7400618788
355.587915587965,151.277837479036,7110.74516542568
1.55316081031852,161.606575344031,7110.74545445693
4.10978659895379,115.255416321958,7110.74557833193
11.8219089758741,1050.66177980007,7110.7459520038
23.2828677300846,1077.78019842186,7110.7465073163
29.2639145071145,182.157469663657,7110.74679711318
45.4343792308537,1155.32217126457,7110.74758061318
56.6289690867755,305.767855479644,7110.74812301943
66.0454011993257,202.199965104732,7110.74857926943
180.576368449775,53.7912943354701,7110.75411984755
184.171059151459,135.348648955258,7110.75429401943
193.316930049099,410.303901965392,7110.75473716005
209.642185451998,1229.9343765676,7110.75552816005
221.994802960715,95.5094267562906,7110.75612667568
225.729772681365,1018.70167856788,7110.75630764443
246.157303133296,1047.79662724042,7110.75729741005
265.573534649064,154.59490632086,7110.75823817568
346.162069195979,30.8604392040834,7110.76214289443
353.527524969205,90.5096483871937,7110.76249976943
359.470196568836,166.078970020855,7110.76278770693
7.74633740622175,398.031052561976,7110.76318870693
17.538781813235,1152.19545016032,7110.76366317568
31.3893214353115,1194.21905697692,7110.76433426942
41.9711982347143,899.599394976747,7110.76484698818
68.0666468673695,72.0774134821411,7110.7661113788
75.9632281347662,1456.43441751275,7110.76649398818
170.025322597818,36.6205364643601,7110.77105153505
179.181190356024,762.894192263275,7110.77149516005
191.653770642028,615.944073523167,7110.77209948818
197.233329154817,1044.92370311959,7110.77236983193
217.007513954246,1352.84783375766,7110.7733279413
233.560118187107,1457.25975730926,7110.77412995693
253.834792857914,131.40424859337,7110.7751123163
346.955566596471,30.9743827808795,7110.7796242538
352.367757705485,109.486857080565,7110.77988648818
358.384599795864,79.1588669613041,7110.78017801943
8.29055735758404,251.557746855369,7110.78065798818
11.4892419310482,287.003310006639,7110.78081297255
19.1981395154486,1277.88424286734,7110.78118648818
34.7468616960382,97.841644508545,7110.78193986317
41.1755115068549,1373.13949100104,7110.78225134755
58.4314457701297,994.813231791625,7110.7830874413
176.301311801998,168.772329445233,7110.78879853505
188.159889099458,301.809521818797,7110.78937311318
197.333493347919,1005.03516620165,7110.78981759755
211.611603173609,152.391543828401,7110.7905053163
214.800935814978,1358.17046498232,7110.79065984755
231.960770855712,1015.74637589863,7110.79149128505
248.580128545262,1354.62430161937,7110.79229653505
342.017578155651,24.2312975240466,7110.7968238163
350.346928276093,117.034895663615,7110.79722739443
2.70051319628605,202.571306950894,7110.79782595692
5.63831104502462,207.157041520745,7110.79796830068
13.7683681693325,1393.99847221,7110.79836222255
28.4315588100747,76.0723775639072,7110.7990726913
33.2755391795433,20.8163607878786,7110.79930739443
40.7380616243282,1477.74525949274,7110.79966897255
57.7079556010226,2424.41644537905,7110.80049120692
176.365319164785,163.571128863893,7110.80624045692
186.328033322629,801.33155666573,7110.80672317568
192.40743662816,1075.54642969632,7110.80701773817
202.494950770842,68.7075882299659,7110.8075065038
213.452517381702,1398.30491630022,7110.80803742568
225.293035743443,906.258290633843,7110.8086111288
243.130402474432,1390.54368020197,7110.80947539443
345.51023778233,21.618878562335,7110.81443595693
351.774099978337,62.2135884476016,7110.81473945693
359.597800611927,150.405896071071,7110.81511853505
8.73238471697633,232.781932618664,7110.8155611288
16.0755893129439,1094.38791362493,7110.81591692568
18.6686554184827,232.135310973547,7110.8160425663
27.8493541804536,76.3189650365703,7110.81648739442
32.4395423762485,1224.05419133997,7110.81670980068
59.0599893634999,1046.0737831508,7110.8179996288
81.5488154983274,2110.45980691438,7110.81908926943
168.189987524055,100.634292565793,7110.8232872538
173.475443712651,725.736026829793,7110.82354334755
185.200514059191,834.412650085881,7110.82411145692
199.250991680955,1463.02447934232,7110.82479223818
213.417562246393,881.369255356645,7110.82547864442
227.721509558825,2183.27489420744,7110.82617170693
254.645088281816,710.667191761161,7110.82747622255
339.639733792125,33.7676830941547,7110.8315937538
355.380654455338,204.785285951026,7110.8323564413
0.523251798460551,239.936320811651,7110.83260561318
6.07959168497367,144.02443127004,7110.83287483193
11.550474250607,136.661071348243,7110.83313991005
18.7047052315537,1326.82054232447,7110.83348655067
34.5807452607193,973.430003270437,7110.83425578505
46.2339024224704,1036.25674707786,7110.83482041005
79.0437186319749,21.632454508258,7110.8364101288
84.9060924886581,144.02443127004,7110.83669417567
172.020021034943,36.2984503565755,7110.8409150663
184.709953177718,266.359156952944,7110.84152992568
191.183427750973,128.877700178442,7110.84184358193
200.154191690232,830.078061841988,7110.84227823817
206.603480263275,929.188559428695,7110.84259072255
223.941969537916,1090.53543972948,7110.8434308163
258.046545143656,1343.92985629006,7110.84508326943
346.558104339223,73.0484145394783,7110.8493718788
350.965768505036,78.2637149532306,7110.8495854413
2.8872294631128,873.833116976641,7110.8501630663
9.50646526643938,117.834880741796,7110.85048378505
16.4514064282278,1127.93596684924,7110.85082028505
29.389326088107,329.431565360139,7110.85144716005
33.1533190916029,72.5321677719215,7110.85162953505
42.6207031061665,1961.62797116983,7110.8520882538
179.219594548446,33.5058439326907,7110.8587068163
189.724720993052,542.50404168954,7110.8592158163
204.313096139492,667.476129923017,7110.85992266005
208.49308902988,460.369131705107,7110.8601251913
221.89699310473,1262.7383583208,7110.86077464442
243.279388529872,1989.62646358325,7110.86181067568
348.565096019066,57.7091603670699,7110.86691203505
355.945708418497,126.077273621128,7110.86726964443
2.94289137678208,89.0973891887192,7110.86760867568
6.36634491615817,909.569419782486,7110.86777455068
18.0236943194475,1132.19233988104,7110.8683393788
29.3885538886585,341.30878678873,7110.86889003505
34.5201869221965,93.8223804203275,7110.86913867568
44.5332079784999,2165.57838328413,7110.86962383192
73.6451397127277,1501.15808672524,7110.8710343788
173.156477132153,39.5200504266224,7110.87586330068
178.867930143291,785.417009208089,7110.87614003505
192.668485312373,1091.63744710372,7110.87680870693
203.615410096655,134.582983646325,7110.87733911318
213.129553771693,1550.80304153898,7110.87780009755
231.428712638573,1931.97946529722,7110.87868673818
258.242647927848,1374.01501287826,7110.8799859413
352.305709802377,260.22201060627,7110.88454353505
355.565665734051,96.8282121149855,7110.88470148818
3.52706552255914,185.530091290076,7110.88508723818
13.3201548955847,1291.92223585761,7110.88556173818
23.5782611970208,1304.888086473,7110.88605876943
38.9499416338171,1058.6431731241,7110.8868035663
50.3909065918129,57.4235728412198,7110.88735791005
64.9438088703683,256.146714949779,7110.88806303505
179.978103453156,27.9238750178212,7110.89363673818
184.272576947269,144.934758639081,7110.8938448163
191.783148984554,163.456206903057,7110.89420872255
197.058930795591,116.713375075683,7110.89446434755
203.491772847946,873.833116976641,7110.89477603505
212.26646858359,941.402511500655,7110.8952011913
231.59111556382,747.368000819648,7110.89613751942
252.977703192959,1746.28955740275,7110.8971737538
341.30480353559,25.0181524802384,7110.90145342567
346.46965205597,91.1818190396652,7110.90170367568
358.280502243937,162.765065314652,7110.9022759413
2.15252619103477,963.496726846813,7110.90246355068
10.3125740472063,23.5180919877509,7110.90285892568
17.9208576845212,131.903737932149,7110.9032275663
23.0805464768027,1110.74738295969,7110.9034775663
39.2758422418489,639.882424824378,7110.90426226943
47.4890993810769,2272.8656734472,7110.90466022255
77.9683485872575,1258.92340996359,7110.90613701942
164.688528348825,23.7911357281462,7110.91033883193
176.934082325416,699.582280994093,7110.91093216005
186.087047774108,119.889834171438,7110.91137564443
194.448001003903,1218.14558440292,7110.9117807538
205.299471531655,1076.10520494461,7110.91230653505
220.039735010201,34.677007793027,7110.91302073817
231.809005397516,1755.90342266219,7110.9135947538
248.437714944078,1375.76416925356,7110.91440045692
347.492453353725,79.6321619755957,7110.91919991005
352.937537391492,161.490279482202,7110.91946373818
357.067868311891,53.6601492406863,7110.91966386318
3.26755691525757,546.919176613869,7110.9199642538
10.6155987187758,1091.63744710372,7110.92032028505
22.4674038731071,1359.05564579986,7110.92089453505
37.3373045440417,26.6984455377095,7110.92161501942
48.6176742413912,1867.41400121093,7110.92216158193
68.6727396743849,2331.3679875514,7110.92313330068
170.266367419955,44.8115225482049,7110.92805576943
176.823686899059,819.874834689927,7110.92837348818
186.510680151436,1003.23893637011,7110.92884284755
197.784277705656,661.595167539275,7110.92938908192
211.854749123636,1448.1543741951,7110.93007083193
221.480793575892,2240.89680145312,7110.93053723818
251.475032057447,804.327215941925,7110.93199053505
340.177822249077,33.6631937603027,7110.93628841005
356.306686965356,220.171700315852,7110.93706989443
0.904614640673884,99.7905855171233,7110.93729267568
3.69278146326694,211.465789323739,7110.93742776942
6.98563039877714,32.3648850775182,7110.9375873163
15.6755137795538,835.132962784257,7110.93800836317
26.700156367651,1348.39617249582,7110.93854253505
43.2527605629701,28.8342249382678,7110.93934455068
49.1963995740783,120.593007801872,7110.93963253505
53.7495024869575,1694.56715326533,7110.93985314443
175.620062246836,34.3708811412213,7110.94575808193
180.031273688175,469.101868461053,7110.9459718163
191.051079068722,382.430948020485,7110.9465057538
200.872224275574,914.184894451608,7110.94698161318
216.264543437056,1564.69792678138,7110.94772741005
240.861424952797,1540.68968694077,7110.9489191913
349.938858796307,57.6684498765356,7110.95420426943
356.447806199906,88.7805037819156,7110.95451964443
4.71866328087716,132.614044745516,7110.95491967568
8.22854159015155,864.14658762024,7110.95508973818
21.2703000271778,296.280472378285,7110.95572164443
27.6789560042382,1219.13235062721,7110.95603216005
38.8948295508577,148.013365453004,7110.95657559755
46.3431628184552,2240.89680145312,7110.95693648818
179.28641475893,35.4804449709256,7110.96337792567
184.191988932074,603.619043637593,7110.96361561318
193.715806984672,209.142897444892,7110.9640770663
203.263166184094,1265.5920755833,7110.96453966005
216.494220719148,1292.85260275225,7110.96518073818
231.625330635356,95.705957048331,7110.9659138788
236.898855102892,1494.7360016393,7110.96616939443
347.644480810593,24.3762492829758,7110.97153530068
354.585552176308,82.5288240524635,7110.97187161318
2.32057065895642,199.769367714708,7110.97224639443
8.8104917529,210.575404335778,7110.97256084755
15.6722328997683,1278.82493483611,7110.9728933163
30.3492902346917,70.0950686383095,7110.97360445693
33.892706513814,1151.15139642796,7110.97377614443
50.4698191923505,1425.55822701951,7110.97457934755
179.973816113857,27.0045808631325,7110.98085414443
185.5072598571,419.003887142111,7110.9811222538
198.905681758387,898.261687254376,7110.9817714413
208.485289033174,1074.4277689767,7110.98223559755
222.577044141851,1523.42216619417,7110.9829183788
237.698802088423,96.4393356839288,7110.9836510663
248.351947106601,241.186015603745,7110.98416723818
353.294857825716,42.3874581267913,7110.98925198818
1.04213054997318,167.206484769089,7110.98962736318
7.42015090424095,99.5077631404939,7110.98993639443
12.5214707229092,140.324099562328,7110.9901835663
20.5157635152526,1229.9343765676,7110.99057091005
33.7029606993446,449.465409335659,7110.99120986318
38.0096884726082,97.1188407472567,7110.99141853505
51.2220390683882,360.582508296403,7110.99205870692
68.4234741165819,1766.82679597917,7110.99289216005
177.927522732717,708.973102447885,7110.99820378505
183.170733985383,130.615462889949,7110.99845783193
193.496561230069,79.9265584272568,7110.99895814443
200.983914678619,1503.5592770829,7110.99932092568
217.977994693066,1026.34578613703,7111.00014433193
226.186414624744,727.804205791216,7111.00054205067
251.203488306457,2646.3806701571,7111.0017541913
338.149081999949,20.5894728350087,7111.00596692568
344.133353569498,138.572500696377,7111.0062568788
349.310778814493,72.8552496109813,7111.00650773818
356.524668701078,173.059636066064,7111.00685726943
2.69178674607297,26.2996100591772,7111.00715608193
4.71019256456837,252.154547242256,7111.0072538788
8.09527088900414,1686.03031536207,7111.00741789443
30.4747761106633,892.217244530258,7111.00850223818
39.9112019818864,1535.99966079554,7111.00895945693
55.1722715734899,175.21756268124,7111.00969889443
82.0049107644967,62.627472652288,7111.0109990038
177.642967627731,67.3961164654457,7111.01563291005
188.153898691364,113.448014871231,7111.0161421913
194.303280321187,233.909225322293,7111.01644014443
202.814186985051,1027.5166273388,7111.01685251942
210.893614727893,789.235343745531,7111.01724398818
229.07958288553,1432.29050841853,7111.01812514442
272.163629471695,1432.29050841853,7111.02021267568
341.99002057027,20.8445483096398,7111.0235959413
346.348667732107,123.136958962711,7111.0238071288
351.968858765796,155.926077605173,7111.0240794413
0.8499731426366,129.459540310073,7111.0245097538
6.30827887103003,1202.24752375719,7111.02477422255
24.3449385981534,656.11982513758,7111.02564814443
31.7503819262663,339.099665014331,7111.02600695692
37.9965077446435,1882.80502300131,7111.02630959755
73.5503109052318,80.6287051013932,7111.02803226943
175.141358786752,49.8010625793466,7111.03295461318
188.625238046461,123.213217406715,7111.0336079413
193.838781125353,535.532507228709,7111.03386055068
201.98205997783,780.810416323163,7111.03425511318
216.793269192145,1028.10171487278,7111.0349727538
235.302685327201,1498.75289956469,7111.03586958192
349.705791627478,24.4003255100989,7111.04141466005
354.83613469145,55.8897858549123,7111.04166323817
358.387613008185,194.237681494513,7111.0418353163
13.1891478073988,220.342313839161,7111.04255248818
20.0370222976276,1410.29299349782,7111.04288428505
37.4483922060753,860.660709367522,7111.04372791005
44.3327069756658,789.235343745531,7111.04406147255
79.218652973725,65.73785960029,7111.04575178505
173.99310691628,44.8639007888385,7111.05034384755
189.406387322995,153.374729583433,7111.05109066005
196.261356364276,239.309044802738,7111.05142280067
200.496493473299,665.672128530304,7111.0516280038
211.295399684007,900.267527192966,7111.05215123818
231.45559375109,1324.0987195573,7111.05312805067
246.503181206913,1277.88424286734,7111.05385714442
349.574092341158,108.798248188435,7111.0588511913
356.896013246428,280.11210018164,7111.05920595693
2.89705381967227,120.515070145544,7111.05949672255
5.76777565363153,594.586824220755,7111.0596358163
13.3160779023023,1317.72626144055,7111.06000155068
26.7341711543396,71.4227496589892,7111.0606516913
32.1844149202042,1427.24443374931,7111.06091576943
50.0179118551194,1517.88681623799,7111.06177984755
180.035297780542,57.0131060417811,7111.06807951943
185.820276353958,566.626967568595,7111.0683598163
198.942977424861,926.596632755405,7111.06899564443
204.033332896403,662.956911590129,7111.06924228505
213.852543205219,1130.06615176658,7111.06971805068
241.819991422744,1366.99562780507,7111.07107314443
260.287162659411,1590.61286364448,7111.07196792568
340.070140776254,63.2617846996197,7111.07583361317
344.340750715621,58.1954831546661,7111.07604053505
351.286336843422,143.50165500332,7111.0763770663
357.752716828083,916.155762364923,7111.0766903788
3.55220706169188,259.788413004003,7111.0769713788
10.0198769408361,34.6431251740942,7111.0772847538
14.5626605101435,1416.24911798033,7111.07750486318
31.628250563387,233.10456342962,7111.07832717568
39.2587853779595,974.66457127382,7111.07869689443
49.8322776942857,2179.96798390629,7111.07920920693
74.6284521686193,159.970606206095,7111.08041064443
176.501348020099,63.1874899625906,7111.08534664443
188.227063295109,823.533297111823,7111.08591478505
195.3525935513,825.720658514939,7111.08626003505
206.003158705429,158.08020170649,7111.08677608193
216.912030795318,1458.90910463464,7111.08730464443
232.044430643551,1398.30491630022,7111.08803784755
264.362463985301,758.943408118995,7111.08960373818
342.424363400361,44.3637938885022,7111.09338603505
348.038104849011,116.713375075683,7111.09365803505
358.6502947882,149.277382122115,7111.09417222255
2.06052663694892,400.665778332865,7111.09433745693
7.90580904447284,1091.0865544389,7111.09462067567
22.0133657078263,929.835375362842,7111.09530422255
32.8332331262264,942.041000762117,7111.09582847255
48.0907554423039,207.338354818454,7111.09656773818
63.3208668905668,2675.30375630542,7111.09730567568
174.721773111266,57.4235728412198,7111.10270333193
177.921747616755,478.618089605476,7111.1028583788
191.841298114106,626.589613528239,7111.1035328163
200.084223427108,1362.59026284336,7111.10393220692
216.751630709158,1446.49270339414,7111.10473978505
237.440047960898,866.925198295121,7111.1057421913
347.088272408003,37.8815069590477,7111.11105492568
352.483049509768,57.7091603670699,7111.1113163163
6.56029299579368,322.048443468503,7111.11199839443
10.3987789730437,124.879370733133,7111.1121843788
20.3127985723755,167.206484769089,7111.11266473818
25.0868006175511,1283.5178475612,7111.11289605068
40.4778298470083,461.347599012285,7111.11364178505
59.8582659743436,1090.53543972948,7111.1145808163
175.73979449007,135.348648955258,7111.12019280068
188.36168324413,779.26881614232,7111.12080436318
205.51700356032,794.550092386714,7111.12163558193
215.647730087951,1153.23861571426,7111.1221264413
232.469605528614,1406.02340881202,7111.1229415038
252.453402742832,1827.05384155213,7111.12390976943
345.465500496692,20.3888763511406,7111.1284164413
348.323000715107,91.7979234293931,7111.12855489443
352.017337877316,235.829161754353,7111.12873389443
3.46958966544378,877.951711331093,7111.12928878505
10.4338796574346,373.684000409824,7111.12962622255
15.6822506006574,1439.82681333199,7111.12988051943
28.2099750677551,37.2878637688867,7111.13048751943
35.7679516939854,1346.61148898374,7111.13085372255
61.1894159869947,1746.28955740275,7111.13208545693
178.255660486828,30.2066219259878,7111.13775761317
187.456675565561,938.844335607314,7111.13820342567
198.821857617778,896.922036641712,7111.13875409755
213.922976877206,118.391643710858,7111.13948578505
219.150386612737,1630.92572780243,7111.1397390663
236.816516143877,1434.80705094845,7111.14059503505
353.504490930662,122.754903464362,7111.14624886318
1.83448605465815,54.4422840143,7111.14665247255
4.37015063560224,181.744411187346,7111.14677533193
12.2712465524599,1234.81325164931,7111.14715816005
28.0015253890956,210.396880473418,7111.14792033193
32.9261258718934,1362.59026284336,7111.1481589413
51.1543390030035,996.021265464719,7111.14904214443
79.4623266846483,1579.99358041394,7111.15041373818
169.72656769135,104.840622294766,7111.15478726943
175.451887359128,786.946563469115,7111.15506467568
187.44880881506,651.983134147827,7111.15564595693
192.907759584549,972.812164157233,7111.15591045693
207.610615334715,43.4815065897265,7111.15662284755
211.664840791246,1401.74050144992,7111.15681928505
230.639273967338,1505.95669268228,7111.15773864443
256.364514887016,1020.47081895762,7111.15898509755
342.91337689368,60.52976175841,7111.16316692568
352.29465858381,104.930189537278,7111.16362147255
357.915817066518,250.959503178549,7111.16389383193
3.02777874930593,24.0610795176899,7111.16414151943
6.25967880961196,343.722467155416,7111.16429811318
11.0936622809732,898.261687254376,7111.16453233193
26.7033333367669,626.589613528239,7111.16528866005
36.1394366874422,1648.52620443412,7111.16574586317
51.6443016296954,36.7805196022086,7111.16649711318
72.6845451381453,283.578660553729,7111.1675165663
83.6814543378802,3112.44274797673,7111.16804939442
161.742063895999,31.2949804959217,7111.1718316288
165.280965450577,525.044729915436,7111.17200309755
174.898947902763,655.20278091924,7111.17246911318
185.173500724888,247.339704273486,7111.1729669413
197.886973976944,1383.60822798944,7111.1735829413
209.925495365254,2196.45390764356,7111.17416623818
237.499194873144,1891.72544295957,7111.1755022538
351.356435380857,45.6166632245569,7111.18101892567
358.59354393126,281.183298866949,7111.18136958193
5.42271451975699,111.27417043344,7111.18170047255
9.06223005896218,231.161992325646,7111.1818768163
16.1284238925214,1186.13618926844,7111.1822191913
22.8295697412019,50.6428267377235,7111.1825438788
31.4239988654496,1548.47501487865,7111.18296030068
59.1295929092306,1055.79955889112,7111.18430270693
176.031049869337,133.953279024546,7111.1899668788
187.511357491292,118.391643710858,7111.1905231288
190.830327287508,825.720658514939,7111.1906839413
201.061667724684,620.805629125698,7111.19117967568
217.708436244507,74.0066827265018,7111.1919862538
221.604001263346,1116.14728570686,7111.1921750038
239.080512288536,1941.91240865393,7111.19302178505
349.579762856622,29.5184536536208,7111.1983757538
351.032860207544,75.4523804546992,7111.19844616005
357.400883663704,236.147629228967,7111.19875470693
7.86473254631437,1156.36256126095,7111.19926170693
21.2093001985325,213.763437506564,7111.19990828505
24.6937025380294,1282.58059728381,7111.20007711318
40.625531676759,889.517626223579,7111.20084905068
53.8776204521438,1671.70510767534,7111.20147105068
84.111784488275,2775.89395913935,7111.20293597255
166.613596144514,105.287702167889,7111.20693339443
175.02582379687,843.728031885149,7111.20734098818
181.276786785256,1126.86937558948,7111.20764386318
197.792950701214,748.573703024391,7111.20844411318
208.447708096881,1547.69819182832,7111.20896036318
220.229857447468,2498.67038171203,7111.20953123818
271.365275905106,918.122522453046,7111.2120088788
337.873664656483,44.9945879166247,7111.2152313788
350.746443274703,103.578520760372,7111.21585509755
354.261158791528,259.064186769464,7111.21602539443
4.08004661733682,184.718157436592,7111.21650114443
9.22941602850488,984.485049038142,7111.21675064443
22.9351619070699,1279.76484964876,7111.21741472255
36.3568024346331,895.580332116452,7111.21806503505
43.8177124268455,69.4217114349804,7111.21842653505
57.1239049392069,80.8614009084607,7111.2190712538
71.8083793081884,2531.1841511666,7111.2197827538
166.495441031827,102.300848348058,7111.22437058193
176.51362185377,858.562387850981,7111.22485598818
184.105781415861,126.89428674495,7111.22522384755
195.415174358514,856.458903797375,7111.2257718163
206.341137897562,1094.38791362493,7111.22630120693
215.399294055738,1873.84241456812,7111.22674009755
232.498502779357,21.8216243685898,7111.22756859755
237.983896967642,1342.13906655134,7111.2278343788
357.885390471091,69.2523469125739,7111.23364391005
7.10478693100805,144.934758639081,7111.23409061318
10.9839054666995,326.22202161825,7111.2342785663
16.0374981758743,1240.64236661781,7111.23452342568
27.1592074355311,23.5056054481708,7111.23506230068
38.2538283103796,1102.59801289203,7111.23559986318
49.211072438233,926.596632755405,7111.23613076943
72.8769526105929,1787.12800114056,7111.2372774413
170.872992985602,62.0245452220836,7111.24202461318
173.638908668479,279.036821426715,7111.2421586288
188.863537943179,1098.22695382178,7111.24289630068
199.777247240619,1175.95455595421,7111.24342509755
214.529764960774,871.076544228799,7111.24413989442
229.886288808906,1698.81952949424,7111.24488395693
247.763643057241,1223.07142191858,7111.24575016005
350.21023185937,106.529556009871,7111.25071395693
356.009077126967,194.044127987958,7111.25099492568
1.91079364760856,112.783601902144,7111.2512808788
8.57743411496421,1175.95455595421,7111.25160389443
18.2331467409947,44.4166994850725,7111.25207173818
20.8249229520504,1001.4393758695,7111.2521973163
40.735194603991,186.136731028519,7111.25316201943
45.6923656076183,1785.7817447009,7111.25340220692
84.4777464205899,41.4631419476397,7111.25528145693
173.177634265165,38.4659908092555,7111.2595791913
185.046530906197,96.8767080444799,7111.26015426942
193.159819101893,180.811587924268,7111.2605473788
201.254403395858,1194.21905697692,7111.26093958193
212.165210346242,457.092447225804,7111.26146823818
226.175700338036,1171.85716685952,7111.26214708192
249.242734148058,2591.27985735574,7111.26326473818
339.700141011319,24.0244473620477,7111.2676476288
343.228400701777,44.8639007888385,7111.26781858193
347.374855659859,130.831054323544,7111.26801948818
359.966108716044,192.097796003488,7111.2686295663
4.15448608950836,1422.18015142248,7111.2688325038
17.3829607980541,975.897584964969,7111.26947345693
37.3732075973117,2253.73875117896,7111.27044203505
56.7317150679371,210.039360903913,7111.2713800038
67.079470969333,1903.13298453759,7111.2718813788
171.702803469561,40.5467118214098,7111.27695064443
176.473580722217,215.514203705247,7111.27718180067
185.844543031233,959.118673371506,7111.27763584755
198.333892320932,396.896487897536,7111.27824098818
205.935726335665,1489.09384822815,7111.2786093163
221.724696553837,1501.15808672524,7111.27937433193
245.922669631845,1708.70051441341,7111.28054678505
349.598187007161,32.491630913567,7111.28558145692
352.624667006841,38.1902426349612,7111.28572809755
355.601807444455,259.20918189648,7111.28587234755
6.33911985148901,165.285146680461,7111.28639259755
11.230504847445,288.04886254008,7111.28662959755
18.6727109754674,1630.92572780243,7111.2869901913
31.9892228689422,31.5565525099704,7111.28763541005
35.9657305216579,254.232385143993,7111.28782808193
44.7378464307945,96.2443180707595,7111.28825311317
52.2558355396789,1738.00662750523,7111.2886173788
179.072601956059,36.5242072697392,7111.29476197255
184.871447261197,95.4110124240515,7111.2950429413
189.954063215675,891.543117109705,7111.29528920693
201.845211033965,237.891623067199,7111.29586536318
212.818256754037,154.59490632086,7111.29639703505
220.009250534893,1686.03031536207,7111.29674545693
242.909884352616,1428.08653791349,7111.29785505068
351.199175735762,27.9028397609515,7111.3031019413
356.519459826231,259.498977861483,7111.30335972255
2.20027725211841,199.204250317386,7111.30363497255
11.0446288290494,1351.06892340531,7111.3040635038
24.4498228359239,155.926077605173,7111.30471301943
28.2873414016971,1175.95455595421,7111.30489895693
49.5407445629208,1052.37729641772,7111.30592873818
67.3993949470657,282.782464111619,7111.30679403505
177.775135537421,46.9362153310282,7111.31214201943
186.099970895777,119.73301516921,7111.3125453788
189.284788850144,180.082726508601,7111.3126996913
197.862449008238,755.369988780785,7111.31311530068
209.196995362579,864.842086834017,7111.31366448817
221.408366440852,969.096802805325,7111.31425616005
237.355997059174,1235.78669519731,7111.31502886318
346.779775023374,27.7128060083287,7111.32033072255
355.365174736074,63.224647739446,7111.32074670693
358.238798917089,96.4393356839288,7111.3208859413
9.27505078078239,364.521191009715,7111.32142067567
15.9997377387452,1230.91170589618,7111.3217465038
29.8028727343343,63.038636810564,7111.32241530068
33.540099836028,1109.66424937686,7111.3225963788
55.3678408763721,2422.43181070023,7111.32365398818
175.096035104811,105.555043872219,7111.32947778505
183.688851889111,149.025430884464,7111.3298941288
186.919784500399,910.230169015591,7111.33005067568
203.806801020263,744.546924114076,7111.33086889443
209.502452514266,1107.49476256444,7111.33114486318
225.151466196477,1661.60418757499,7111.33190309755
251.444595410236,136.867142619401,7111.3331770663
1.3453220989899,140.190137276619,7111.33850203505
5.4079320761394,110.511717832384,7111.3386988788
8.90491117779272,167.206484769089,7111.3388683163
13.6969721586877,31.2386436163159,7111.3391005038
21.0117985129057,1130.06615176658,7111.33945492568
32.7062331991107,956.607904001316,7111.34002155068
44.8647173647078,812.508227365782,7111.34061066005
72.4703424274154,259.933047308536,7111.34194822255
89.9723293472996,39.5200504266224,7111.34279623818
177.607386414566,67.674324477629,7111.3470423788
185.053784821668,175.21756268124,7111.34740317568
191.886502723233,174.034023303626,7111.34773423818
198.270650179534,806.566646804896,7111.3480435663
210.154380963766,912.209696668498,7111.34861936318
220.153212917965,879.3203387647,7111.34910383193
251.923996765403,2561.40819665518,7111.35064320693
346.142171764557,41.6609212405827,7111.3552083163
352.381202994341,240.092890013699,7111.35551061318
357.081679514781,349.361206630761,7111.35573836318
3.88118189196206,50.7354991352571,7111.3560678163
7.37332382360643,335.534766637835,7111.35623701943
16.7658923063265,1380.99853774776,7111.35669211318
32.9608655883665,2030.30858791919,7111.35747680068
54.7118562363718,1503.5592770829,7111.3585306913
181.052318931751,272.081968066828,7111.36465220693
190.405353334886,212.529327470179,7111.36511595693
196.715007817433,913.526920776064,7111.36542167568
209.489429832069,1459.73322318582,7111.3660406288
231.577412668669,840.157443615652,7111.36711084755
245.724311958439,1427.24443374931,7111.36779630068
349.302484994567,64.3294167934627,7111.37281492568
354.553758247303,160.790686321022,7111.37306936318
358.640876782753,158.554919194032,7111.37326739443
7.87478482778071,324.836768594849,7111.37371480067
12.8977418766211,1231.88814704633,7111.37395817567
23.6566604949004,729.866611592911,7111.37447947255
37.5691164411996,415.039030920994,7111.3751535663
46.8455919427054,1644.14371006671,7111.37560303505
72.2738283037606,1946.86000654087,7111.37683509755
171.898712275907,47.4587105725455,7111.38166217568
179.219988177623,745.757289255522,7111.38201691005
188.54064358818,904.930408385241,7111.38246851943
199.530458274404,525.616994373479,7111.3830010038
211.799230802188,1373.13949100104,7111.38359545693
222.324028560002,2040.94163791524,7111.38410541005
256.805261426218,1400.88252109649,7111.38577611318
346.462271549964,27.2427028852329,7111.39012022255
352.905755428897,230.510832643915,7111.39043242568
2.34572857564567,214.99045599338,7111.3908898163
7.91077546578329,969.096802805325,7111.39115945693
14.9389165674086,174.68060331538,7111.39149998818
24.7594167707068,1499.55503569998,7111.3919758163
41.104343486815,1185.12188951314,7111.39276776943
59.8588448670042,49.2795734774454,7111.39367647255
67.0875688967883,1629.45046344731,7111.39402672255
170.036582355708,28.3205715823076,7111.39901486318
178.274670498702,132.826402654551,7111.39941401943
182.895494279747,813.986877901129,7111.39963791005
194.761811131814,212.175416125504,7111.40021286318
199.426169780815,1088.88009719976,7111.40043886317
213.651109357407,1604.16302463773,7111.40112809755
229.35945946225,1158.44056569614,7111.40188920693
260.711018630275,562.9008925645,7111.40340826943
348.422033744629,85.0515075034863,7111.4076733788
357.55145812158,198.258798267403,7111.40811572255
4.38998067971413,103.759757730248,7111.4084470663
7.28263120792495,328.288923823195,7111.40858722255
14.9834667547133,641.7589237806,7111.40896034755
26.695960339096,1000.83874521317,7111.40952784755
33.3996860518256,923.346565873118,7111.40985266005
48.5727184585,219.316662053437,7111.41058783193
67.0473066916839,69.7592053566787,7111.41148297255
73.5007874687241,1979.93266226604,7111.41179566005
171.950229780827,63.5211327981722,7111.41656578505
176.681986927614,596.101723537856,7111.41679505068
187.253221825355,261.087013120331,7111.4173072538
193.757977024957,212.882655947766,7111.41762242568
197.860897115083,1379.25593168831,7111.41782122255
211.522140676675,1096.58326863382,7111.41848314443
227.935110743956,740.092209738918,7111.41927839443
241.018469188442,1918.23734674301,7111.4199123163
345.500877666149,26.9828291654672,7111.4249747538
354.977936095814,117.034895663615,7111.4254339413
0.781941053966992,355.967560983217,7111.42571516005
6.87908081221106,243.820325041,7111.42601058193
16.0033455361473,1339.44855207346,7111.42645267568
28.3643474903986,82.9262838952793,7111.42705159755
32.0557823430938,1006.82828740872,7111.42723045693
49.1382221005598,1945.62432831447,7111.42805814443
89.390889404099,709.396985598687,7111.43000848818
168.635647438177,100.166444583216,7111.43384809755
178.791849973128,225.900159689374,7111.4343401913
183.935092207179,471.339522967185,7111.43458939442
200.378375526872,1151.15139642796,7111.43538611318
211.295309616831,1029.2706686954,7111.4359150663
224.630847782419,96.1466600779559,7111.43656120693
227.850816084122,2203.01377140686,7111.43671722255
356.183563624665,91.5417186497791,7111.44293526943
0.957243224376594,69.4217114349804,7111.4431665663
4.64126104301371,157.006838086282,7111.4433450663
15.6362354197951,927.893539781621,7111.44387780068
21.9994216308633,300.061336888646,7111.44418611318
28.9204992003633,1602.66311333146,7111.44452145693
55.8231166405798,348.068046607253,7111.44582495693
66.9770739380598,1984.78544710667,7111.44636539443
174.720219341028,52.6884473550648,7111.45160578505
177.163331937415,334.862138018366,7111.45172416005
186.730362450045,136.179026388739,7111.45218770693
195.175160623231,1186.13618926844,7111.4525968788
207.006327052877,1039.73218923414,7111.4531701288
218.603695105064,1091.63744710372,7111.45373205068
238.443988545337,1676.01554856844,7111.45469336318
354.326406939591,107.49522799669,7111.46030816005
359.427081829789,60.0623370483611,7111.46055530068
4.04016609377059,199.015526280988,7111.4607788163
11.8045303422705,1106.40852035715,7111.46115501943
21.2722368022986,181.744411187346,7111.4616137538
28.6857421304819,679.085232491161,7111.46197295692
41.9941920238864,133.953279024546,7111.46261778505
46.1380670803774,1792.50281284737,7111.4628185663
81.4280811691847,2213.9035049662,7111.46452845693
167.462344794962,46.179539359148,7111.46869703505
173.668160500362,674.643840792299,7111.46899772255
183.341287133641,808.799860418929,7111.46946641005
198.627187691468,1435.64482524283,7111.47020705068
214.326830830228,1531.2953127733,7111.47096773818
240.099798934483,2531.1841511666,7111.4722165038
350.423620061181,120.904217193463,7111.47756197255
352.52232351,28.7934693449232,7111.47766366005
0.167047464217891,123.897531123518,7111.4780340663
8.23583330539876,1319.55024684771,7111.47842501943
23.1921587837735,248.249615308893,7111.4791496913
28.9219931760955,119.654522401369,7111.4794273163
35.6715111002818,1548.47501487865,7111.47975434755
49.5146336883002,985.705739253717,7111.48042508193
74.628129075561,220.171700315852,7111.48164189443
172.608362180174,37.3507960671482,7111.48638928505
183.064794028726,121.524235119352,7111.48689592567
189.679515107508,274.69357344323,7111.48721642568
197.103662337352,800.580879367629,7111.48757614443
204.331096472653,854.350257206704,7111.48792633193
220.394262737838,1343.03479448761,7111.4887109413
246.410381189188,1321.37156771961,7111.48997148818
347.547376376799,56.8480887364053,7111.49487183192
354.593253968679,104.301581260735,7111.49521322255
1.92355935702587,76.5647614753284,7111.49556839443
5.40731676805196,331.931621078141,7111.4957371913
16.4116430393868,1390.54368020197,7111.4962703788
36.785964208261,386.924547957079,7111.4972575663
47.6396921170569,1088.32787226731,7111.49778345693
65.9552974670836,2059.70929201271,7111.49867089443
168.585700193677,72.9840840540952,7111.50364359755
173.62542620867,252.0054998012,7111.50388778505
183.891272064712,530.739507897948,7111.5043851913
190.977782139951,1081.12208074829,7111.50472855068
199.763764743269,968.476188134559,7111.5051542538
217.268976493214,874.520900140396,7111.50600242568
228.251696628387,1700.23461976143,7111.5065345663
254.319411910222,1680.3148872313,7111.50779761318
346.685581158262,66.6250457581619,7111.51227298818
349.031627120631,100.447414275173,7111.51238666005
355.483818003189,833.691837787143,7111.51269928505
8.95963526282692,242.11904703364,7111.51335222255
13.5427288324864,1186.13618926844,7111.51357428505
28.1910853675707,1827.05384155213,7111.51428403505
46.8772208384976,1228.9562700829,7111.51518942567
67.9551946334171,49.0885630755056,7111.51621070693
75.2642163310661,570.855640535939,7111.51656484755
169.164103005816,25.7810058024166,7111.52111453505
180.928193495766,112.616888037209,7111.52168453505
185.858598672675,299.810759551988,7111.52192342568
195.380804385326,976.513425676728,7111.52238480068
208.967554935621,651.983134147827,7111.52304311318
218.922851984324,1165.6839937757,7111.52352547255
239.403591794394,1665.94060768688,7111.5245178163
351.441432933511,29.8939970000411,7111.5299529413
354.571751635254,58.2358258838234,7111.53010461318
358.441840759399,211.288014861921,7111.5302921288
9.16560895525767,1130.06615176658,7111.53081172255
19.9271074375861,180.811587924268,7111.53133314443
24.5027839356459,1115.06937017225,7111.53155484755
35.1494793312432,57.6684498765356,7111.53207070693
43.0515427722027,563.434687794739,7111.53245358193
55.903037624642,291.162982613002,7111.53307626942
64.0688901749242,3434.24955140392,7111.53347192568
170.449096690284,59.7486990439045,7111.5386263163
173.928661784689,183.493484295916,7111.53879491005
177.813262493943,947.133149686863,7111.5389831288
196.187881783596,1199.24303820795,7111.53987342567
214.727288688057,2283.42256214376,7111.54077170693
238.845609064213,1467.12852977515,7111.54194030068
256.698454829331,839.441516298223,7111.5428053163
344.181946009956,60.6847627704354,7111.54704411317
348.915315571773,97.6013020403954,7111.54727345693
353.743171903559,118.391643710858,7111.5475073788
1.44142758629846,305.029557168268,7111.5478803788
4.9809741068886,830.078061841988,7111.5480518788
18.66092153267,1120.44840072656,7111.54871470693
30.0454524150893,67.6396161303217,7111.5492663163
33.6746485356394,390.405208161582,7111.54944216005
46.3652256444263,2012.46197484295,7111.55005705068
67.8553295301643,982.039227714893,7111.55109830068
166.392164098726,32.40114773706,7111.55587266005
181.291088052506,527.044907716601,7111.55659455068
188.913883274931,840.872815821569,7111.55696389443
195.925255410403,740.904115836827,7111.55730361318
214.570113394418,867.618477062848,7111.5582070038
221.981683899647,1575.42046075321,7111.55856611318
248.470558796473,1402.59814873644,7111.5598495663
348.899386783661,35.1144842369866,7111.56471559755
355.501208579738,245.356679418052,7111.56503547255
7.25239986206748,971.575264685498,7111.56560484755
14.2424883068419,284.636758607348,7111.56594353505
22.0768307670098,1331.34425706061,7111.5663231288
40.2734407887671,120.515070145544,7111.56720480067
48.4576747202333,663.863242156282,7111.56760134755
60.9373495572894,1847.99497926491,7111.56820601943
174.839872136688,35.6125892664316,7111.57374586317
179.077911592766,232.297139857174,7111.57395120693
191.59273677716,788.473175639126,7111.57455758193
202.081094218071,1399.16456198819,7111.57506576943
211.573631681864,638.942121433672,7111.57552570692
230.452933046892,1544.58734691332,7111.57644045693
267.351157648788,1368.75377698686,7111.57822826943
344.744554935306,48.073330038978,7111.58197817568
349.337967886079,103.578520760372,7111.58220073818
3.03178200604179,103.850261723437,7111.58286423818
7.70033289658119,1156.36256126095,7111.5830904413
25.2871322464163,67.9859571417474,7111.5839425663
33.2456297254105,2279.20571305162,7111.58432817568
68.103519889643,1678.88303259645,7111.5860171288
176.180296586027,44.8900708271971,7111.59125372255
181.276134268674,873.144778701374,7111.5915006288
192.350116343754,914.184894451608,7111.5920371913
205.584073188321,153.129522950657,7111.59267841005
211.141703006859,1602.66311333146,7111.5929476913
231.163230470005,1687.4560637703,7111.59391778505
356.923550629694,124.276075541552,7111.6000111913
3.10163302181506,97.7455755224454,7111.60031053505
7.39030189690089,71.0931521985536,7111.60051833193
14.7451157684648,1126.86937558948,7111.6008746913
25.7410575942648,909.569419782486,7111.60140747255
35.2909966577362,504.309094484512,7111.6018701913
49.4191920457749,161.373886475857,7111.60255473818
57.6663096753988,98.7495987758713,7111.60295433193
72.7048676821334,1911.95836940494,7111.60368298818
170.75894883203,106.441327973883,7111.60843395693
181.417253465682,76.1340990251824,7111.6089503788
183.715894876647,1020.47081895762,7111.6090617538
204.227592754974,648.283871029776,7111.61005559755
211.832006596215,1467.12852977515,7111.61042405067
233.581598450718,1405.16787094924,7111.61148958193
270.035444848889,1567.7690257121,7111.61325586318
340.013724354652,43.427459545109,7111.61664648818
343.332371705404,61.0705583325988,7111.61680728505
354.621448331295,238.522618323245,7111.61735426943
358.762098595266,305.521941079689,7111.61755489443
3.54319522903497,1171.85716685952,7111.61778655068
13.4972023832545,55.042925078963,7111.61826884755
16.1492824284188,1052.37729641772,7111.61839734755
33.4216632123823,1073.30799803407,7111.61923423818
46.0854744193671,511.999886931847,7111.61984783193
63.083746750436,272.358052777477,7111.6206714413
73.5472731875816,65.3796114469252,7111.62117842568
84.8934288550608,4142.70528992233,7111.62172817568
166.816710428183,144.154826964282,7111.6256975663
170.600374707345,832.970303843439,7111.62588089443
183.286759574594,1209.22860613604,7111.62649558193
192.857337325209,1184.10692362403,7111.62695930067
212.388371890167,1548.47501487865,7111.6279056288
232.771400100207,2682.48578905173,7111.62889323818
271.792191668127,646.426301376124,7111.63078389443
345.944981853173,83.6032423845445,7111.63437678505
349.619647739715,134.44330371204,7111.63455483193
3.86264621448532,329.203386773003,7111.6352449413
7.37671680283968,325.299176484606,7111.63541520693
14.7431399875417,41.9978080090644,7111.6357721288
17.1101472326856,989.966331133019,7111.6358868163
32.631136137538,2079.46437846829,7111.63663884755
62.0887669889007,894.236573678597,7111.63806614443
178.263997775323,69.0485654764039,7111.6436951288
183.409497427959,100.913971623484,7111.6439444413
194.240329193485,987.53405453067,7111.64446922255
207.441393034216,769.173280623647,7111.64510884755
225.45257675402,1644.14371006671,7111.64598153505
249.212943696349,170.984379432859,7111.64713278505
266.540468661406,1547.69819182832,7111.64797234755
341.716812136849,90.5096483871937,7111.65161483193
345.252811381913,31.667998084961,7111.65178616005
352.438000543742,149.905379775994,7111.65213430068
358.535559163863,949.669010097409,7111.65243836318
8.2512531409953,204.049957486241,7111.65290911317
13.5705698575296,1033.93327233192,7111.65316684755
21.9018549135503,27.1779682092799,7111.65357051943
31.5085504980626,1698.81952949424,7111.65403598818
46.1820604823766,895.580332116452,7111.65474695693
69.8411685866906,171.861233577708,7111.65589330068
178.202695600089,41.4348069743831,7111.6611436913
185.221162324155,240.718139865592,7111.6614837538
191.446326859757,114.355289126955,7111.6617853788
200.507707847994,864.14658762024,7111.66222442568
212.484312987164,1119.37470403944,7111.66280472255
229.901487589722,927.245336068694,7111.6636486288
249.346097309698,1353.73645626657,7111.66459076943
353.966205017406,53.4847895139468,7111.6696598788
356.243240142043,127.485175194231,7111.66977020693
6.3478457338843,294.244156817669,7111.67025980068
9.71325274511164,200.145219841907,7111.67042286318
17.8026773860612,608.579020511257,7111.6708148163
27.2687714310585,1548.47501487865,7111.67127347255
56.835400750125,910.230169015591,7111.67270605068
70.8452457759066,1962.85343534441,7111.67338486318
173.243139981982,73.7523583871358,7111.67834630068
183.335491257132,1043.19597404867,7111.67883530067
197.742309860151,859.262383468007,7111.67953334755
211.494815474275,27.7551506083773,7111.6801996913
214.911819391069,1733.85039659024,7111.6803652538
234.337725246855,872.455885314594,7111.68130648818
256.972312611754,1508.35022250106,7111.6824031913
339.186471641466,27.5214625394815,7111.68638667568
347.517111731474,109.572628748111,7111.6867903163
353.120211278462,95.1645429125847,7111.68706180068
358.891000712232,306.504349678605,7111.68734141005
3.95007563251143,316.398018895825,7111.68758653505
8.23874443251396,1247.40862084138,7111.68779433193
23.3456683109691,85.9306167888541,7111.68852630068
27.5666162428052,1149.06029136108,7111.6887308163
36.7434452837855,934.993971135611,7111.68917545693
65.5812685275773,2728.70837036976,7111.69057272255
169.287216928239,63.335996169922,7111.6956132538
175.506899290278,279.036821426715,7111.69591461318
187.65699901034,1092.18811772394,7111.6965033163
203.75748548487,1641.21560786157,7111.69728342568
220.296867914479,1113.99045543692,7111.69808480068
238.774358494718,1039.73218923414,7111.69898008192
357.737756103734,169.77130812279,7111.70474416005
1.64622040527658,105.999112265387,7111.70493353505
10.6595518010137,86.2034957305191,7111.7053702538
14.6947509478905,335.310723631466,7111.70556576943
19.9398970610518,1175.95455595421,7111.70581991005
38.7056852713728,220.683124552146,7111.70672916005
48.8741420103907,319.235693435616,7111.70722184755
59.1425676929403,1774.9751668461,7111.7077193788
180.675167852748,702.583935474621,7111.7136079413
194.296101338904,781.195330645801,7111.71426791005
208.136966583421,224.565421813594,7111.71493853505
212.696196598334,1533.64931865241,7111.7151594413
235.690672257555,2258.00311781654,7111.71627358193
355.299675926925,152.144755127814,7111.7220689413
1.11400026619213,114.026212083562,7111.72235066005
4.49262896804646,56.4750399223435,7111.72251436317
11.0850989071125,1349.2876815846,7111.72283378505
24.7879424386222,350.220630274123,7111.72349772255
30.1753025063293,238.207314984251,7111.7237587538
38.1238031622995,1359.05564579986,7111.7241438788
48.4022257054147,317.346732225943,7111.72464189443
55.8408845954528,78.2637149532306,7111.7250023163
68.7249500062633,2800.04774921849,7111.72562658193
169.6229871634,35.5795948259185,7111.73051534755
176.400560921413,942.041000762117,7111.73084373818
187.481960068093,813.24796896709,7111.73138066005
197.524649373254,255.853116470917,7111.7318672538
207.176169795287,2255.87193369847,7111.73233489443
234.88724597509,1586.07038613923,7111.7336775663
253.865476426121,949.035627861861,7111.73461016005
343.900111296902,29.5780656911493,7111.7389725663
348.100420428969,75.5146153941233,7111.73917608192
1.48304081312157,315.446446741419,7111.7398245038
4.81071765050424,315.922593641105,7111.73998573818
17.1098033180746,1318.63853169989,7111.74058166005
34.7069220114816,1493.93120096875,7111.74143428505
50.1992101540365,1083.89919262208,7111.74218492568
176.066271400387,65.487289202526,7111.7482835038
185.32017327917,283.048084970261,7111.7487318788
195.026837844756,783.117126701427,7111.7492021913
207.042785647885,1032.76953655751,7111.74978439443
219.936525511338,979.587189142705,7111.7504091288
244.883298423294,2045.64964967346,7111.75161786318
349.006141089684,45.8989617146965,7111.7566628788
352.326723338473,141.921779883702,7111.75682376943
0.250715436142848,1021.64843251984,7111.75720770693
13.1035002206068,171.204009302706,7111.75783045693
16.2538127561067,230.836641468279,7111.75798309755
29.0630626726153,1725.5078477163,7111.75860373818
44.0187431849777,194.431054589828,7111.7593283788
59.8299646179487,2175.55062853592,7111.76009447255
176.982956370686,52.3306259436751,7111.76577083193
179.648258144019,763.288099392412,7111.76589997255
198.433717630007,1017.52062331428,7111.76681017568
207.735024135278,1494.7360016393,7111.76726084755
230.964265658519,1481.80823167365,7111.76838636318
265.392611724684,133.461450224637,7111.7700545038
348.680953463799,33.2948946191181,7111.77409003505
353.94899572023,80.0440061454744,7111.77434528505
4.03006024033099,119.103657492126,7111.77483373818
8.6886142703047,186.942530899792,7111.77505945693
15.3742810473149,1119.37470403944,7111.77538339443
24.8488087315222,28.1542220093023,7111.7758500038
35.9327877422511,1074.98721035881,7111.77638705068
47.8016844208251,969.096802805325,7111.7769621288
67.4881545934139,76.3804852699224,7111.77791598818
74.0732074608802,100.166444583216,7111.77823505068
87.9917904716712,2434.31608204503,7111.7789094413
163.657981954373,52.0155134242639,7111.78257566005
169.878954210896,789.235343745531,7111.78287708193
180.258313184103,234.871150306404,7111.78337998817
184.720799085545,206.793915324965,7111.78359620693
197.226594858391,1405.16787094924,7111.78420214443
207.675609672885,1787.12800114056,7111.78470842568
230.177335015334,739.685868111906,7111.7857986913
245.635762705034,2059.70929201271,7111.7865476913
343.581167907775,40.8353073577672,7111.79129339442
345.491542745126,93.421000102456,7111.79138595693
356.577779099357,60.2185454279258,7111.79192311318
0.429164321769244,247.946663201049,7111.79210972255
8.4869858533661,1342.13906655134,7111.79250014443
25.9522099357992,101.099982552366,7111.7933463788
34.9865025767695,1570.83401841618,7111.79378411318
50.30561865898,1712.91780759475,7111.79452636318
180.520685165506,61.2625436491321,7111.80083561318
191.239616153814,798.324684136986,7111.80135497255
197.87529847783,848.701664502016,7111.80167648818
215.484026446833,1772.26322506385,7111.80252967568
245.366364188713,914.184894451608,7111.80397755067
341.196619497029,24.2917977399948,7111.80862076943
358.349037541246,208.24257596086,7111.80945184755
2.01757625067152,113.696177472811,7111.80962959755
11.8003462425835,850.117309880716,7111.81010359755
20.8188373664191,138.708031172108,7111.8105405663
27.1068856001792,873.833116976641,7111.81084523818
40.7836082334407,1237.73125082494,7111.81150791005
61.8406207080437,81.4978917684783,7111.81252817567
73.5186089111016,2243.0421964259,7111.8130940038
173.311956776172,117.595461146536,7111.8179274413
176.897618066308,871.766492327453,7111.81810117568
195.934289899462,850.824299902797,7111.81902355068
201.887925846219,1228.9562700829,7111.81931201943
212.399824321329,1914.4723584219,7111.81982134755
241.063830576305,831.525459599192,7111.8212101913
343.211802329698,28.2375199611717,7111.82615951943
0.41355986089755,153.619533760363,7111.82699298818
6.2498128568743,348.4996180525,7111.82727576942
10.2843670377387,105.910447079083,7111.8274712538
19.7694875050156,957.86412135368,7111.82793083193
33.1788737158867,488.256712838364,7111.82858055067
42.8426483795292,1248.37229442676,7111.82904878505
57.5026142277517,381.644049696206,7111.82975909755
73.1929054344163,276.466266546649,7111.83051933193
177.446030221667,43.8311921480139,7111.83557066005
184.394196175975,128.8047862813,7111.8359073163
190.433934409624,348.715195608307,7111.83619995693
198.563991571474,613.498918333732,7111.8365938788
209.677961276525,1182.07410526594,7111.8371323788
223.093797109977,756.563034443047,7111.83778241005
236.386122928157,1215.18051177105,7111.83842645692
353.211152016473,33.5058439326907,7111.84408692568
358.204118408533,95.4602369374058,7111.84432884755
6.41189337419833,154.59490632086,7111.84472653505
13.4345523398023,1017.52062331428,7111.84506680068
25.2931295997212,50.6428267377235,7111.8456413788
27.247684195957,527.899779445562,7111.84573608192
42.6990173346059,1754.5332964275,7111.84648473818
63.9017910392806,1375.76416925356,7111.8475120663
176.675174497573,56.2249621860467,7111.85297622255
179.061208052371,262.235927417365,7111.85309183192
189.927835168788,733.154315035733,7111.85361834755
199.236881266207,1317.72626144055,7111.85406939443
212.930050382615,1358.17046498232,7111.85473286318
233.641686223089,894.236573678597,7111.85573639443
251.959548991701,1765.46499641717,7111.8566239413
342.925793015001,33.0470824316809,7111.86105317568
353.373840342934,157.126464617185,7111.86155941005
4.07116519508071,314.013676172564,7111.86207772255
9.18667419093627,1109.12223849624,7111.86232558193
24.6444569146248,1484.24073032061,7111.86307455068
37.1131673670136,922.043330575661,7111.8636786913
58.9112401585002,1840.17001636505,7111.86473486317
171.119960152773,42.6085139393351,7111.87017166005
178.056516793943,266.922900449273,7111.8705077538
190.547156015667,394.617671872766,7111.87111295693
196.670416672159,361.623175848536,7111.87140964443
200.96908240781,1468.76677487029,7111.87161792568
213.031789908956,87.8229919343276,7111.87220239443
225.503080225394,1586.07038613923,7111.87280666005
249.075763522268,1367.87503546287,7111.8739488163
354.15411609034,164.943780855964,7111.8790401288
359.536316467491,265.511307384614,7111.87930091005
7.35292251248708,1051.23398874696,7111.87967964443
14.8086728516844,49.8952927585616,7111.88004089443
25.8649185115927,1477.74525949274,7111.88057659755
36.9759858695883,668.825939076356,7111.88111495692
47.8403556425038,1448.98448795061,7111.88164136318
71.0947506149739,36.0387067410706,7111.88276809755
82.1480939653686,494.37542948283,7111.88330366005
170.056292111594,31.0312019136116,7111.88756303505
178.291477907532,151.277837479036,7111.88796205068
184.305740208945,189.339321998716,7111.88825345693
192.346147733293,192.391005904291,7111.88864303505
198.053408540435,1163.6190899722,7111.8889195663
210.492128336043,943.316647017411,7111.8895222538
223.553558086278,783.117126701427,7111.89015511318
244.484480719101,1485.05074903937,7111.89116926943
349.151025566737,81.6130774072832,7111.8962406288
359.451376841645,119.340051729644,7111.89673970693
5.46080189796623,84.107380782239,7111.8970308788
7.64335025263389,952.829259937005,7111.8971366288
21.1452884480619,319.471060716836,7111.89779083193
28.6700495874504,1235.78669519731,7111.89815542568
46.1987098078976,659.319265849945,7111.8990547538
56.6915819358112,967.855129374584,7111.89956316005
180.417372351948,110.851224033315,7111.90555798818
187.790245159231,123.517834849096,7111.90591522255
193.182442434489,209.142897444892,7111.90617648818
204.690160886716,954.090473292979,7111.9067340663
214.891188146563,960.371560054796,7111.90722833193
230.63759098334,1115.06937017225,7111.90799128505
250.159918544673,2165.57838328413,7111.9089371913
346.02016450977,106.35303748785,7111.91358186317
351.402687407468,56.2667204495604,7111.91384266005
353.787753550789,34.130878678873,7111.91395822255
2.56502918802449,1255.09691528691,7111.9143835038
14.0298577383088,277.957379335447,7111.9149390038
22.8293845152599,311.852155210346,7111.91536536318
31.2541888922309,351.291967737311,7111.9157735663
39.6325560541912,1688.8807019555,7111.91617951942
53.6369189439515,81.8429699012135,7111.9168580663
184.320872174962,48.992782053503,7111.92319003505
193.859846853766,87.1787989020767,7111.92365222255
197.317483291461,749.376449782346,7111.9238197538
209.503055916949,636.112829077717,7111.92441017568
224.206234112579,438.975855665547,7111.92512258193
236.165747840132,1626.49593793418,7111.92570205068
356.824103177599,136.729794153467,7111.9315482538
1.94702920751229,100.820830850612,7111.93179647255
5.72811366016747,137.004352307457,7111.93197967568
10.8491047920443,31.2198426832833,7111.93222780067
13.1142082331613,1107.49476256444,7111.93233755068
32.2337575982295,974.047509316733,7111.9332639413
49.1233539446007,2712.79732011465,7111.93408228505
179.833036373386,59.5518287460628,7111.94042880068
184.316805927985,518.997955722966,7111.94064605068
200.275400930975,1125.801785129,7111.94141928505
207.277743579816,663.410271162235,7111.9417585663
220.571036884557,1181.05636381927,7111.94240266005
244.736116921187,2380.36879096626,7111.94357351943
341.672480493725,30.8223620237857,7111.94827033192
353.641023670366,184.819826110072,7111.94885023818
358.909710930351,70.2958247167373,7111.94910551943
1.82074283974573,317.109838388063,7111.9492465663
12.0507933448967,308.703312912328,7111.94974223818
16.4007335031095,1451.47205365959,7111.9499530038
30.8604389061792,1275.05805913586,7111.95065361318
46.1508542260924,52.8664473309348,7111.95139447255
54.9087810331251,1757.27254969615,7111.9518188163
183.966787298333,49.2795734774454,7111.9580720038
187.558253207497,865.53697542513,7111.95824601943
197.528706844864,808.056177525884,7111.95872911318
211.077404700767,303.795127942763,7111.95938558193
218.793719281684,1545.36561325358,7111.95975945692
238.247036080368,1366.99562780507,7111.96070201943
355.754756474412,72.4025353560087,7111.9663955663
1.48523583274635,191.510043934251,7111.96667322255
8.13059253432099,174.034023303626,7111.96699520693
12.540836564184,89.0973891887192,7111.96720889443
16.5879674696633,1007.42536535137,7111.96740498818
27.0205357634683,1400.02387460925,7111.96791047255
48.655755875724,1432.29050841853,7111.9689587538
65.7240064935443,50.5499912761831,7111.9697857538
85.3198596171548,265.511307384614,7111.97073522255
176.837905016186,45.8989617146965,7111.9751695038
182.142387589521,299.057778541112,7111.97542651943
189.514292985328,232.135310973547,7111.97578370693
198.4473267132,1173.9076377637,7111.97621653505
214.355937263195,898.930818671317,7111.97698734755
224.244803300672,1372.26352503461,7111.97746648818
273.655273297996,877.266648213748,7111.97986055068
343.716804372787,79.455012014229,7111.98325064443
351.012926862815,121.9101625205,7111.98360416005
357.72664943611,76.8708985354749,7111.98392945693
2.74476927739985,482.37203120749,7111.98417259755
9.34239886948101,901.60223731317,7111.98449226943
22.7653292915271,86.0944440739253,7111.98514264443
25.3987054725013,923.346565873118,7111.98527023818
39.7278062717051,860.660709367522,7111.98596451943
54.8202185275086,578.181280630474,7111.98669578505
67.7949009872973,1896.80382511881,7111.9873244413
170.601055563201,56.0157129014804,7111.99230566005
178.984582415718,748.573703024391,7111.99271186317
190.206905584919,578.181280630474,7111.99325561318
195.828064105168,232.620450679732,7111.99352797255
205.712415418101,1476.93113294878,7111.99400689443
224.923226798159,1419.64140443207,7111.99493770693
276.798415603115,1082.78919164206,7111.9974511913
347.134003539151,220.853349497396,7112.0008591288
355.912569070869,110.935947927882,7112.00128447255
0.839749417716344,394.236587819563,7112.00152320693
8.84081435318908,333.738064961508,7112.0019108788
17.6380837866389,1100.4146482918,7112.0023371288
27.0400042389956,826.448465218732,7112.00279267568
41.3949034534414,77.9630388025865,7112.00348820692
45.8309458985464,262.808497186739,7112.00370314442
57.7069371657139,2922.75958990729,7112.0042785663
168.449015635431,38.7700739568064,7112.00964430068
173.878943122075,174.24980902625,7112.00990739443
180.457223846412,659.775123423856,7112.0102261288
195.10525789849,1361.70741349417,7112.01093586317
208.011252078636,1333.14947969865,7112.0115611913
225.012104161129,835.852553837668,7112.01238492567
243.098748378789,2483.22251650279,7112.01326126943
348.825609279188,53.0881102966951,7112.0183840038
352.318718584768,72.2726600788093,7112.0185532538
358.659331173114,192.878671367858,7112.01886047255
5.69327696884974,273.047029430984,7112.01920128505
9.10318629705083,953.460088659597,7112.0193665038
20.0597854964337,1215.18051177105,7112.0198973788
31.0408931790339,42.3320094256052,7112.0204294413
40.3692881066551,1228.9562700829,7112.02088142568
57.4083598829984,2657.26352033369,7112.02168322255
168.976311024467,35.1144842369866,7112.02708897255
179.119291793707,264.234495395144,7112.02758042568
184.467631718003,935.636901289172,7112.0278395663
199.321408351256,734.383387435145,7112.02855926943
209.711731671588,1414.55003266344,7112.02906270692
230.446586138339,2465.72784412535,7112.03006736318
352.192023467914,78.5034190431411,7112.03596623818
1.61039044095924,121.524235119352,7112.03642258193
5.84391509741016,119.968160405826,7112.03662770693
14.9762418214168,1325.91382318026,7112.0370701913
28.9422294586952,101.099982552366,7112.0377468788
32.3785822432339,1181.05636381927,7112.0379133788
48.8228329368615,487.948792482484,7112.03871014442
77.595192655988,2784.54437285802,7112.04010423818
167.597579451404,156.287163766144,7112.04446508193
174.647326764275,647.355724581189,7112.04480666005
190.599472182225,836.571589779567,7112.04557958193
202.646055570605,1891.72544295957,7112.04616326942
225.953982346679,111.105180611304,7112.04729259755
234.54357433846,1961.62797116983,7112.04770878505
344.868362914177,21.3730474291074,7112.05305430068
359.889506988746,97.1671909599792,7112.05378211318
4.40487965269732,144.415271408072,7112.05400089443
12.9780250862474,1260.83243845443,7112.05441628505
30.7579902551001,96.7311369892698,7112.05527776943
34.1856360360145,1358.17046498232,7112.05544384755
52.3703142616274,1586.07038613923,7112.0563249413
174.228297296891,31.5379423965201,7112.06222926943
181.801753032333,314.013676172564,7112.06259622255
190.17605263805,684.816037210823,7112.06297117568
201.390636290187,1122.59279649862,7112.06351455068
217.059643768612,1455.60841158243,7112.0642737538
237.528774228003,992.392723553337,7112.06526553505
249.536015065049,2396.47990341041,7112.0658473163
343.622940494324,61.5684794813554,7112.0704060663
349.891317452418,177.878184404179,7112.07070978505
356.067464946502,187.744861324113,7112.07100903505
1.13331189728511,335.982464072515,7112.07125448818
7.63967947437573,1378.38385150246,7112.07156973817
17.116415458576,39.6683415282428,7112.07202891005
21.6666159868582,595.597182684315,7112.0722493788
36.4359027107073,1639.74966937985,7112.07296498817
51.1961599854675,81.8429699012135,7112.07368016005
59.5051939017721,57.5461414631384,7112.0740827538
77.567974489602,1762.73851071329,7112.0749579413
106.622827182241,108.970811540932,7112.07636572255
172.230850213029,783.884512856048,7112.07954459755
184.720199427645,60.6847627704354,7112.08014973817
186.954989691434,884.093742659076,7112.08025801943
201.102533872133,1391.40821087125,7112.0809435038
211.987864890282,143.893924553495,7112.08147092568
226.69201053493,1627.97375580226,7112.0821833788
247.856086616742,1192.20344707571,7112.08320883193
349.47648018903,30.7269661103948,7112.08813259755
354.002817237649,243.511877329183,7112.08835191005
1.38117221849516,205.70072034598,7112.08870941005
13.3135975612391,1115.06937017225,7112.0892875663
19.4813605347051,1350.17863556186,7112.08958641005
30.7381891227723,140.457936947946,7112.09013183192
47.1211685708147,322.281701325977,7112.0909256288
57.3070392419979,308.459757736301,7112.09141916005
67.9553470150844,2128.61483994686,7112.09193509755
171.107200745665,61.9108445065741,7112.0969330663
183.464655461931,1081.12208074829,7112.0975318163
195.35999552176,658.863130720277,7112.09810817568
203.62355963453,566.096169940522,7112.0985085663
217.179352041486,1753.16205996978,7112.0991653788
232.521364229424,103.850261723437,7112.09990873818
253.863772024596,1906.92017731919,7112.10094283192
343.202697346754,23.7417238646564,7112.10523455068
347.460085595494,213.059112019742,7112.10544083193
357.591457014054,180.707643293587,7112.10593172255
2.14552737595209,244.128356419182,7112.1061523788
8.52483762470277,43.2105913550362,7112.10646147255
10.8273487942,1595.14246256265,7112.10657303505
31.1836109898132,843.015157681037,7112.10755934755
38.0427723477156,1408.58680275358,7112.1078916913
69.5687934330271,360.374036167954,7112.10941920692
180.704943132927,65.7021242966849,7112.11480403505
184.525047728993,114.683429419671,7112.1149891288
189.943043494576,164.943780855964,7112.11525164443
198.633894324371,677.312150809684,7112.11567273818
205.320850995864,988.750858965659,7112.11599673818
215.094269055681,808.799860418929,7112.11647028505
237.510214631785,1270.33383812147,7112.11755639443
344.782402347116,23.6798150532458,7112.1227540038
357.680979380578,94.2718889063165,7112.12337897255
1.83098161418577,188.44409366281,7112.12358005068
7.04291227804696,25.8492394156207,7112.12383258193
12.3964118553581,1056.36888125815,7112.12409197255
22.8699352281528,243.357500817609,7112.1245994413
29.7993972807294,273.596978406232,7112.1249351913
34.8878178917766,1125.801785129,7112.12518173818
52.1250482908613,2869.6141018969,7112.12601692568
175.758609205447,45.6423961125996,7112.13200728505
179.363619288244,194.81720403558,7112.13218195693
183.767413695526,1074.4277689767,7112.13239533193
203.884072932194,754.57357029407,7112.13337003505
210.232425037604,1420.48806051065,7112.1336776288
225.485755074602,207.338354818454,7112.1344166913
233.553895987312,2536.87870710451,7112.13480761318
346.468203430584,29.4188284843955,7112.14027859755
350.87232028333,102.208970453876,7112.14049198818
357.20293601111,59.5123811342191,7112.14079872255
8.77869781450997,320.8794618903,7112.14135959755
14.8832546443538,910.230169015591,7112.1416553788
22.1767972703324,1598.15494171767,7112.14200876943
39.7139345375539,71.3569550669924,7112.14285848817
51.1961770575451,1472.03804701235,7112.14341483193
88.2409747048162,1000.83874521317,7112.14515914443
164.006490165038,62.9267679630452,7112.14883017568
175.920534126598,486.09694047741,7112.1494074413
185.223453009358,714.88487352056,7112.1498581913
199.177831446123,969.096802805325,7112.1505343163
213.971949173738,1433.12983702515,7112.1512511288
235.938034335012,1589.10018477343,7112.1523154413
254.685118681143,1343.03479448761,7112.15322378505
347.478897129214,98.0813902318189,7112.1577198788
352.981382729116,65.5947934857792,7112.15798648818
359.241052721127,94.5703793053809,7112.15828978505
0.579669468323933,917.467435357366,7112.15835464443
14.4556850977197,358.911206310708,7112.15902697255
19.9285025238482,1384.47708852851,7112.15929214443
39.7539618209212,77.2366684498316,7112.16025273818
46.8843292846628,1872.55833061784,7112.16059822255
82.3481603998269,2600.54444645164,7112.16231653505
168.857760335128,553.747381282221,7112.16650814443
181.178452289027,114.437410936308,7112.16710511318
185.807982998614,991.180248988144,7112.16732942567
200.999719269478,1975.06810906134,7112.1680655038
220.758102626855,724.907078808457,7112.16902284755
237.688654014674,2089.84740623919,7112.16984317568
270.265316775191,2426.39974779024,7112.17142159755
338.53219195673,53.2647780049356,7112.17472930068
343.089487148689,172.733619074883,7112.17495011318
349.550384922246,158.791729765184,7112.17526316005
358.16093815926,1359.94016048357,7112.17568036318
9.18880550233499,150.405896071071,7112.1762146913
12.81284196987,1358.17046498232,7112.17639028505
30.476714082425,869.694982696956,7112.17724614443
43.8399856739167,1714.32135154248,7112.1778936288
66.2685079370941,257.317667173851,7112.17898034755
179.085748708806,54.8291655133593,7112.1844466288
185.247707100786,626.589613528239,7112.1847451913
195.029832126686,499.216445959405,7112.18521916005
203.71907054145,746.160300213461,7112.18564017568
218.699634324978,1489.09384822815,7112.18633767568
244.842487621662,1280.70409832759,7112.18760436318
349.986626197406,83.6594057918028,7112.19269886318
352.55550622765,32.8152956197147,7112.19282333192
2.77749477027232,240.561986997179,7112.19331861318
9.00975385692675,1003.8380127142,7112.19362058193
15.5512718188961,131.189586971558,7112.19393753505
23.3601383468281,1164.65193045201,7112.19431589443
32.8362293650161,37.5389615225874,7112.19477503505
44.6580438250254,2420.44539966457,7112.19534783192
72.9173369857,2014.85073070273,7112.1967170663
172.170078384374,188.44409366281,7112.20152611318
179.098572987932,843.728031885149,7112.2018618163
194.97848277563,1324.0987195573,7112.20263123818
212.350832503125,1768.18748531815,7112.20347297255
224.143623717831,757.357287994864,7112.20404436317
245.721119860027,1570.83401841618,7112.20508984755
346.052236247185,32.7077635808859,7112.20995114443
354.609580126059,238.207314984251,7112.21036576943
1.32717249542768,137.072908579228,7112.2106912538
10.5372170232498,352.360030042576,7112.2111375038
15.0793555514616,1260.83243845443,7112.21135758193
26.8134553470898,1138.54703442939,7112.2119261288
41.6833559804828,62.1758269869765,7112.21264661317
51.227167904379,203.865715975304,7112.21310903505
60.4904217527994,1784.43448906052,7112.21355786318
177.951704931833,44.7590783880791,7112.21924916005
180.429645505176,764.861896040969,7112.21936922255
192.660042855561,602.123073623062,7112.2199618163
207.330650567904,252.154547242256,7112.22067264443
212.251058771622,1622.05393561266,7112.22091105068
237.18138520043,2291.8329456445,7112.22211898818
352.328799322826,31.313736326144,7112.22767214443
354.593580205853,132.826402654551,7112.2277818788
9.27031502022876,1268.43935355225,7112.2284930038
20.7299838799562,914.84231301564,7112.2290482538
27.7710242267441,244.743281196946,7112.22938941005
40.6760509203294,1091.0865544389,7112.2300146913
49.165028889941,124.728824490994,7112.2304260038
63.3744893948629,283.843559767405,7112.23111448818
81.7810343144158,2402.49353744559,7112.23200633193
167.710169231021,82.471890427982,7112.2361698163
174.954372332476,929.835375362842,7112.2365208163
187.95388579603,628.027352345129,7112.23715067568
195.90625617299,1364.35418518488,7112.23753598818
214.573042851257,1564.69792678138,7112.2384404413
231.384276465342,147.759263158243,7112.23925498818
243.918127996931,1804.53763043431,7112.23986228505
357.068813681711,201.827943246968,7112.24534472255
0.891820587290439,60.9935990603105,7112.24552995692
7.1360115451724,1105.8650661866,7112.2458325038
18.5921330918321,1278.82493483611,7112.24638758193
35.9412641930512,378.480136120629,7112.2472281913
48.7834072260203,2450.07236721051,7112.24785042568
179.321276706411,59.3543131310881,7112.2541753163
184.445170147802,753.776374651238,7112.25442358192
195.023822154685,80.3953431605109,7112.25493614443
204.127448116394,843.015157681037,7112.25537723818
212.653188923457,1645.60576276784,7112.25579033193
236.231999322364,1412.84872690051,7112.25693278505
352.328867338959,116.713375075683,7112.26255797255
1.31349797239873,84.940977862491,7112.26299330068
6.76857894581406,88.3030454312816,7112.26325761318
11.7280073304845,1129.00155890827,7112.26349791005
24.4437379260427,324.605314849791,7112.26411401943
32.942067865291,766.432528553906,7112.26452578505
41.8422085893277,1457.25975730926,7112.26495701943
64.7960516525658,32.6538657224873,7112.2660691913
84.7285745193057,2444.17552863752,7112.26703497255
165.215922021971,66.2006838236806,7112.27090403505
171.066041674587,772.293673456659,7112.27118748818
184.389003078018,167.318811583606,7112.27183301942
192.45714402827,62.0245452220836,7112.2722239413
195.224349643172,1334.95225984603,7112.27235801943
207.775937589933,1961.62797116983,7112.27296617567
230.649160577383,1673.14317955913,7112.2740744413
267.665735541537,894.236573678597,7112.27586798818
344.436100390423,87.0170116518132,7112.27958770693
348.594487069566,122.601748198115,7112.2797891913
1.85972457802089,105.910447079083,7112.28043192568
5.62081519691978,884.773532217054,7112.28061416005
14.9679139511893,1091.0865544389,7112.28106705068
35.0684491877169,78.8020274034018,7112.28204097255
38.0430097612815,1389.67870544349,7112.28218509755
64.3077606957491,2230.1387403445,7112.2834576913
171.406131384723,112.866868628991,7112.2886468788
180.591344946322,482.683504277048,7112.28909192568
192.843993436423,1256.05470469026,7112.28968559755
207.396250748966,1382.73892336116,7112.2903906913
224.197487464944,1003.8380127142,7112.2912047538
244.503120279091,2576.38754774803,7112.29218861318
346.225740213496,67.4657760213471,7112.29711733193
352.588603941558,139.518410713357,7112.2974256288
357.523201322463,107.057362974672,7112.29766472255
8.08379439362684,1259.87831278707,7112.29817641005
18.9552587551361,966.611901631609,7112.29870316005
30.9231569282232,69.7592053566787,7112.29928303505
37.4762842033306,1377.5111051828,7112.29960055068
66.5969229036412,3223.28341795242,7112.30101151943
166.725843947609,68.0204920167071,7112.30586301943
174.045507509378,148.393700105665,7112.30621767568
186.894745018315,1281.64268087261,7112.3068402538
197.6443117045,526.474197570792,7112.30736109755
203.168726036196,897.592111748224,7112.30762876943
223.003214707274,2756.76770300493,7112.30858980067
272.611694723303,940.124311732404,7112.3109609413
334.068425663541,34.1652678370608,7112.31393867568
351.397240523081,250.959503178549,7112.31477830068
357.958429798259,209.681244589532,7112.31509620692
1.67888793379965,44.6277043097965,7112.31527647255
9.64963969194428,1260.83243845443,7112.31566267568
21.6965456384133,242.274200701331,7112.3162463788
26.957493306251,896.922036641712,7112.31650128505
48.2089616069793,1651.44131702988,7112.31753097255
68.3620611230094,102.75898187917,7112.3185074413
87.2378152125111,2823.99481577045,7112.31942201943
159.622444589835,38.1286946460335,7112.32292923818
164.617668325396,207.881364899798,7112.32317126943
169.649654823326,136.935782157899,7112.32341508193
179.968064996412,967.855129374584,7112.32391503505
190.282605373424,1191.19436536863,7112.32441480067
199.305933667269,743.334671593487,7112.3248520038
209.490514443969,127.779606340361,7112.32534547255
216.65184001351,2316.88113139228,7112.32569245693
239.71564899347,551.571566198561,7112.32680995692
249.256236087305,2042.11958454437,7112.32727222255
336.803900973196,25.9851706124747,7112.3315141288
352.145268195122,106.881718753282,7112.33225745693
356.280436285531,203.496719475282,7112.3324578163
4.11929354532633,1086.11575289075,7112.3328376288
10.7240176884594,493.767027265335,7112.33315764443
16.5080288128563,69.1505325223218,7112.33343789443
32.147368079966,2050.34700329065,7112.33419566005
59.6791450973901,869.003313752614,7112.33552964443
93.7601796313896,2121.82471592826,7112.33718095693
161.041554254467,40.6045960743562,7112.34044091005
170.883015702998,586.953818881852,7112.3409177538
177.319082510331,195.009994263806,7112.34122959755
186.402714638284,1020.47081895762,7112.34166972255
200.051381512802,746.965600484373,7112.34233103505
207.460372153983,1651.44131702988,7112.34269001943
233.629023865909,1985.99692247114,7112.34395795693
353.243187225836,102.117023170756,7112.3497535663
2.64319039658814,88.5686246565598,7112.35017816005
12.5443107507574,1106.40852035715,7112.35065789443
23.9839858142702,964.744062414979,7112.35121217568
31.5600214137617,307.727926474044,7112.3515792538
42.5759569982345,65.3077314449746,7112.3521130038
48.802089020397,2660.88151512633,7112.35241467568
177.27963026691,46.5341827571297,7112.35863973818
180.162283934555,148.646706055189,7112.35877941005
187.617711790746,795.30643182224,7112.35914064443
198.780376016767,1415.39968634419,7112.3596815038
214.571926098988,222.210361222608,7112.36044664442
224.52270849823,816.199829944964,7112.36092878505
232.270626188499,1427.24443374931,7112.3613041913
356.511095503035,124.804111489851,7112.36732395693
2.24608958591405,136.867142619401,7112.36760183192
11.220400875782,181.330409021463,7112.36803666005
15.2098077736602,191.215474010242,7112.36822995693
23.1086463845583,1317.72626144055,7112.36861267568
38.1723578405227,1134.31464221492,7112.36934255068
50.9796729340777,122.294854798533,7112.36996309755
66.9108570692533,979.587189142705,7112.3707350038
169.81698062623,65.5231424673275,7112.3757210663
180.255353576604,136.523514715492,7112.37622683193
187.397007832936,55.5948516389737,7112.37657286318
190.896889281645,153.497173305261,7112.3767424413
193.840169266405,843.728031885149,7112.37688505068
213.320251891807,813.986877901129,7112.37782891005
222.252963099132,1400.02387460925,7112.37826172255
246.213913007161,2695.00821659108,7112.3794226913
348.435732805837,201.827943246968,7112.38437559755
355.305858435781,183.902615358278,7112.38470847255
3.39431562771262,124.049090444167,7112.3851003788
6.78358623122827,335.982464072515,7112.38526459755
11.1125651066663,1801.87020859535,7112.38547434755
23.2791113474173,24.8296903870848,7112.38606384755
31.6020118828197,1291.92223585761,7112.38646711318
44.3815935880124,441.025577169185,7112.3870863163
65.1009689830926,85.2170278786701,7112.38809022255
70.4006143488767,2966.86075706987,7112.3883470038
173.308236996639,541.116929042573,7112.39329405068
179.502120943437,217.7691360572,7112.39359416005
188.292940754305,773.460573366691,7112.39402009755
195.77319957672,1480.99654762035,7112.39438253505
214.371620383266,940.763689172286,7112.39528367568
226.736169650585,1610.14868105269,7112.39588276943
256.15123308301,911.550335214173,7112.3973080038
347.699269138822,68.5707116088174,7112.40174373818
352.341376685649,105.37689471013,7112.40196866005
1.81069556070778,817.671763631012,7112.40242747255
6.95619525088531,144.02443127004,7112.40267678505
13.4854589337042,1099.32141167945,7112.40299314443
25.6626470385747,75.6389187395179,7112.40358316005
33.8926731439558,122.448398642838,7112.40398192568
44.5932227886219,1663.05091919838,7112.40450039443
60.313827135073,1501.15808672524,7112.40526209755
171.937567386105,53.0881102966951,7112.41067055067
173.495793446199,78.9806484102762,7112.41074605068
183.853868728709,161.954991084734,7112.41124792568
190.056782087053,969.096802805325,7112.41154847255
193.80852084894,828.628166082979,7112.4117302538
212.513360221599,1651.44131702988,7112.41263655068
235.941894703432,1479.37173622381,7112.41377172255
252.258443140249,955.350021314416,7112.41456230068
342.24986558854,46.2557631086824,7112.41892261318
349.80461742225,104.66125188735,7112.41928866005
353.490247618376,137.415176459932,7112.41946723817
3.96860819872156,404.771466344656,7112.4199749413
12.6749381001869,1191.19436536863,7112.42039678505
25.34294154871,1133.25393513719,7112.42101058193
36.2060213896007,922.69519802457,7112.42153692568
49.5605859399263,135.348648955258,7112.42218398818
63.767144097793,2000.47578502449,7112.42287233192
172.614004356364,63.4101174346036,7112.42814623818
179.577004416331,726.150140017978,7112.42848361318
190.622930732667,178.405554218664,7112.4290188163
196.482724837926,344.159478693484,7112.42930273818
206.737606309301,1407.73281920303,7112.42979961318
221.940951893303,879.3203387647,7112.4305362538
234.214884111644,2333.43033784195,7112.43113095693
350.137232781572,23.6674152498395,7112.43672005067
353.991842834046,92.765045645038,7112.4369068163
357.009615830102,151.773829615287,7112.43705303505
9.22324421433395,157.365426245448,7112.4376448163
11.9678761689717,877.951711331093,7112.43777780068
18.4252267045441,72.2076357040358,7112.43809067568
22.649721911906,1599.65918289373,7112.43829536318
40.653488597652,53.3528915491743,7112.4391676913
50.6874708991885,280.648199124656,7112.43965386318
53.864549298949,1670.26592556851,7112.43980780068
181.829669028105,37.4449984907876,7112.44600803505
183.632012771688,128.8047862813,7112.44609536318
188.446647412847,649.673537189699,7112.44632864443
204.859940000676,148.646706055189,7112.44712391005
208.472689638079,1231.88814704633,7112.44729895693
228.324269795859,1642.68032509796,7112.4482608163
258.034080443406,674.643840792299,7112.44970033192
339.701957427823,40.3725698705504,7112.45365734755
356.125569396766,285.427820267969,7112.45445311318
3.2140144075826,323.213150688062,7112.4547965663
5.97509284536729,114.519470295615,7112.45493034755
15.2815590787369,1205.24434876756,7112.45538126943
26.4029458178459,97.93761635013,7112.4559201288
30.1895124440641,954.720413837151,7112.45610359755
50.0098120505802,1120.44840072656,7112.4570639413
76.1633071738426,1815.1682379397,7112.45833114443
169.25795997661,98.3683204336394,7112.4628418163
176.055527493296,144.415271408072,7112.46317117568
186.557106624834,822.802881383922,7112.4636800038
192.480106873715,908.246422515191,7112.46396698817
202.618895401417,1324.0987195573,7112.46445823818
225.264769596448,1524.21131272007,7112.46555548818
239.804127701371,1369.63207442165,7112.46625995693
349.724848186339,29.2386531652866,7112.47158589443
351.251148654074,75.5767878835023,7112.47165984755
357.088046616063,205.70072034598,7112.47194266005
8.60447203437312,922.043330575661,7112.47250066005
22.1033290482742,1423.87024393287,7112.47311176943
35.1144518249663,180.915463166009,7112.4737421913
45.1181209491747,47.9020330346192,7112.47422689442
48.6934628581976,460.695509518771,7112.4744001288
84.5387884413875,1697.40332900403,7112.47613692568
172.259947833087,167.431069009183,7112.48038723818
179.476417583721,151.897563971382,7112.48073689443
190.262102066261,1006.82828740872,7112.48125948818
202.992989250483,716.564918512574,7112.48187633193
209.310060767089,716.564918512574,7112.48218241005
225.653697551172,1717.12477570196,7112.48297430068
356.335715884146,45.1509107879389,7112.48930617568
1.15486524984918,92.7143986584333,7112.48953967568
5.39387207986296,204.785285951026,7112.4897450663
17.6065330150766,216.210521708504,7112.49033680068
21.9551832037232,1092.18811772394,7112.4905475038
32.5248057615172,771.904262730772,7112.4910596288
44.2759970438463,82.6993959424094,7112.4916290038
58.600583080964,194.720739532528,7112.4923230663
61.8895622204003,1670.26592556851,7112.49248242568
174.604576667537,108.625414219077,7112.4979437538
184.670484561433,241.186015603745,7112.49843147255
187.262583255495,182.157469663657,7112.4985570663
198.739021081375,1286.32549056817,7112.4991131288
213.143582303352,1183.09084751189,7112.4998110663
224.763201532796,786.18211940551,7112.5003740663
243.132338648886,1608.65443188385,7112.50126409755
344.179039345608,31.9449015850903,7112.5061600663
354.68190840917,130.471522474807,7112.50666895693
359.876425103324,152.637930073141,7112.50692064443
5.65108433316798,362.038593548775,7112.5072004413
14.3106545366165,1363.47244605872,7112.50762001943
27.3488656981168,469.422167803657,7112.5082517538
32.796529637474,536.934052774996,7112.50851570693
44.9843595689224,117.034895663615,7112.50910623818
54.689734240025,1761.37360252682,7112.50957648818
79.6368295974453,2504.43887850338,7112.51078523818
163.276785342013,65.4155271617718,7112.51481439443
174.390110081052,737.243266435428,7112.51535286318
180.059640639266,358.072627104633,7112.5156275663
190.364829084183,1219.13235062721,7112.5161268788
204.544943860795,1507.55274930248,7112.5168139413
225.721596667222,1229.9343765676,7112.5178400038
238.567609421181,2581.98218361372,7112.51846242568
344.033261076307,28.6708573549177,7112.5235725038
350.102990004279,85.0515075034863,7112.52386659755
353.666077596609,122.064178209591,7112.52403923817
7.02547939202733,980.200698386113,7112.52468653505
14.0433011500808,985.095671701686,7112.5250265663
27.1718068400116,56.8893855634744,7112.52566267568
31.8680910813716,1258.92340996359,7112.52589022255
51.6364713368559,129.60459094824,7112.52684805068
58.31762335178,2607.93253659131,7112.52717176942
166.448899300787,31.3512167615659,7112.5324110038
180.026297881446,568.745217588429,7112.53306886317
187.552026507394,715.725367861353,7112.5334335038
197.348663155946,597.612737074371,7112.53390817568
210.113088310016,1793.84407328342,7112.53452664443
231.565784429832,1198.2399517052,7112.53556608192
242.041565146128,1290.99109180686,7112.53607366005
354.21126499699,150.655543595946,7112.5415085663
359.306780196631,163.80069522981,7112.54175545693
8.47296733595009,876.581029984891,7112.54219958193
8.74772079239856,82.2437465353154,7112.54221289443
21.0887289879769,1262.7383583208,7112.54281084755
33.4603728438892,632.79603779165,7112.54341028505
44.2699208811759,219.145257496223,7112.54393403505
49.6943661942569,60.1404967492947,7112.54419686317
65.7100402763772,2803.48100289984,7112.54497286318
168.020864709,35.8426656410504,7112.54993008192
172.914507086,777.337527679833,7112.5501671913
187.653803153068,167.991232036258,7112.55088134755
193.287215914926,1143.81581983736,7112.55115430068
208.67598776334,1981.14702421037,7112.55189992568
227.266991460745,144.805070712017,7112.55280070692
231.484714637602,1753.16205996978,7112.5530050663
257.082575745934,1347.50410829554,7112.55424534755
343.254885608819,74.4496478355394,7112.5583945038
351.64163732894,185.934739826976,7112.55880086318
359.46114568345,80.102667554538,7112.55917973817
3.12452477740154,1170.83054362865,7112.55935723818
22.1373330558088,263.5224538583,7112.56027845693
26.3311926403781,1485.86021264663,7112.56048166005
48.3727382619667,306.504349678605,7112.5615496288
53.129648857983,1674.5800301976,7112.56178011318
179.302099183574,117.355541950914,7112.56789348818
184.118668685228,134.722524802733,7112.56812686318
190.346735567886,189.735852029749,7112.5684286288
197.318120110929,1077.78019842186,7112.56876641005
207.071866819996,185.428797316867,7112.5692390038
217.399628925177,1071.62623219637,7112.56973941005
233.500437882713,2142.13002891483,7112.57051953505
346.653703394,23.8650592343514,7112.57600209755
358.624181431136,93.722189731249,7112.57658209755
2.95864251767894,206.430164628735,7112.57679211318
8.87100097752382,263.807475864297,7112.57707858193
15.9865342980658,901.60223731317,7112.57742334755
25.6025818146731,1459.73322318582,7112.57788926943
45.6805433909367,46.5846285158111,7112.57886209755
50.068536243542,329.887561711928,7112.57907470693
58.8119513903813,1960.40139677223,7112.57949834755
176.245501256136,38.7397718071281,7112.58518830067
178.641854267131,200.332889166432,7112.58530441005
188.853523353557,337.099043123956,7112.5857991913
201.468317594107,1450.6432721717,7112.58641041005
210.714157435278,812.508227365782,7112.58685839443
227.119710468501,50.3171462828966,7112.58765328505
229.786624619323,1438.15548359072,7112.5877825038
354.387304748729,40.6045960743562,7112.59381972255
357.087756869399,87.2326655354527,7112.5939505663
10.6400020008285,1047.22275295899,7112.59460720693
19.8793922945022,153.619533760363,7112.5950548788
24.4566811700509,189.933790917252,7112.59527666005
34.5187193804976,1254.13857077206,7112.5957641913
46.1233558157796,1262.7383583208,7112.59628098818
86.8368478061911,49.1363824628444,7112.59825366005
171.299663681247,36.8124350447196,7112.60234609755
186.155375212536,193.559376859831,7112.60306589443
197.007813189308,840.872815821569,7112.60359172255
203.466453656905,869.694982696956,7112.60390466005
221.31542966349,1443.99658896788,7112.60476948818
248.837532228271,1599.65918289373,7112.6061030038
353.899760758662,191.706164831551,7112.61119353505
0.905650720570721,37.9434574038218,7112.61153298818
3.39262074300268,342.188444246716,7112.61165348818
11.2804950067749,1144.86653490786,7112.61203567568
23.9710721155618,852.941661744211,7112.6126505663
32.4329617754485,214.465459280611,7112.6130605663
45.0332442807215,210.932007971287,7112.61367108192
49.9143099331058,1381.86895259906,7112.61390758193
85.4181286406991,341.748906951267,7112.61562783193
173.81778709659,59.670025864822,7112.61991101943
177.980688500277,115.824579094426,7112.62011272255
188.147210341258,209.681244589532,7112.6206053163
193.879302114623,985.705739253717,7112.62088305067
207.82529603077,703.866409601517,7112.62155876943
213.856649781343,751.77963854145,7112.6218510038
246.315284587524,1560.07995411045,7112.62342370692
349.621606514259,94.0723679510036,7112.62842916005
359.701058656871,73.5610392044173,7112.62891753505
3.37120978132713,82.2437465353154,7112.62909536318
5.95879371330295,995.417415161626,7112.62922073818
22.8825730330761,409.203393392232,7112.63004073818
27.3231302027256,307.239067520726,7112.63025589443
34.9127099383087,1796.52337450875,7112.6306236288
50.9354786090228,93.772302423023,7112.63139997255
57.7688414390581,1454.78218360751,7112.6317310663
173.814727304433,38.4659908092555,7112.63731605068
180.777727364399,306.504349678605,7112.63765342568
190.533731454509,697.861324283622,7112.6381261288
195.390933514605,1006.23098742147,7112.63836147255
209.968666796926,1317.72626144055,7112.63906780068
229.495186637339,222.885779277426,7112.64001391005
245.207084017707,1777.68288978086,7112.6407751913
353.341907204698,192.195578896381,7112.64601459755
0.999530366537638,58.6377335576316,7112.6463856288
3.28269266829088,117.515538966551,7112.6464962538
11.2731157771856,1438.99148152826,7112.64688341005
25.8805172708222,293.476909440926,7112.64759117568
29.6193567875467,214.114725949344,7112.64777233193
38.2921486816223,119.024762268438,7112.64819255068
45.1974247339876,1160.51468435074,7112.6485271288
57.2298189827215,1025.17350164533,7112.6491101288
176.99296836524,72.7907456532506,7112.65491295692
183.147832168627,111.189703277947,7112.65521117568
189.678063338006,363.488822374691,7112.65552758193
200.795580318583,918.122522453046,7112.6560662538
213.524210121762,1371.38689293437,7112.65668298818
232.248720807629,1338.55049266884,7112.65759023818
354.578815359897,123.289448095143,7112.6635174413
0.0674343407016842,104.391620348032,7112.6637833788
4.56378065745684,73.1126964526041,7112.66400123818
12.7312455476864,1266.54187138087,7112.66439697255
29.0945536825203,184.616391618597,7112.6651898163
33.1191109277357,1188.16201322147,7112.6653848163
55.2219278699927,521.021337185346,7112.6664557538
72.3327458692083,249.30696396197,7112.6672848163
86.0481662004162,3045.26537320271,7112.66794936318
160.652429177782,55.7214448193566,7112.6715641288
171.22656646012,204.785285951026,7112.67207647255
174.969598218383,626.589613528239,7112.67225783193
185.467307553847,672.859046257912,7112.67276647255
199.499726202351,1204.24614724612,7112.6734463788
211.329602737514,2260.13230353317,7112.6740195663
234.543365189084,1483.43037853493,7112.67514433193
353.562146954979,36.5884544883954,7112.68087451943
359.716365792353,161.722801816921,7112.68117270693
7.94252210166022,173.168174244509,7112.68157128505
13.3859938370208,195.10631998898,7112.68183503505
19.6904885914695,1381.86895259906,7112.6821405038
32.6258284248412,43.3733431115524,7112.6827672538
46.1880704919193,721.165016592806,7112.6834243788
56.7544682196518,71.8162682100676,7112.68393634755
64.593647924912,1920.74312010959,7112.68431617568
176.265760288992,42.0257613431563,7112.68972697255
177.922342840045,690.934476299532,7112.68980723818
184.875668522452,429.28119392549,7112.69014414443
202.134827578246,714.88487352056,7112.69098039443
212.521603585511,1665.94060768688,7112.69148366005
231.604067742747,959.118673371506,7112.6924082538
260.138436730251,1964.07845542979,7112.6937908163
341.23197587309,63.7425875971154,7112.6977200038
344.668651065551,37.0667559146387,7112.69788651943
347.742858212266,77.5401479136129,7112.69803547255
357.515308785523,423.641788316331,7112.69850897255
3.39541913246148,303.795127942763,7112.6987938788
7.64087554751482,453.129145316922,7112.69899958192
16.876396120198,1700.23461976143,7112.6994470663
32.364491983673,51.8798788651242,7112.7001975038
33.472212625383,586.953818881852,7112.70025117567
52.2660566319891,1061.4790157959,7112.70116178505
64.612869521678,83.0394850104277,7112.70176001943
176.930587908571,39.7275060071145,7112.70720209755
181.122190112097,196.066968216613,7112.7074051913
192.371924111571,111.189703277947,7112.70795026943
197.591916775503,903.600638757496,7112.7082031913
206.811958238974,129.894206502001,7112.70864992568
218.219062744115,760.526197574052,7112.7092026288
227.124685604173,997.830595927951,7112.7096341288
356.945680880517,50.8741798688206,7112.71592428505
3.54040812554281,166.869032480754,7112.7162438163
15.4576768796227,270.83610354417,7112.71682123817
18.8508172416706,1049.51669577247,7112.71698564443
37.4444008406657,932.418253718481,7112.71788655068
51.137892477622,152.021215060749,7112.71855003505
63.556295956468,1804.53763043431,7112.71915173817
173.190761468083,156.527429906461,7112.72440314443
181.822598395794,74.1968500528323,7112.7248213788
186.953586425779,643.629927132849,7112.72506998818
196.814396704512,1424.7145685431,7112.72554776943
210.562065036002,622.739582123444,7112.7262138788
225.145925457898,20.4463911079866,7112.7269205038
234.199889412077,2232.29457141372,7112.7273591913
353.897897677853,108.36564978689,7112.73315886318
359.140786485055,211.110087744437,7112.73341289443
3.14760735263993,77.6612107955543,7112.73360703505
13.3160640541162,1111.82951734179,7112.73409972255
23.6593052309676,1249.33519085602,7112.7346008788
37.0503100981965,286.479118205563,7112.73524970693
51.3133023691812,80.7451397411008,7112.73594078505
54.2343311766832,1908.18094658596,7112.7360823163
171.93747480833,30.6120996607095,7112.74178533193
186.105980271804,910.230169015591,7112.74247183193
194.238294814697,139.787487141163,7112.74286586318
207.302626874445,125.029736564031,7112.74349886318
211.050818323265,1528.15082810065,7112.74368047255
233.643483197697,726.977644749383,7112.74477514443
261.315861754637,1968.97009807628,7112.7461159413
340.931149984698,68.4678910789494,7112.7499735038
344.423614361807,60.9165357046138,7112.75014272255
349.18568464838,107.931316661869,7112.75037345693
356.487934277983,955.350021314416,7112.75072726943
3.72633268532692,244.589709597065,7112.75107798818
15.4472107903278,96.2931054337979,7112.75164589443
23.0325982843727,1406.02340881202,7112.75201342568
31.0430151894821,1205.24434876756,7112.75240155068
50.8468682753097,120.981891171823,7112.75336109755
63.2926826219701,2364.14821053188,7112.7539641288
173.314661982495,54.7863143740557,7112.75929497255
180.861029370671,1007.42536535137,7112.75966061318
192.970819015297,701.299074368222,7112.76024736318
199.727927237767,200.145219841907,7112.76053192568
210.568433418394,1442.33003318561,7112.76105717568
232.485824021156,1785.7817447009,7112.7621191288
259.683833680048,855.756632223148,7112.7634369413
342.900262271916,112.115254580214,7112.76746898818
349.19056788672,27.0480304820353,7112.76777376943
351.595950309262,82.4149082312431,7112.7678903163
2.402596037035,834.412650085881,7112.76841392568
11.3053165875792,976.513425676728,7112.76884528505
22.5579528965664,419.003887142111,7112.7693905038
35.100511469322,137.89289154964,7112.76999822255
38.9599587293467,191.902077562034,7112.77018522255
47.9591009478966,1983.57330560839,7112.7706212538
76.5892467124774,2675.30375630542,7112.77200845693
162.239435968638,39.1318574766153,7112.77615842568
171.726813779416,194.81720403558,7112.77661811318
180.783680043108,934.993971135611,7112.7770569413
194.348501936694,1388.81317557349,7112.7777141913
208.063922192819,1431.45073572271,7112.77837873817
225.240526274789,97.7936204238361,7112.77921098818
228.260879097352,884.093742659076,7112.77935733192
243.340392145534,2585.7052055045,7112.78008797255
349.608052955206,43.6163327677264,7112.78523691005
351.302365792729,84.107380782239,7112.7853190038
357.912572109425,367.600838657722,7112.78563928505
8.10231250159868,250.509890609152,7112.7861330038
12.1694372408343,966.611901631609,7112.7863300663
19.3243131877933,1698.81952949424,7112.78667673817
36.337419662062,87.2864974743592,7112.7875010663
46.4452500088819,983.262915532634,7112.7879908163
65.2761792984036,1657.25633216596,7112.78890322255
174.172056560951,113.943791901772,7112.7941795038
177.613568998505,204.049957486241,7112.7943462538
188.290255088425,729.042382019429,7112.7948635663
200.651902008688,154.837795363072,7112.79546251943
203.66258041615,1560.07995411045,7112.79560839442
224.416461230097,1352.84783375766,7112.79661397255
244.492810428871,1489.90120241166,7112.79758672255
348.536553354157,26.8519494833752,7112.8026101288
353.675925867217,86.0398696733711,7112.80285914443
2.45255657598162,136.247998994143,7112.80328439443
11.8547994738029,155.564172654721,7112.80373995693
16.3882310359319,1407.73281920303,7112.80395961317
37.6925861367106,863.450533294952,7112.80499186318
46.704950120971,245.662795661516,7112.80542853505
54.9507777810285,2020.80996380971,7112.8058280663
175.943867963588,69.4893448338618,7112.81169048818
181.800114793321,773.849095914159,7112.81197423818
191.231058490981,548.291634316911,7112.8124311913
202.179595652752,875.208128192639,7112.81296167568
217.127536610509,1733.85039659024,7112.8136859413
239.272920971703,778.496933584449,7112.8147589413
253.161513325713,987.53405453067,7112.8154318788
347.552860460295,36.0387067410706,7112.8200053788
349.587712686854,104.211479723393,7112.82010397255
357.067326580798,195.87523270026,7112.8204663788
4.88167528229305,490.406992792458,7112.8208450038
12.6034720743144,626.589613528239,7112.82121914443
17.3648974324168,979.587189142705,7112.82144984755
35.3602795975446,1658.70683854763,7112.82232176943
50.9331878534287,84.940977862491,7112.8230763163
65.8621024639889,1012.78241348979,7112.82379966005
175.039827771579,47.9999893998606,7112.82908959755
182.843857054419,777.72421835931,7112.82946772255
197.962390246012,1074.98721035881,7112.8302002538
209.271783151123,155.926077605173,7112.83074822255
217.436990697852,1115.06937017225,7112.83114384755
231.427164447966,1426.40155242901,7112.83182170693
352.099708962621,47.0361839755018,7112.83766859755
357.466107785095,67.8130052111925,7112.83792861317
1.35038601134294,130.902844119873,7112.8381168163
10.9054847653713,272.90936177593,7112.83857978505
14.6156235197983,454.454085474509,7112.83875955068
27.129481255173,1539.12804723433,7112.8393658788
45.9916911334997,86.0944440739253,7112.84027980068
53.3032926576563,1462.20247021489,7112.8406340663
178.062834762556,30.9554222532871,7112.84661308193
179.753600324552,150.780207763823,7112.8466950038
189.437691229874,813.986877901129,7112.84716422255
202.65455658774,156.287163766144,7112.84780461317
206.889048693209,1398.30491630022,7112.84800978505
224.59419836776,1362.59026284336,7112.84886764442
245.113958321241,1391.40821087125,7112.8498618788
356.817996240138,224.565421813594,7112.85527422255
1.21759840588179,113.116301048155,7112.85548739443
7.33924668488488,171.423361616796,7112.8557840038
12.2093479901433,108.625414219077,7112.85601997255
14.4531675903962,1162.58513926937,7112.8561286913
33.9761401552833,1584.55337739838,7112.8570746288
55.8509633391088,1718.52476693601,7112.85813451943
177.093008487792,64.8385303780863,7112.8640090038
180.649324049618,708.124558990164,7112.8641813163
192.945507407675,163.80069522981,7112.86477709755
196.353804395929,347.852052717812,7112.86494223818
207.474223648477,1649.98437135466,7112.86548105067
229.152333737759,1177.99792143103,7112.86653141005
244.070928967206,890.193363467517,7112.8672542538
348.274069301462,91.4903916515719,7112.87230316005
352.279922682487,26.6764457745872,7112.8724972538
355.214818146628,82.7561699723312,7112.87263945692
2.69507704412659,279.843676009861,7112.87300189443
10.2333823571485,326.452309629133,7112.87336714442
14.3014745454024,357.232105008265,7112.8735642538
23.2728834882152,72.8552496109813,7112.8739989413
26.1823029450374,1231.88814704633,7112.87413991005
33.9698857822718,936.921207284058,7112.87451723818
57.8885907168286,1484.24073032061,7112.87567616005
174.988695707057,33.3829526522056,7112.88134995693
181.071001359643,347.635920050493,7112.88164466005
189.175905034721,824.992185677331,7112.88203736318
201.135096241726,1108.58000557101,7112.8826168163
211.34547547121,138.368969060387,7112.88311153505
222.969017402337,1408.58680275358,7112.88363309755
246.831288223776,1816.49284503038,7112.88478928505
347.657734716672,72.4673793195407,7112.88967458193
354.559785901434,109.143097337672,7112.8900090038
358.558222248401,200.332889166432,7112.89020273818
5.47156030083696,327.371879604854,7112.89053770693
14.6406497872115,1410.29299349782,7112.89098197255
26.13611399783,1241.6112582514,7112.89153895693
39.9656924122151,921.391019037543,7112.89220903505
62.46548293171,38.1902426349612,7112.89329920693
174.842860224241,33.575867780522,7112.89874417568
186.532135182348,89.9891758332494,7112.89931055067
196.44292998916,340.426853373543,7112.8997907538
203.391418426474,702.583935474621,7112.90012742568
207.919045332034,764.468766067949,7112.90034680068
227.181776063125,49.3747993879357,7112.9012801288
233.991275375955,1722.71807930002,7112.9016100663
358.026002109317,71.3569550669924,7112.90761986318
359.786745958065,266.218047606515,7112.90770517568
9.22188185972146,183.902615358278,7112.90816233193
16.4880136178858,298.302910151094,7112.90851439442
20.7834545985591,1626.49593793418,7112.90872251943
38.4621608543139,67.2914918231626,7112.90957909755
42.4725289598836,1406.87828054098,7112.90977341005
67.9097948075692,2463.77629409267,7112.91100591005
169.670467436367,47.9265412078878,7112.91593647255
175.281306537961,153.619533760363,7112.91620833193
178.237808250889,815.462863901217,7112.91635158193
193.576918129315,661.140586721842,7112.91709480068
201.04331029509,1423.02547523343,7112.9174565663
212.608107751364,746.160300213461,7112.91801691005
229.660879297514,2515.93590405719,7112.91884316005
353.167836359063,113.530802814399,7112.92478334755
359.73483029081,87.6623842960278,7112.92510153505
8.66238184511928,1117.22409101844,7112.92553409755
19.9224352632481,134.233513193749,7112.92607967568
23.2159290896871,332.384147982978,7112.9262392538
36.1999635191126,1136.4328367236,7112.92686836318
44.339050130051,925.298004883501,7112.92726272255
70.2323034570583,3015.10549860495,7112.9285173163
163.076711324136,36.7805196022086,7112.93301586317
169.05421082564,582.325965226005,7112.93330548818
176.023015579717,190.625015772383,7112.93364314443
186.852557375677,1303.96626829565,7112.93416786318
198.999432303219,1232.86392206268,7112.93475641005
213.376260211916,2206.28626479424,7112.9354530038
237.20628295799,143.632536420135,7112.9366076288
247.829114761299,1898.07125572372,7112.93712233192
351.331827337112,55.4679739639408,7112.94213730068
356.373488250143,881.369255356645,7112.94238158192
7.6948129513984,154.59490632086,7112.9429301288
15.1399214640179,255.853116470917,7112.94329086318
23.1880685805135,1417.94620489577,7112.9436808163
38.8580434704156,1780.38672693503,7112.9444400663
55.0646259905104,93.5717128780489,7112.9452253163
179.641120082163,36.2984503565755,7112.95126136318
185.048796429091,82.5288240524635,7112.9515233788
191.922146851556,627.069285386028,7112.95185641005
198.092167281148,126.746127482313,7112.95215536318
209.231290472971,1149.06029136108,7112.95269508193
220.278829166796,50.3638034055065,7112.95323036318
224.951894819422,1476.11689538252,7112.95345678505
248.336894395758,934.993971135611,7112.95458984755
339.803020443757,32.9581258118328,7112.95902161318
353.698707386362,169.217057033322,7112.95969489443
357.195686450473,106.35303748785,7112.95986433193
2.18059080492136,34.3708811412213,7112.96010586318
3.78976872948675,198.258798267403,7112.96018383192
10.986567166912,207.157041520745,7112.96053253505
17.0682278910276,1055.22990345719,7112.96082720693
27.2618381168168,1189.17364844151,7112.96132111318
54.2628121230759,88.886259463905,7112.9626293788
62.0091174358563,2266.50787027438,7112.96300470693
171.894031246426,58.717787576601,7112.9682808163
176.280089238536,554.832124688431,7112.96849333193
188.720743932181,1093.83835322774,7112.96909611318
198.350335622422,297.798591342158,7112.9695626913
210.219877267008,1518.67873832146,7112.97013780068
229.506794035851,1517.09433904301,7112.97107230068
248.623441053864,612.518091802627,7112.97199855067
340.267776318909,26.007756712132,7112.97642095693
358.768038320085,192.391005904291,7112.97731636318
0.625618784830353,233.10456342962,7112.97740626943
11.0366568905346,84.7194814301844,7112.97791016005
14.937123960894,1205.24434876756,7112.9780989413
31.3702868927345,799.829591446866,7112.97889430068
37.7436539544644,1297.49477828511,7112.97920276943
63.4049952706573,294.75458185324,7112.98044476943
177.054442641002,32.9937362153476,7112.98594536318
183.177291346285,134.44330371204,7112.98624170693
193.224173952522,167.206484769089,7112.98672797255
196.619084690181,752.578943608029,7112.98689228505
214.778435149545,1029.2706686954,7112.9877711913
225.924886556833,1396.58395958975,7112.98831067568
257.372039060758,1332.24709042423,7112.98983270693
344.225064650291,59.905719274056,7112.99403636318
356.176338509522,170.54427314811,7112.99461480068
359.87277517633,68.7417622824427,7112.99479370693
2.26173857668943,934.350707915144,7112.99490933192
18.9802858578345,294.499480357757,7112.9957185038
26.2989076235094,1596.64936827397,7112.99607272255
41.1434098743799,156.887114410864,7112.9967911913
54.7818084462426,1691.72631458991,7112.99745128505
76.5365488579115,1032.76953655751,7112.99850420693
166.587557121782,68.9805088049944,7113.00286264443
180.127491661983,602.123073623062,7113.00351797255
188.758106313912,952.198098147505,7113.0039356913
197.650538484552,832.970303843439,7113.00436608193
213.533916978284,867.618477062848,7113.00513483192
227.820886892854,1784.43448906052,7113.0058263163
1.39016532763422,71.7508275016598,7113.0123025038
6.00699856395498,111.695500071285,7113.01252595693
10.8126890548848,392.708504604045,7113.01275855068
19.5911612095653,278.767342543063,7113.01318342568
28.17593357931,36.9080113693521,7113.01359892568
32.4486269578501,1552.35302390366,7113.01380572255
52.6447301886626,972.193880954819,7113.01478320693
84.3553143129094,952.198098147505,7113.01631798818
171.055639944529,33.785065023384,7113.0205142538
175.424537507244,474.200956279702,7113.02072570693
183.758468722769,596.101723537856,7113.0211290663
199.525304592867,1280.70409832759,7113.02189217568
217.648820628472,1025.75969940233,7113.02276934755
234.660822954887,1383.60822798944,7113.02359272255
349.905387675722,38.8306053977772,7113.02917051943
357.743447581619,86.4211827100725,7113.0295498788
5.34196545797858,232.297139857174,7113.02991764443
9.65178463927995,167.879349310951,7113.03012623818
15.5396110099974,50.8741798688206,7113.03041120693
17.6638514486155,683.937517731437,7113.03051401943
30.3079247183802,1690.30411889537,7113.03112598818
46.0315009515517,103.306058152342,7113.0318870038
63.2220298763764,1729.68417366803,7113.03271901943
176.388842073905,155.564172654721,7113.0381962538
184.079367349988,39.7275060071145,7113.03856847255
186.837005944788,220.853349497396,7113.0387019413
195.388849371388,1229.9343765676,7113.03911584755
209.220302019894,1082.23385808515,7113.03978528505
224.443164450693,1633.87237073209,7113.0405220663
250.765990373467,1116.14728570686,7113.04179608193
350.608197559028,85.4372267378167,7113.04662841005
0.749670172663315,188.742979578826,7113.0471192538
5.63413188892184,292.707635907163,7113.04735566005
14.8404693645547,188.44409366281,7113.04780323817
18.8042117135273,1295.63992867787,7113.04799508193
35.5876483373132,437.260450070198,7113.04880739443
39.4861784331245,1422.18015142248,7113.04899608193
59.7462025005123,139.787487141163,7113.04997666005
62.7759892702214,385.757342735715,7113.05012330068
177.922735592523,68.2961603937216,7113.05569636318
183.31662762816,123.441756816334,7113.05595742567
188.837715891734,115.173877379693,7113.05622464443
193.027763983101,514.343179158772,7113.0564274413
205.934623240059,1008.0219992048,7113.0570521288
214.218838186722,1083.89919262208,7113.05745308192
233.258231172034,1094.38791362493,7113.05837458193
250.353847216522,1674.5800301976,7113.0592020038
345.001673075026,64.1466116335643,7113.06378292568
347.94332643169,121.05952351682,7113.06392530068
1.18980585145672,301.560415527646,7113.06456642568
4.86203005454265,277.009387650295,7113.06474416005
12.2897693434324,1268.43935355225,7113.06510366005
23.6583298214113,1283.5178475612,7113.06565389443
37.9143076922194,129.096192069689,7113.0663438788
46.7818817284275,1342.13906655134,7113.0667730663
78.8643693630827,269.584465861783,7113.06832584755
180.880533293707,164.601693386501,7113.07326339443
188.357666016105,51.1963214877564,7113.07362528505
192.890239901225,935.636901289172,7113.07384466005
206.791101587344,877.951711331093,7113.07451745693
213.84661453047,174.68060331538,7113.0748589413
224.687020388803,64.693479739919,7113.07538361318
226.899394240466,1401.74050144992,7113.0754906913
264.845495744535,1569.3022437091,7113.07732726942
338.52693915295,40.4887477711835,7113.08089342567
345.395531891181,29.8939970000411,7113.08122586318
351.482869008061,301.560415527646,7113.08152048818
354.553655529628,130.471522474807,7113.08166911318
6.76029020046766,1280.70409832759,7113.08225991005
16.4824028447349,278.767342543063,7113.08273045692
27.0064324603329,1508.35022250106,7113.0832398163
40.6687206981446,52.4203111473831,7113.0839010663
56.2315261271073,1979.93266226604,7113.08465430068
182.416795896265,704.720060085151,7113.09075798818
195.726227721707,730.278337801593,7113.09140216005
206.715136678337,131.117963708682,7113.09193401943
214.195174918931,1567.7690257121,7113.09229605068
232.290604428971,1427.24443374931,7113.09317186317
350.804175038532,31.6494504215559,7113.0989078788
358.189300436372,63.7794261848512,7113.0992653163
6.90288317324595,122.141116665198,7113.09968705068
11.0648448517956,284.636758607348,7113.09988848818
17.1650952701331,35.5465760992768,7113.10018373818
19.5950584975155,919.431308865626,7113.10030134755
26.319344921901,1391.40821087125,7113.10062680068
57.5537505052688,1082.78919164206,7113.10213853505
92.9465666910279,1981.14702421037,7113.10385153505
166.038194340378,83.2654431515145,7113.10738914442
169.368538495586,173.168174244509,7113.10755033192
180.10725200629,683.937517731437,7113.10807008193
191.764425074377,1443.1635886325,7113.10863428505
205.036085463931,935.636901289172,7113.1092766288
221.478610583487,1815.1682379397,7113.1100724413
241.706351416024,782.348963390689,7113.11105145693
353.323888507664,27.8607224096783,7113.11645370693
356.965766450446,59.1164200924865,7113.11662997255
6.39797520076824,323.909982169468,7113.11708648818
13.1658440598521,132.259384000299,7113.11741405068
19.8936815979786,1282.58059728381,7113.11773967568
32.6804469672303,29.952859637028,7113.11835855068
40.9769295822223,1200.24534755458,7113.11876009755
62.8666141576029,2245.18559299725,7113.11981955067
172.811876887783,109.658331026719,7113.12514086318
178.834647422212,50.6891854878955,7113.12543236318
183.220655146001,604.614303068018,7113.12564464443
195.947050754836,1411.14553375843,7113.12626059755
214.396628018665,758.943408118995,7113.12715355068
226.030557091513,1808.5315467431,7113.1277166288
250.676588995438,916.155762364923,7113.12890948818
350.397771966548,26.5661659337724,7113.13373489443
355.175053209305,165.852567790559,7113.13396611318
0.670314757216444,383.216264276953,7113.13423208193
9.81907624552979,1110.74738295969,7113.1346748788
24.5237918775269,300.311692180699,7113.13538658193
32.5888032716942,1349.2876815846,7113.13577692568
51.9022813312991,1415.39968634419,7113.1367116913
82.7977123849858,140.457936947946,7113.13820701942
177.841977052974,77.6612107955543,7113.1428071288
182.373582469612,198.448243948768,7113.14302645693
193.554576996819,1008.0219992048,7113.14356761318
206.437546625411,557.534685086125,7113.14419114443
212.276625195748,1140.65756839921,7113.1444737538
243.43096824995,3046.84433238833,7113.14598161318
344.410192912261,102.575975491348,7113.15086897255
356.134192372701,347.203293893372,7113.15143641005
4.01841739613808,213.587564301676,7113.1518180038
7.09243227125569,253.492254964627,7113.15196678505
16.8258441153699,1797.86163734263,7113.1524378788
29.5564365462384,1258.92340996359,7113.15305403505
38.6089938127942,83.0394850104277,7113.15349217568
55.5118786159938,1328.63176016684,7113.15431026942
182.203129369426,34.8122017324037,7113.16044208193
185.575764655495,153.986018380792,7113.1606053163
192.644513773016,810.285227803575,7113.1609474413
205.461948237927,1080.56585901295,7113.16156780067
215.603420926728,135.833649883565,7113.16205864443
231.393823514671,1458.08476403886,7113.16282289442
254.532871443568,1454.78218360751,7113.1639428163
344.133204971701,53.7038989667504,7113.1682794413
346.857591788001,54.7434285402826,7113.16841130068
1.11776651842558,333.061772606058,7113.16910148818
4.15723827362305,899.599394976747,7113.16924859755
15.102241922617,252.0054998012,7113.16977833193
24.6806939989147,73.3692273602315,7113.17024192568
27.7388900167964,1514.71457598973,7113.1703899413
43.6763470146137,2418.45721227207,7113.17117978505
72.2519008701982,816.936185366046,7113.17256283193
176.999231121997,66.9766395122728,7113.1776325663
183.004891495353,776.176511951832,7113.17792323818
194.760205759745,808.056177525884,7113.1784921913
200.671276125702,764.075414050325,7113.17877828505
222.75240060095,1877.68867121463,7113.1798470038
249.398059398397,165.171445964951,7113.18113664443
256.032275472772,1374.01501287826,7113.18145773818
345.475712220958,32.8867905130537,7113.18578676943
348.334397530259,103.215082314367,7113.1859251288
357.195514859365,174.24980902625,7113.1863540038
3.53433880117469,939.484601225615,7113.18666080068
9.66784099801181,170.323782855419,7113.18695766005
18.3317074660231,1155.32217126457,7113.18737698818
31.2179053354183,104.301581260735,7113.18800067567
40.5739255432524,323.677862290594,7113.1884535038
51.1725295621451,2035.04124662857,7113.18896647255
77.7122991899288,1816.49284503038,7113.19025098818
165.962222687626,88.0900075106439,7113.1945222538
173.621756032696,661.140586721842,7113.19489297255
186.634181623962,1132.19233988104,7113.19552276943
199.279868995337,1309.48751841942,7113.1961348163
216.339650616067,1891.72544295957,7113.1969605038
238.845623224138,1860.96360543786,7113.19804978505
349.85074630735,56.1413554533985,7113.20342239443
353.5623561231,98.4637787970755,7113.20360203505
358.119788105069,155.080295827226,7113.20382261318
10.1391796980755,368.213681767315,7113.20440434755
15.1621367669522,1249.33519085602,7113.20464745693
32.6348216123649,1413.69960182658,7113.2054931288
54.7036784568661,1840.17001636505,7113.2065612538
175.016859947329,45.9756538395695,7113.21240134755
184.960758826933,586.441450955988,7113.2128826288
195.541607014041,253.195603372447,7113.21339473818
201.786486581579,1245.47916424689,7113.21369698818
217.755093007743,1394.86078243323,7113.21446986318
255.652446749014,2184.37623544787,7113.21630408193
349.942250979797,197.308835936383,7113.22086767568
357.084605994547,896.251406423687,7113.22121336318
5.35719898117322,120.515070145544,7113.2216137538
15.3679242907138,1376.63791477394,7113.22209826943
28.5688842260689,132.826402654551,7113.2227371913
31.8059297152986,115.824579094426,7113.22289386318
39.7166270123597,1851.89508172812,7113.22327673818
57.9902602854548,778.496933584449,7113.22416117567
82.8099762574631,1122.59279649862,7113.2253624413
162.029617977778,45.6166632245569,7113.22919664442
171.679738939174,128.950572442221,7113.22966370692
177.681202490496,164.943780855964,7113.22995417567
181.356655047133,212.706074975699,7113.2301320663
192.009817790051,900.267527192966,7113.23064767567
202.804704201555,1157.4019520566,7113.23117014443
216.714928075389,1081.67808043902,7113.23184339443
235.971587563484,132.755653692307,7113.23277541005
257.868051606157,2002.87875173899,7113.2338351913
344.116088362846,107.931316661869,7113.2380095663
346.605775679935,27.3931571870278,7113.2381300663
351.627764205164,88.0366751720985,7113.2383731288
5.89471840288095,1334.95225984603,7113.23906364443
17.5096003776898,230.021252045631,7113.23962580068
24.1357456057694,1235.78669519731,7113.2399465038
40.9882684693956,66.6602884002998,7113.24076216005
44.4309585013704,264.660793281024,7113.24092878505
57.5964068859055,2073.67345517184,7113.24156598818
176.405369590449,162.765065314652,7113.24731630068
188.540658211546,109.82953435601,7113.24790364443
192.527321645236,1185.12188951314,7113.24809659755
203.338026876394,222.717122522198,7113.24861983193
217.644366686776,1036.25674707786,7113.2493122538
230.15769257728,139.113803809821,7113.24991789443
238.902590118106,1351.06892340531,7113.25034114443
355.314851215735,124.879370733133,7113.2559821288
0.936017612580171,73.1769089767909,7113.2562541913
7.96538107985437,251.707071852181,7113.25659441005
14.482085949364,1192.20344707571,7113.2569098163
25.8748588910642,277.957379335447,7113.25746122255
36.1034964116794,88.4093770414651,7113.25795628505
36.4576441278863,1343.92985629006,7113.25797342568
60.5145059058732,304.289510255629,7113.25913776943
72.4315594805399,2192.06963691931,7113.25971455068
171.489928361909,34.9804595012326,7113.2645089413
174.162339099442,302.555674958072,7113.26463828505
184.139812630483,928.541243894188,7113.2651211913
198.441955618831,342.188444246716,7113.26581341005
202.708515200789,1516.30152878113,7113.26601991005
223.56481165918,2080.62056472613,7113.26702934755
5.72072668285156,114.190865097008,7113.27390964443
9.82619262524562,103.850261723437,7113.27410834755
17.7184884573952,1008.0219992048,7113.27449033193
30.6266389806084,253.492254964627,7113.27511508193
39.7176133537631,1222.08776431876,7113.27555508193
55.4282762854774,954.720413837151,7113.27631547255
84.5520004399773,1550.02732871168,7113.27772505068
165.62147465168,140.457936947946,7113.28164878505
174.332151870358,200.145219841907,7113.2820703788
180.281639342914,1033.35151546702,7113.28235833193
191.42324829504,789.235343745531,7113.28289758193
203.051043571306,1085.56208466837,7113.28346036318
219.459025533359,1355.51170288295,7113.2842545038
233.603303273277,1575.42046075321,7113.28493908193
353.453724903524,76.931981618511,7113.29073980068
1.4076817999279,158.673366112971,7113.29112476942
8.02737039607036,303.052055672381,7113.29144516005
14.0791958493825,89.3606091900701,7113.2917380663
18.6463128544229,22.679250838431,7113.29195911318
20.1981705679869,1288.19377387401,7113.29203422255
40.9560030322994,1710.10750005252,7113.29303889443
59.4195712931269,1238.70236290458,7113.29392595693
175.720122380315,53.747613998345,7113.29955486318
179.85496611453,150.030668444323,7113.29975498817
190.14655604082,742.930106323314,7113.30025309755
199.770850399302,1272.22565815543,7113.30071891005
221.331568228263,1497.95043036249,7113.3017624413
231.225105205875,1265.5920755833,7113.30224128505
356.787732164208,87.6087813406201,7113.30831847255
0.991662138263276,114.190865097008,7113.3085219413
7.27818709078602,151.897563971382,7113.30882620693
14.183259923485,482.060280582175,7113.30916041005
19.927102853295,1044.92370311959,7113.30943841005
31.1600734968518,1290.99109180686,7113.30998208193
49.700366781402,235.510250190529,7113.31087942568
59.2604173176228,47.6562539430958,7113.3113421288
64.076438502334,1920.74312010959,7113.31157522255
167.986663029755,28.5682779516128,7113.3166044413
178.305693735736,738.872629746368,7113.3171038788
192.498396365513,213.939158055787,7113.31779080067
199.995867602536,1424.7145685431,7113.31815367568
219.476573098287,773.460573366691,7113.31909653505
231.435594930876,1753.16205996978,7113.31967534755
275.705670063167,2291.8329456445,7113.3218180038
341.005080126386,36.2336896597704,7113.32497847255
345.807219503575,201.641661701224,7113.32521089443
351.373504265875,108.36564978689,7113.32548030067
0.873830787554155,665.672128530304,7113.32594011318
6.02333830090942,1298.42125939916,7113.32618934755
18.1014854775574,1303.96626829565,7113.32677392568
33.3159542642882,53.8785509263118,7113.32751030068
42.6093448642192,2402.49353744559,7113.32796009755
61.7898157722431,1817.81634189804,7113.32888842568
179.413336110177,425.058654940358,7113.33458136318
184.694882269048,747.368000819648,7113.33483698818
200.149279280398,131.97494486139,7113.33558576943
203.000216616342,1419.64140443207,7113.3357237538
216.497537152745,1821.78094831897,7113.33637701942
241.951942584772,795.30643182224,7113.3376090038
351.707379591861,79.2774595970158,7113.3429211288
357.71013444702,83.4907906699378,7113.34321166005
12.785462248005,819.141143804103,7113.34394130068
21.9209875995061,780.425279955921,7113.34438345693
31.0016312788791,1122.59279649862,7113.34482295693
41.1724816843356,27.6916128916227,7113.34531522255
63.4553767532324,2201.92197808444,7113.34639370693
176.122443616871,47.6562539430958,7113.3518467538
180.41192432113,844.440350977749,7113.35205436318
194.736019925713,475.467221150438,7113.35274764443
199.488443034038,354.910351108018,7113.35297766005
208.641724142158,1901.86888460175,7113.35342067568
237.581110699438,1472.03804701235,7113.35482133193
351.809074629002,62.8894367138422,7113.36034992568
0.0406678261877325,97.0704627789587,7113.36074833193
5.22600980088365,62.4020557449256,7113.36099930068
7.65209900400444,751.77963854145,7113.36111672255
21.4848429939307,412.86032925747,7113.36178622255
27.7239115626589,192.195578896381,7113.3620881913
31.8564954493878,82.5288240524635,7113.36228820692
39.302636240772,2056.20342974555,7113.36264859755
69.2905840264022,172.733619074883,7113.3641000038
81.5262736912904,1521.0523951481,7113.36469220693
171.818115250953,207.157041520745,7113.36906230068
175.25822263767,112.115254580214,7113.36922880068
185.879747778863,140.324099562328,7113.3697428788
189.129706531967,1173.9076377637,7113.36990017568
197.257670406975,999.636595722109,7113.3702935663
217.086389709603,723.661852664037,7113.37125326942
229.055096565264,1900.6038964875,7113.37183255068
256.618246489194,835.132962784257,7113.37316659755
346.783554286397,27.776295152826,7113.37754353505
348.703441561274,73.1769089767909,7113.37763645693
354.442764758529,151.029230788247,7113.37791423818
2.22303758685029,470.701255750328,7113.37829080068
8.47437382390811,182.260595504857,7113.37859336318
13.5941807100875,1247.40862084138,7113.37884116005
25.075409862605,25.5062446857801,7113.37939684755
26.6443777372429,49.0406951159095,7113.37947278505
37.5551611768371,710.244030255325,7113.38000086318
46.3055468059522,127.926558235458,7113.3804243788
47.4761389341399,1705.88332348842,7113.38048103505
83.5062272251766,1548.47501487865,7113.3822248788
165.318539914048,63.8898031701807,7113.3861845663
171.771001074045,331.024679889325,7113.38649686318
181.053415309484,644.096886937007,7113.3869461288
186.497023651567,845.152059447685,7113.38720959755
200.48666442144,1327.72648431256,7113.3878866913
218.154340355627,1054.0898154332,7113.38874180068
226.776884198843,1536.7823680279,7113.3891591288
352.140323208785,23.0770489523247,7113.39522667568
356.916958780832,70.1620497811639,7113.39545786318
4.43379995124927,109.658331026719,7113.39582167568
8.82497300313767,164.258870394285,7113.39603420693
15.7284316966436,382.823828193324,7113.39636833193
20.6229012337457,318.056414538859,7113.39660522255
27.565422704561,1248.37229442676,7113.39694123818
44.0983409719003,1357.28484007558,7113.39774142568
65.4240365038777,59.670025864822,7113.39877358193
89.1654905827772,1479.37173622381,7113.39992266005
172.072852490476,41.235945213991,7113.40393534755
173.600497740319,580.775205705208,7113.40400928505
181.377219379734,189.933790917252,7113.40438567567
191.248158107983,165.171445964951,7113.40486342568
197.781973063402,1422.18015142248,7113.40517966005
206.331556680099,931.127730474657,7113.40559345693
219.462461944714,126.523569399239,7113.40622898818
229.247527032239,895.580332116452,7113.40670258193
243.218766337201,2170.01616675816,7113.40737878505
350.956820506235,129.314323138452,7113.41259326943
356.418507440291,69.6244034648075,7113.41285761318
359.616812949984,79.7500537830231,7113.41301241005
5.86911769310742,1200.24534755458,7113.41331501943
20.4482513115261,579.22028284807,7113.41402064443
26.6501941150759,355.122015127662,7113.4143208163
41.0143210030334,126.300622738107,7113.41501603505
44.9115597574241,1886.63329403482,7113.41520466005
72.0130586187079,2329.30386090402,7113.41651636318
170.04257814423,55.3832257832454,7113.42127786318
173.231844339145,150.405896071071,7113.42143222255
176.734904093954,594.586824220755,7113.42160176943
192.350331309976,1140.65756839921,7113.42235755067
203.7185689526,1587.58595159014,7113.42290776943
220.02776408522,1377.5111051828,7113.4236971288
243.917398464644,169.105979219708,7113.4248533788
0.723828719886415,54.0960609640706,7113.43050676943
5.18570222597337,80.977495542367,7113.43072272255
11.085796189855,219.659068712019,7113.43100828505
17.4288169536988,144.545320157619,7113.43131528505
20.9412389338067,240.874181711703,7113.43148528505
32.0592810177562,756.16551908908,7113.43202339443
39.7223654765669,1260.83243845443,7113.43239428505
57.9036685897486,43.3733431115524,7113.4332742538
70.175192640812,1920.74312010959,7113.4338681913
169.979951263422,42.7460948582148,7113.43869870693
175.337686002363,825.720658514939,7113.43895801943
188.952840578987,132.330396640512,7113.43961698817
192.548876239585,961.622892425851,7113.43979103505
205.098036629013,1725.5078477163,7113.44039841005
226.417275453887,293.476909440926,7113.4414302538
232.673777019045,1485.05074903937,7113.4417330663
251.48815541547,1423.02547523343,7113.44264367568
347.283329444505,31.6494504215559,7113.4472801288
349.030823842388,80.3953431605109,7113.44736470692
356.929899216995,313.774228821728,7113.44774701943
4.81186435536323,956.607904001316,7113.4481285038
14.8765027558009,269.165967292651,7113.4486156288
21.9881886373103,1388.81317557349,7113.44895983193
36.8226830673371,96.3418858579423,7113.4496778163
41.7358769798714,123.593857370707,7113.44991561318
50.8752762804688,377.684994390393,7113.45035795693
64.4839741875728,2038.58330216633,7113.45101661317
175.231799522211,37.2878637688867,7113.45637676943
185.188934538627,938.203736922105,7113.4568586913
194.376758766667,563.434687794739,7113.4573033788
204.819434511678,153.74179707095,7113.45780880068
215.560823604948,1661.60418757499,7113.45834603505
236.021649797502,1498.75289956469,7113.45933633193
259.818953941847,176.712450228322,7113.46048811317
343.811680082885,23.6425948263452,7113.46455333193
349.309847148993,81.9003476149049,7113.4648194413
358.73721340657,110.426674748698,7113.46527572255
4.69832283916189,208.783240696064,7113.46556423817
9.28739249802025,798.324684136986,7113.46578634755
16.8265091576109,1262.7383583208,7113.46615123818
30.797102716697,68.5364542896139,7113.46682741005
42.9059190265862,884.773532217054,7113.46741347255
61.4471808172018,1766.82679597917,7113.46831086318
177.025554739619,167.094060810058,7113.4739048163
188.355052440288,642.227215852387,7113.47445316005
197.584522090896,68.878285020002,7113.47489986317
202.504172635367,1467.94787436733,7113.47513797255
219.187208252944,1091.63744710372,7113.47594542568
235.958377245983,149.905379775994,7113.47675714443
261.807284475365,2157.7908349002,7113.47800822255
341.332326111506,24.2555159984947,7113.48185720693
350.120806087031,92.3081958092986,7113.4822825663
354.643049278369,804.327215941925,7113.4825014413
5.83179185410012,144.285111636222,7113.48304297255
15.9981225645847,315.684589580201,7113.48353501942
20.6456249717293,1134.31464221492,7113.48375995693
35.5914967724569,2000.47578502449,7113.48448333193
57.7481641570651,819.874834689927,7113.48555570693
69.7585164352933,62.7024335231319,7113.4861370038
176.139381106599,50.2237071375866,7113.49128580068
181.650461511747,126.89428674495,7113.49155253505
191.859083353092,836.571589779567,7113.4920466288
200.842554379807,157.126464617185,7113.49248142568
206.291650847762,934.993971135611,7113.49274516005
219.688247580184,982.651182646066,7113.49339355068
239.642226098618,1551.57808823247,7113.4943593163
357.203133585833,59.7879940000823,7113.50007958193
0.500871670834471,87.5014921630779,7113.5002391913
3.61943741155055,330.342891929902,7113.5003901288
16.0188033612609,324.836768594849,7113.5009902538
19.7781924337437,348.715195608307,7113.50117220693
26.6425883123577,1674.5800301976,7113.5015044413
55.947098875171,1677.44995671626,7113.50292276943
73.5150194738587,972.812164157233,7113.50377305068
173.79724786602,161.490279482202,7113.50862667568
176.786357644061,178.826314867209,7113.50877134755
186.876822684996,900.267527192966,7113.50925972255
201.054352203413,1246.44428112219,7113.50994591005
209.727903656913,868.311145207912,7113.51036570693
230.259107393145,1846.69313174624,7113.51135941005
273.219772322022,1101.50688570343,7113.5134386913
344.255600139466,71.2910980249504,7113.51687680068
347.597243419357,27.0914124467225,7113.51703853505
354.308616504702,170.213426686772,7113.51736336317
1.18076039425674,380.855541548542,7113.51769597255
9.29419675344935,1202.24752375719,7113.51808866005
21.1405499115001,189.240068060315,7113.51866201943
34.837058396294,161.606575344031,7113.51932492568
38.2226070214029,1645.60576276784,7113.51948878505
66.4691941305672,2238.74940807889,7113.52085591005
175.605437624352,57.3007405413328,7113.5261380663
179.598880562917,830.802093787497,7113.52633134755
188.54780843213,761.711083097083,7113.52676447255
201.211251672872,839.441516298223,7113.5273773788
213.294564140036,1812.51658126769,7113.52796220692
229.580192479646,1512.33103817816,7113.52875042568
249.231999435805,783.884512856048,7113.5297015663
350.805559476987,90.0413632543007,7113.5346176913
357.727419597822,198.448243948768,7113.53495270693
7.07246344116461,147.632045477408,7113.5354050038
10.4389648554863,933.062849206578,7113.5355679413
19.486679704463,618.379625283438,7113.53600584755
35.6386551466157,161.140850662989,7113.53678759755
38.7649689734376,1495.54024719833,7113.53693891005
66.5792828117764,2139.8833816022,7113.53828511317
171.841903702005,43.6701508288451,7113.54341576943
175.405656015004,405.142613901788,7113.5435882538
183.012244775242,143.50165500332,7113.54395641005
192.398611205796,871.766492327453,7113.54441070693
201.422436388824,1462.20247021489,7113.54484745693
218.345336796129,854.350257206704,7113.54566651943
232.867974640809,1746.28955740275,7113.54636941005
353.137110607296,44.5223302669717,7113.55219039443
358.851575707703,73.6248700894393,7113.55246697255
2.5112094071042,133.461450224637,7113.55264409755
12.9758377683505,495.893326402097,7113.55315058193
19.9654928627705,897.592111748224,7113.5534888788
35.1108753720784,1668.82530017176,7113.55422191005
53.2389110274904,1318.63853169989,7113.55509930068
79.8852154580652,79.0401008532449,7113.55638897255
176.054229972057,42.2209038564159,7113.56104351942
181.261524600571,209.142897444892,7113.56129555067
186.842982586979,168.103045372625,7113.5615656913
197.366689367222,1340.34605636657,7113.56207503505
211.651399359141,36.9080113693521,7113.56276641005
219.82520547875,1345.71809251582,7113.56316201943
234.346552019593,1904.39619629501,7113.56386484755
357.321027629176,83.6032423845445,7113.56981676943
359.973099852084,228.71057825391,7113.5699451288
7.34886306220732,26.2996100591772,7113.57030211318
12.7288733279046,1129.00155890827,7113.5705625038
26.509318328544,1007.42536535137,7113.57122947255
42.9366702991575,933.062849206578,7113.57202455068
62.8299562218192,1967.74840865999,7113.5729873788
169.654393326214,35.5465760992768,7113.57815764443
174.612460939702,169.105979219708,7113.57839761318
184.751673743435,507.577146979798,7113.57888834755
193.979206419494,1364.35418518488,7113.57933495692
214.125593381443,967.855129374584,7113.58031003505
221.5158840698,1404.31188899726,7113.58066772255
249.51034848771,1469.58523128404,7113.5820377538
342.390018598351,63.2989008431117,7113.58653309755
350.174811084061,31.3512167615659,7113.5869098788
351.898415928743,66.6602884002998,7113.58699330068
0.353409462875041,973.430003270437,7113.58740251942
13.0120102484552,184.616391618597,7113.5880151913
20.4513714973817,1090.53543972948,7113.5883752538
33.9341645931349,1805.86989806386,7113.5890278163
56.6790334848677,1252.21943925169,7113.59012866005
176.922342810858,31.8528640963489,7113.59594839443
181.067517201272,182.466652898228,7113.59614901943
193.897865005222,789.99679020697,7113.5967700038
200.247988109296,567.157321107459,7113.59707734755
210.955386816048,1322.28117344368,7113.59759558193
227.194850000535,119.418752664302,7113.5983815663
235.500049094951,1334.95225984603,7113.59878353505
259.079763901158,1998.06993173013,7113.59992478505
345.047904547163,33.6806312006832,7113.60408561318
346.34052746244,128.950572442221,7113.60414817568
351.437090428546,139.248806929615,7113.60439484755
2.34981080510574,1133.25393513719,7113.60492301943
16.2406647079631,197.499197551743,7113.60559533193
23.253886520229,1351.06892340531,7113.60593476942
35.5034579926395,157.126464617185,7113.60652764443
46.0907628492682,2678.89710414693,7113.6070400663
180.73564766375,219.316662053437,7113.61355683193
189.425986442968,157.245994003574,7113.6139774413
197.028055470651,1138.54703442939,7113.6143453788
209.045832886882,106.793782150838,7113.61492703505
216.45517071086,1145.91647282225,7113.61528564443
228.725726293441,1369.63207442165,7113.61587953505
245.75677579306,494.071339396385,7113.61670383193
342.974674333175,26.521927015688,7113.62140914443
2.25569796405206,222.548340866879,7113.62236601943
7.09980559916352,245.968551082498,7113.62260047255
12.3984619191083,995.417415161626,7113.62285692568
26.6499201325272,148.899295671079,7113.6235466913
32.0079777444063,1205.24434876756,7113.62380601943
56.4777428222416,1664.49642957645,7113.62499034755
179.257550178405,371.667335796744,7113.63093284755
190.207396395309,590.528181909633,7113.6314628163
199.917564281767,1109.66424937686,7113.63193278505
212.333394646676,1160.51468435074,7113.63253370693
228.239048629581,1157.4019520566,7113.63330353505
248.419333040741,2355.99584286206,7113.6342802538
342.486705365477,34.9132528443263,7113.63883308193
351.901481156953,84.1632180614837,7113.6392887538
0.585040431296306,296.280472378285,7113.63970903505
1.64102679764918,261.949156810104,7113.63976014443
10.1651066092044,900.935104297673,7113.64017270693
20.994536103046,1595.14246256265,7113.64069684755
39.8941424319026,35.8426656410504,7113.64161158193
42.0232253632649,235.190922293071,7113.6417146288
47.921705263119,1845.39039604914,7113.64200011318
182.452307226286,101.099982552366,7113.64851134755
188.428912643176,717.822412621416,7113.64880061318
202.332357012136,959.118673371506,7113.64947353505
209.681325038114,305.767855479644,7113.64982922255
222.794151673172,1573.89312693823,7113.6504638788
265.983382267096,1670.26592556851,7113.65255422255
344.231942642969,88.7805037819156,7113.65634142567
352.959730060303,140.725223141125,7113.65676384755
3.13058042817692,969.71697338688,7113.65725611317
11.133930795672,1212.20822268953,7113.65764347255
21.025207925799,76.5033869587484,7113.65812220693
29.8553333614736,1228.9562700829,7113.65854958193
48.3407450114786,1948.09501863347,7113.65944426943
68.1475117354535,267.766253614354,7113.66040291005
178.571117105035,58.0338277433867,7113.66579726943
187.087448905649,504.0109996024,7113.66620945693
196.733373045012,669.275246334422,7113.6666763163
205.673261599446,419.003887142111,7113.6671090038
216.436510409226,1593.63400253909,7113.6676299413
239.601384903455,1700.23461976143,7113.66875111317
352.355616674073,138.233133273324,7113.6742083788
358.44682774005,107.757101852624,7113.6745031913
5.1378623859357,994.208604332414,7113.67482703505
15.9085363337188,143.893924553495,7113.67534833193
23.6800926826167,1225.03618360525,7113.67572447255
41.6186254127094,2032.67624954151,7113.6765926913
61.5115885375986,176.393191719804,7113.6775555038
73.2213833175793,20.8586290600943,7113.6781222538
81.7348096751631,210.396880473418,7113.67853430068
175.160067401878,40.9214849506068,7113.68305605068
184.245230776223,162.302657424895,7113.68349576943
193.595439985248,601.123761878597,7113.6839483163
198.712018555458,308.703312912328,7113.68419595693
210.561600029478,1077.78019842186,7113.68476947255
228.587620501905,1695.98579624619,7113.68564192568
255.267822419272,1620.57045560715,7113.68693323818
346.610485092354,45.5393674159144,7113.6913541913
352.661342077184,265.935579113474,7113.69164705067
358.831970114365,119.024762268438,7113.69194570693
6.45340911302521,1290.05928162229,7113.69231458193
18.0134094908714,288.04886254008,7113.69287408193
27.3135795956775,1381.86895259906,7113.69332420693
37.5196187917642,834.412650085881,7113.69381817568
57.9843189709971,122.141116665198,7113.69480866005
65.2764684630475,2479.3453956562,7113.69516159755
170.340820553127,79.0401008532449,7113.70024667567
180.51393080607,327.60139045962,7113.70073905068
184.063801386711,283.578660553729,7113.70091086318
195.76100570059,1467.94787436733,7113.7014770038
212.511190545876,845.152059447685,7113.70228770692
219.017564759187,1276.94277374246,7113.70260261318
243.001143512882,1501.15808672524,7113.70376341005
349.589360592671,30.2454727929558,7113.70894698818
358.08373977705,93.8223804203275,7113.70935811318
1.37728100243539,887.487583423052,7113.70951751943
19.9950541708938,373.684000409824,7113.71041861318
24.9224526887231,1197.23597702404,7113.71065709755
43.5550761331868,1504.35874868293,7113.71155891005
70.8431724391764,1483.43037853493,7113.71287964443
170.066186111433,116.148569928587,7113.7176820038
177.533956683698,104.301581260735,7113.7180434413
181.435715057895,944.590516915866,7113.71823228505
192.930826055518,602.123073623062,7113.71878864443
199.08402109627,753.776374651238,7113.71908645693
210.805115038514,1298.42125939916,7113.7196537538
232.121448420358,1583.0348143453,7113.72068545693
253.306711587587,882.05115433837,7113.7217108163
341.258014711915,36.2336896597704,7113.7259676288
353.179910779326,107.58258867094,7113.72654464443
357.068110143773,121.833071409228,7113.72673283192
4.35412580165892,396.517596534807,7113.72708547255
11.8280302080881,952.829259937005,7113.72744720693
25.0264075357676,1191.19436536863,7113.7280860038
40.7699994106264,1485.86021264663,7113.72884798818
59.3625916092981,37.0350590472857,7113.72974786318
63.9067874544549,251.707071852181,7113.72996780067
85.6521657535731,261.518445787701,7113.73102026943
178.194798309081,78.1435818830722,7113.73549930068
181.650401680095,103.669177409227,7113.73566655068
185.432066204168,147.759263158243,7113.73584958193
196.699902765418,689.191925751231,7113.7363949413
206.903682151601,1258.92340996359,7113.73688880067
219.845084490897,785.417009208089,7113.73751516005
236.329255070604,2129.74438085212,7113.73831298818
351.437907121662,24.9241009775414,7113.74388420693
358.000454235773,195.29883266145,7113.74420183193
3.33494505464104,120.046445006849,7113.74446001943
13.9648638399025,1123.66349558357,7113.7449745038
26.4347556087697,1245.47916424689,7113.74561095692
40.2578146132074,920.738263410215,7113.74627998818
62.0028700769704,978.973124787785,7113.7473324413
80.0182370202612,169.105979219708,7113.7482043788
179.278053659924,68.8441803564643,7113.75300851942
185.469665807275,132.684876974487,7113.7533081913
188.844560903247,529.321586562048,7113.75347153505
199.039300974653,729.042382019429,7113.75396495693
209.078112697011,1073.86810554999,7113.75445083192
228.041962772963,1018.70167856788,7113.75536867568
243.781680661143,1429.76974704112,7113.75613047255
350.367221406711,27.0914124467225,7113.76128917568
354.103043686183,132.117247697572,7113.76146998818
358.669837855868,205.335040637245,7113.76169101943
7.98873222335808,352.146700688394,7113.76214205067
13.775511954739,1113.99045543692,7113.7624221288
22.5136299531071,352.360030042576,7113.76284505068
30.0989116926544,1257.01171693748,7113.76321217568
46.0859195837297,57.4235728412198,7113.7639859413
46.3154537924236,247.339704273486,7113.76399705068
61.9102196960481,2020.80996380971,7113.76475183193
169.158859187391,62.7024335231319,7113.7699426288
180.714662743203,866.231419927033,7113.77050192568
190.455822560675,85.9852605783473,7113.77097339442
192.715975706653,207.700523446874,7113.77108278505
208.16256127217,1372.26352503461,7113.77183039442
218.053838477463,94.7192602129832,7113.7723091288
221.908140430283,1616.11235505177,7113.77249567568
259.155308727236,1357.28484007558,7113.77429842568
356.038752432641,81.4978917684783,7113.77898755068
358.932303659635,108.278927490879,7113.77912759755
4.32619569527235,322.514820405573,7113.77938866005
13.6008619949366,853.646264786789,7113.77983755068
25.5204982524444,1291.92223585761,7113.78041445693
43.2223944711957,2087.5443595969,7113.78127122255
65.893334630344,402.537170263173,7113.78236848818
176.885476044477,49.70665198889,7113.78776497255
181.995275147396,132.472297020847,7113.78801228505
186.878445522234,140.05605009082,7113.7882486288
196.565369451036,835.852553837668,7113.78871747255
208.961184174258,1085.00808337908,7113.78931742568
217.714475321569,918.777165459517,7113.78974108192
230.484776275622,180.395448579063,7113.79035916005
234.322613738079,1774.9751668461,7113.79054491005
359.148535978242,212.882655947766,7113.7965864413
3.01994809213579,77.7820863273604,7113.7967738163
6.13463988375564,152.883927739822,7113.7969245663
16.9756913752167,1354.62430161937,7113.79744926942
29.1716725920854,1069.9416908011,7113.79803955068
36.5283886665868,214.114725949344,7113.79839561318
53.9342470820624,1392.27218642901,7113.79923805067
178.537091820635,32.7973967428896,7113.80526878505
184.096274280287,721.998294483939,7113.80553784755
195.460315100877,272.358052777477,7113.80608786317
206.196768764095,1000.23789251225,7113.8066075038
219.387075283061,1301.19670593842,7113.80724591005
231.051027856023,407.731431950609,7113.8078104413
251.809828788818,1801.87020859535,7113.80881516005
345.619903327399,69.6918356357656,7113.81335553505
353.458608866424,182.466652898228,7113.81373492568
0.902167012549224,297.293412110378,7113.8140951913
4.69061104149759,253.788573489899,7113.81427855068
11.1546941239479,1278.82493483611,7113.81459141005
22.1439259159332,48.4141060574927,7113.81512328505
29.5920036818653,961.622892425851,7113.81548376943
42.8471995810556,1555.44843671862,7113.8161253163
68.7613190635983,256.8791568347,7113.81737955068
87.2037939871979,47.2851896526905,7113.81827216005
169.627552178433,29.7956277706124,7113.8222614413
181.55170809333,81.0354838787219,7113.8228385663
186.206312803122,154.959087228512,7113.82306384755
189.389445163872,211.288014861921,7113.82321791005
200.010324634355,515.219145125201,7113.82373195693
212.541406394226,1389.67870544349,7113.82433845693
231.812270487615,1333.14947969865,7113.82527116005
252.331852226228,538.890099210931,7113.82626430067
339.428263234965,29.2386531652866,7113.83049678505
356.226550172339,79.9265584272568,7113.8313098163
358.97450378165,238.365022164899,7113.8314428163
8.654971040932,508.169062385377,7113.83191134755
18.4161465000913,394.236587819563,7113.83238378505
26.8365969894688,1054.0898154332,7113.83279133193
33.780732599477,1463.02447934232,7113.83312742568
74.0082941950487,328.288923823195,7113.83507442567
176.265937167342,58.0742849642935,7113.84002366005
185.212282391296,98.5591469548908,7113.84045666005
191.48750825672,149.779993963151,7113.8407603788
201.002685054404,764.075414050325,7113.84122091005
206.992203772751,862.753923858151,7113.84151080068
223.946741856945,74.260125826342,7113.84233139443
229.089469903008,1539.90908913215,7113.84258030068
359.43131500348,43.4815065897265,7113.84888880067
2.0372221840147,83.2090160662879,7113.84901492568
6.73960615053915,283.313483784298,7113.84924251943
16.0510754176095,1245.47916424689,7113.8496931913
28.4446303309275,328.974986141262,7113.85029303505
32.9252280996986,246.426434813429,7113.85050989443
47.7255022451605,1415.39968634419,7113.85122622255
61.200224532201,594.081006610736,7113.85187839443
87.095942549832,2758.51186337661,7113.85313173818
162.156205236856,73.1126964526041,7113.8567646288
174.88066383356,878.636274848077,7113.85738048817
185.573535062079,223.895083029113,7113.85789801943
188.34085867995,1008.61818896902,7113.85803195693
202.32759396921,2069.02917021523,7113.85870891005
223.220693319841,767.608310248136,7113.8597201288
231.457129047354,1532.86505710781,7113.86011876943
349.109058671043,24.036665019489,7113.86581308193
354.835468604424,54.0960609640706,7113.86609023818
358.662652612909,87.8229919343276,7113.86627547255
12.2271224146046,301.311087191891,7113.86693198818
16.7877827501249,1057.50663781379,7113.86715272255
29.6113510867827,142.582196049901,7113.8677733788
39.3999673632145,1561.62083264633,7113.86824714443
74.1389291809092,2064.37444916219,7113.8699523163
168.799345543098,105.019680451957,7113.87453384755
181.267152024355,54.5284928321621,7113.87513728505
183.736823662174,1010.99983940145,7113.8752568163
197.452056484818,1172.88290191198,7113.8759206288
213.334789345423,451.800319378748,7113.87668934755
220.819347243406,1851.89508172812,7113.87705159755
240.678090046147,2264.38467976209,7113.8780127538
355.382878149717,108.798248188435,7113.88356442568
359.644272365993,328.288923823195,7113.88377067567
5.79133361016322,323.909982169468,7113.8840681913
15.05986603808,1413.69960182658,7113.88451678505
24.9792296561898,70.9608899418512,7113.8849968788
38.0581587668729,1735.2369541257,7113.88562989442
56.7708448156686,1067.69160179709,7113.88653558193
178.732916456014,118.86680528761,7113.8924385038
186.334339812987,175.538986124657,7113.89280641005
190.071776306817,247.035669698192,7113.89298730068
201.438399735082,883.413397989585,7113.8935374413
212.900581751978,1400.02387460925,7113.89409220693
231.047018872302,1167.74534486552,7113.89497048817
254.837220751582,871.076544228799,7113.89612192568
338.816065047514,30.9933329001311,7113.90018647255
356.728125503983,211.288014861921,7113.90105341005
1.42405280098732,354.062279495082,7113.9012806913
8.79465068301137,134.861927181262,7113.90163742568
14.5765879216479,1148.01324002656,7113.90191726943
28.4929455544818,870.385985507482,7113.9025908163
38.1059407506997,1219.13235062721,7113.90305608193
62.6405952463411,81.0934236428196,7113.90424355068
76.032026613081,201.268585131587,7113.9048916913
177.566335620535,56.7654014071994,7113.90982139443
186.198564486822,181.330409021463,7113.9102391913
193.349958816351,109.658331026719,7113.9105853163
198.642481302131,281.71734389737,7113.91084147255
207.576881768276,1087.22242320169,7113.91127389443
216.274322812559,767.216568053897,7113.91169484755
235.615887322564,1359.05564579986,7113.91263097255
358.166806140745,43.8847465311643,7113.91856239442
2.86337914604221,153.129522950657,7113.91878970693
15.2210996356024,325.760918240547,7113.9193878163
20.7760852732207,358.701762737113,7113.91965667568
29.2885431247392,1573.89312693823,7113.92006867568
47.8478835073286,52.6884473550648,7113.9209669413
52.2397022299273,548.291634316911,7113.9211795038
77.7276822758094,2887.99317793575,7113.92241311318
165.774543913603,164.144461911597,7113.92667455068
175.944748685932,67.5701300467679,7113.92716678505
180.620014670539,1156.36256126095,7113.9273930663
189.314873107146,335.534766637835,7113.92781389443
200.369639987648,740.904115836827,7113.9283489413
212.724132123657,1485.86021264663,7113.92894689443
229.777779910222,893.564000570279,7113.92977228505
255.015887270367,3095.39638365663,7113.93099380068
343.14926814443,79.1588669613041,7113.93525942568
347.140128400155,119.024762268438,7113.93545258193
357.067885662333,1140.65756839921,7113.93593308193
7.92023631605785,255.706206209183,7113.93645833193
15.5920372918742,1050.66177980007,7113.93682964443
29.6875672314113,1100.96098904222,7113.93751186318
43.1658406697754,3023.07157085124,7113.93816420693
76.3165823766959,73.9431779694932,7113.9397686913
178.137432345609,51.150424174029,7113.94469678505
182.240638515682,247.491582783255,7113.9448953788
194.344612332827,956.607904001316,7113.94548120693
202.329884033183,1016.92954057597,7113.9458676913
219.657294058685,1509.14714058814,7113.94670633192
240.993643082216,2155.56039684373,7113.9477390038
269.430701660348,1332.24709042423,7113.94911534755
340.778074234815,33.347755112878,7113.95258666005
345.286112820859,92.3081958092986,7113.95280484755
348.685220380553,148.773049435391,7113.95296936318
359.729010971728,875.208128192639,7113.9535038788
9.06598400635751,1153.23861571426,7113.95395578505
23.2770881386293,1480.99654762035,7113.95464359755
38.5225488563738,52.9108527824729,7113.95538147255
49.9676207121955,1780.38672693503,7113.95593541005
181.167555684799,78.6827131227241,7113.9622854413
188.415154198503,794.550092386714,7113.96263622255
200.866496189397,662.503329973418,7113.96323886317
211.584548387704,149.779993963151,7113.96375761318
219.683780141601,1546.92114673338,7113.96414961318
240.110708847363,1198.2399517052,7113.96513826943
346.107079542158,28.0915880834787,7113.97026845693
357.244814507605,81.3825326573259,7113.97080751943
3.11940470392754,298.050861768928,7113.97109184755
12.3479059236351,87.4477851242617,7113.9715385038
16.489206289787,965.989732648609,7113.9717389413
27.8164441805536,1758.6406775294,7113.97228717568
45.6632923838604,714.46421001653,7113.97315095693
60.5746210270851,252.452420079763,7113.97387266005
93.6604733161994,328.288923823195,7113.9754740038
176.286647809376,62.5899609918434,7113.97947308193
184.727759573568,125.404867046264,7113.9798816288
188.642431249223,642.695063834964,7113.98007109755
199.090272322333,446.445436175225,7113.98057676943
211.373095535661,890.868490088792,7113.9811712538
228.976204924979,1560.07995411045,7113.98202323818
258.082173247694,853.646264786789,7113.98343195693
337.2908386411,31.667998084961,7113.9872656288
354.073952467114,220.683124552146,7113.98807792568
0.0324792168644805,236.30669643282,7113.9883663163
8.06779005902126,195.202604080791,7113.98875522255
11.5124170655441,1010.99983940145,7113.9889219413
22.3499174056814,1115.06937017225,7113.98944647255
38.9525676211539,65.3077314449746,7113.99025003505
42.5366584487777,1379.25593168831,7113.9904235038
57.9415986293106,2171.12416933674,7113.99116909755
176.239071231423,49.753881570247,7113.99692722255
181.31594142878,250.959503178549,7113.9971729413
185.086306790589,675.08931778093,7113.99735542568
201.019401590767,1569.3022437091,7113.99812658193
215.484252357871,1130.06615176658,7113.99882667568
233.692350580033,2253.73875117896,7113.9997079413
357.597230579972,107.057362974672,7114.00570489443
2.53205427338703,102.85036017299,7114.00594373818
6.2307507500975,179.873935191033,7114.0061227538
11.1523382691172,288.309653928565,7114.00636095693
17.8688766825623,844.440350977749,7114.00668603505
32.1971691467619,1740.77197101496,7114.00737951943
55.9014974229001,1539.90908913215,7114.00852680068
173.598946493418,25.643993872837,7114.0142233163
184.643059919949,147.632045477408,7114.01475784755
189.107838869066,1059.77837616678,7114.0149739413
206.076904431493,754.57357029407,7114.01579523818
211.446906838764,1232.86392206268,7114.01605514443
228.907646888785,1898.07125572372,7114.01690023818
359.272090351368,39.0116342008362,7114.02320983193
2.47201000025411,101.285653475447,7114.02336470693
8.11028655817292,429.631191734003,7114.02363759755
19.1966910779813,1423.87024393287,7114.02417417568
31.1744371732548,178.510817239186,7114.02475389442
34.0899410916496,993.603754828598,7114.0248950038
52.7800288159168,899.599394976747,7114.02579959755
90.7735867789455,2791.44529713449,7114.02763847255
162.074460393486,84.8303025047237,7114.03108941005
169.961590935119,723.246351697071,7114.03147114443
183.672626898146,780.810416323163,7114.0321347538
198.605056040451,1428.08653791349,7114.03287448818
212.352572135529,73.3051813694985,7114.03353986318
217.356482031201,1165.6839937757,7114.03378205068
231.314162326413,2618.97503683883,7114.03445759755
349.312168820013,77.6007036407123,7114.04016866005
358.08224725546,149.905379775994,7114.0405931288
5.27076742533287,124.728824490994,7114.04094105068
12.0673683679445,1327.72648431256,7114.0412700038
23.8372101481524,36.8443227316551,7114.04183966005
27.9171722854047,1180.03773419417,7114.0420371288
51.2434632545525,1156.36256126095,7114.04316611318
53.0668235098986,26.2549201129891,7114.04325436318
70.8226328195471,261.949156810104,7114.04411373818
80.7449018806877,169.549832507165,7114.04459397255
172.579561876719,62.5148682820154,7114.04903873817
179.149211368643,113.033221671444,7114.04935670693
182.675837916464,138.504693825148,7114.04952739443
193.366772132852,852.236448078969,7114.05004483193
208.306510136998,995.417415161626,7114.05076791005
220.631624443603,21.2766783358465,7114.0513644413
223.149075375738,1118.2998971293,7114.05148628505
250.714485109571,1374.88986862166,7114.0528204413
350.994130894056,118.470969145967,7114.0576739413
355.468917664018,67.4657760213471,7114.05789051943
2.64226464736455,144.415271408072,7114.05823770693
10.3863801414072,279.036821426715,7114.05861251942
13.6256854781229,1244.51338123777,7114.05876930068
34.6301622746203,1469.58523128404,7114.05978591005
49.5792623913165,97.0704627789587,7114.0605094413
54.919886969184,313.534642693014,7114.06076792568
76.3595424795379,168.326436122967,7114.06180559755
82.4539819366485,2136.50896974116,7114.0621005663
168.463768005221,39.6683415282428,7114.06626341005
172.20733825805,695.704105435624,7114.06644459755
185.575202831779,446.78200028514,7114.06709159755
195.375763941185,173.817960025247,7114.0675659413
198.749690568675,1464.66749839647,7114.06772923818
219.821639390654,1429.76974704112,7114.06874911318
243.147284726674,1728.29317524048,7114.0698780663
351.306332843235,30.8223620237857,7114.07505770693
359.223163936878,321.113607926193,7114.0754408788
11.8827331909409,1189.17364844151,7114.07605359755
19.26107900874,404.771466344656,7114.07641070692
25.3719829562141,270.141464753237,7114.07670647255
39.3551670565677,2033.85908115195,7114.0773832538
61.7381402587358,97.985564107006,7114.07846658192
97.9919517596567,2004.07912487321,7114.0802212538
171.929401650391,676.423916878832,7114.08379980068
179.348424459857,51.8345887046134,7114.0841588788
186.959855637674,925.298004883501,7114.08452726942
201.649720956083,246.578896190286,7114.0852382538
207.320280824019,1633.87237073209,7114.08551270693
225.848629313177,1651.44131702988,7114.08640947255
248.833685867575,1424.7145685431,7114.0875219413
348.690420568951,118.312262764597,7114.09235497255
351.854182958724,57.3417147098354,7114.09250809755
356.415488927372,61.7969286853537,7114.09272886318
8.80775253685226,1328.63176016684,7114.09332864443
19.9613062467874,214.465459280611,7114.09386847255
34.7874070327461,217.596496376871,7114.09458605067
41.6740784005334,1710.10750005252,7114.09491936317
58.9608115846985,2223.65903468358,7114.09575603505
174.266391661495,35.4141854730372,7114.10133678505
176.08587789258,331.024679889325,7114.10142484755
182.694912959586,883.413397989585,7114.10174472255
199.264957029686,192.683771715885,7114.10254670692
204.884509287338,1407.73281920303,7114.1028186913
224.822023315409,2483.22251650279,7114.10378366005
264.001023720213,350.649537184111,7114.10567991005
348.079623389227,68.878285020002,7114.10974928505
356.067477734841,124.653481980985,7114.11013589443
1.05524601308778,86.3124086092348,7114.11037730068
6.2848160931923,342.627454186228,7114.11063041005
12.6588288632151,24.6159446992689,7114.11093891005
16.8989160588006,1124.7331954678,7114.1111441288
24.4351272377777,954.090473292979,7114.1115088788
38.5994205817998,1194.21905697692,7114.11219442568
50.3902464721779,890.868490088792,7114.11276509755
177.483977314825,54.0960609640706,7114.11893198818
188.730506930549,150.280940469649,7114.1194763163
191.765458990775,692.672696978036,7114.11962320693
206.440151160241,819.874834689927,7114.12033345693
220.454972899901,1292.85260275225,7114.12101176943
239.94213502759,1532.86505710781,7114.1219549413
350.83362096778,32.9937362153476,7114.12732205068
354.123288206486,204.601696696116,7114.12748126943
7.60801827678764,1236.75925056688,7114.12813392567
22.009271005089,174.24980902625,7114.1288309413
27.2365812752903,1118.2998971293,7114.1290839413
46.0383692056134,2247.32699116714,7114.1299939413
63.170142509214,91.9002096644306,7114.13082311318
75.3922731643521,64.4752862211107,7114.13141466005
178.928657206817,53.5286814873359,7114.13642578505
182.450764097248,215.688480964538,7114.1365962538
190.154848383081,212.882655947766,7114.1369691288
200.684366124551,1371.38689293437,7114.1374787538
211.454717236979,177.13724931312,7114.13800003505
218.969621395265,1171.85716685952,7114.1383637538
231.897787635331,736.427363534631,7114.13898947255
249.546739269251,3150.84092150641,7114.13984367568
341.969277974635,49.612060987192,7114.14431689443
346.078940739063,155.080295827226,7114.14451580068
353.523144555899,123.213217406715,7114.14487609755
3.02121119250945,1112.91043047856,7114.14533580068
11.0891280672904,1108.03755060118,7114.14572628505
24.3349618915124,73.2410729287203,7114.1463673788
30.5030072082697,1545.36561325358,7114.14666591005
55.1432280382195,256.439924850582,7114.14785848818
59.6389989935164,2846.05095046686,7114.14807608193
171.257504591222,70.8946651384323,7114.1534783788
182.298389664201,245.509806928723,7114.1540127538
184.340630599105,804.327215941925,7114.15411159755
194.262253989535,950.934442300877,7114.15459180068
215.500784614533,1026.93142878252,7114.15561973818
232.291873108026,2626.31139058556,7114.15644608193
355.340600247966,81.2670139516136,7114.16240159755
1.85407680150675,124.954574465264,7114.16271684755
6.22039171896357,141.789330276865,7114.16292817568
10.2467636006738,27.5640985730741,7114.16312305068
12.7848758452056,886.809792266519,7114.16324589443
27.7798182440861,1608.65443188385,7114.16397164443
52.2040638750923,1645.60576276784,7114.16515376943
75.2155927782802,33.1180742552117,7114.16626751943
174.190025143804,41.1504233466253,7114.17105784755
180.046213912797,144.285111636222,7114.17134128505
190.952154822065,574.530145680541,7114.1718691288
200.488315729919,1364.35418518488,7114.17233067567
221.728783404631,160.556803963097,7114.17335870693
224.761152782015,1485.05074903937,7114.17350547255
238.654912165486,1539.12804723433,7114.17417792568
347.888328349511,20.8304606202914,7114.17946478505
353.785516870362,127.999971732962,7114.17975020693
4.99524351868013,335.982464072515,7114.1802927538
11.2478710971585,1072.1870058461,7114.1805953788
24.4882167203433,1291.92223585761,7114.18123620693
41.6916589466253,64.2563571795485,7114.18206884755
46.2716892531227,1505.95669268228,7114.18229051943
88.051431472779,2945.70945413852,7114.18431264443
165.196548985756,50.4569858117421,7114.1880464413
171.828828048001,163.80069522981,7114.1883674413
175.19371532313,955.979184702471,7114.18853030068
191.967144126072,294.499480357757,7114.1893421288
201.738004608302,1456.43441751275,7114.18981503505
214.277479974659,2519.75662557413,7114.1904219413
235.158957402836,72.6615712043355,7114.19143259755
259.017277015891,1854.49067213739,7114.19258733193
345.870166062792,95.9999787997212,7114.19680630068
353.868351102188,121.678750408805,7114.19719341005
0.112262163660635,1015.74637589863,7114.19749561318
9.0402059227032,97.3603697662639,7114.19792772255
15.7396341750744,1093.28857078594,7114.19825197255
29.4671346660474,113.28228632923,7114.1989163788
34.04103113838,1743.53298465491,7114.1991377538
46.8497491614497,368.417713003666,7114.1997576913
66.9412544888538,2600.54444645164,7114.20073011318
175.719799077525,948.401912559405,7114.20599495692
189.527362097664,872.455885314594,7114.20666323818
205.131490151422,1808.5315467431,7114.20741847255
229.910852004701,1636.81357356893,7114.20861778505
260.651968961281,2555.76848573469,7114.21010564443
345.421753864053,98.7495987758713,7114.21420847255
348.963876396171,118.629453482733,7114.21437991005
353.913550365591,177.13724931312,7114.21461947255
3.73800110336367,1198.2399517052,7114.21509497255
13.2883666540958,1247.40862084138,7114.21555720692
23.2752023352702,39.0417247142505,7114.2160405663
28.1612782283045,283.313483784298,7114.21627705067
41.6676381922341,268.886607424079,7114.2169307538
48.1255874405197,2852.80310485803,7114.2172433163
181.316110067033,106.35303748785,7114.2236896913
187.23073154673,122.525087298264,7114.22397595693
191.197702174088,219.316662053437,7114.22416795693
201.754015062121,1325.91382318026,7114.2246788788
218.620419770852,1332.24709042423,7114.22549520693
236.173490018369,91.2333264491139,7114.22634476942
239.738210912598,1119.37470403944,7114.22651730068
350.433091587239,27.5001202365566,7114.23187489443
359.346185070277,170.874453475633,7114.23230628505
4.6661483357466,237.258906965465,7114.23256376942
14.0705934710233,165.285146680461,7114.2330189413
17.4186934580159,1183.09084751189,7114.23318098818
34.7009069096266,338.434114066644,7114.2340174413
41.2699107308404,142.05410459045,7114.2343353788
51.9130656529143,1908.18094658596,7114.2348505038
177.323704669246,38.0670495125912,7114.24093826943
180.320239622873,196.162780463638,7114.24108330068
190.031053180042,328.288923823195,7114.24155330068
195.061758184693,1026.34578613703,7114.24179678505
208.754392682808,250.809734092527,7114.2424595038
212.674552521917,1239.6726978281,7114.24264923817
226.173810145617,1360.82412005578,7114.24330259755
243.178387296446,158.554919194032,7114.24412561318
278.225126574711,2570.78025533986,7114.24582186317
342.502124885432,97.7936204238361,7114.24893284755
350.97874827561,208.60316252147,7114.24934311318
357.094494640663,162.070967757444,7114.24963911318
0.442594627656012,1223.07142191858,7114.24980116005
17.4229593147639,1120.44840072656,7114.2506230038
28.2727273232308,86.5298180330321,7114.2511481288
38.1152567281426,2563.28536174522,7114.2516245038
62.8713745485997,1639.74966937985,7114.2528226913
180.975915920157,107.58258867094,7114.25853891005
183.126305872209,797.571231281324,7114.25864298818
198.789835180319,1001.4393758695,7114.25940109755
212.179329534928,224.062851605922,7114.26004914442
217.129649212641,1681.74563164314,7114.26028873818
246.703402394585,2347.81527552741,7114.26172009755
348.326032996338,79.2774595970158,7114.26663859755
356.696767216852,178.405554218664,7114.26704373818
6.86729474937097,346.119272132128,7114.26753598817
10.673494647686,1262.7383583208,7114.26772020693
23.9422495566263,1249.33519085602,7114.26836241005
41.278376099134,1344.824362981,7114.26920147255
49.1603412750847,96.0488980017438,7114.26958295693
74.5756839298029,2901.28654434341,7114.27081305068
161.948793292685,50.0832222916081,7114.2750418788
170.71984027178,131.76122692915,7114.27546639443
177.212655512924,185.934739826976,7114.27578064443
186.256819097829,853.646264786789,7114.2762183788
190.936604777408,1300.27222322582,7114.2764448788
203.764369936099,1002.63941593681,7114.27706573818
223.069454351636,2247.32699116714,7114.27800009755
242.433542467073,1746.28955740275,7114.27895259755
348.068017509886,29.3588937883005,7114.28406526943
356.743183102579,189.834842290182,7114.28448514443
3.15690424545608,213.411566196697,7114.2847955663
11.5715436984413,1214.1906369223,7114.28520283192
18.639001474542,1109.66424937686,7114.28554489442
40.0989954995209,1374.88986862166,7114.28658355068
57.3915396073304,105.37689471013,7114.2874205038
69.0493583461272,1971.41147850743,7114.28798473818
172.222878230544,50.8741798688206,7114.29297830068
179.215438730413,204.049957486241,7114.29331673817
187.407969187872,1100.96098904222,7114.2937132538
200.783581772541,794.550092386714,7114.2943606288
213.85153463148,264.376659453447,7114.29499311318
217.811080083254,1686.03031536207,7114.2951847538
234.283305829986,21.1382474024635,7114.2959820038
242.906818179268,1417.09799450496,7114.2963993788
351.08005109974,110.935947927882,7114.30163492568
357.389820047502,103.396957662483,7114.3019403163
3.10945051359058,81.2670139516136,7114.30221714443
9.56933677400686,1268.43935355225,7114.30252980068
23.5070014275313,943.316647017411,7114.3032043788
31.9726484908001,268.746802589703,7114.30361411318
47.9344754120886,184.921467027976,7114.30438666005
54.0689461149912,150.030668444323,7114.3046835663
54.9980592015105,2341.66108725731,7114.30472853505
177.935409008332,77.0539951289173,7114.31067866005
185.391557582977,864.842086834017,7114.31103953505
195.981122287092,359.53887089768,7114.3115520663
203.798843715946,516.384768278755,7114.3119304413
213.70303414753,1397.44482652304,7114.31240980068
234.978367702351,1226.99783666746,7114.31343951942
254.717662400845,2589.42289832476,7114.31439489443
346.301804078012,101.285653475447,7114.31882753505
349.67185668124,119.261309161622,7114.31899064443
355.697855569221,264.234495395144,7114.31928230068
4.05470790704724,1155.32217126457,7114.31968676943
12.2108959683371,952.198098147505,7114.32008267567
26.169867642552,78.2637149532306,7114.32075828505
32.6994858135188,2450.07236721051,7114.3210743163
61.6608249870342,228.052424167124,7114.32247603505
71.2008599191503,1073.30799803407,7114.32293776943
163.812578714498,49.0167420541532,7114.32742014443
175.745451071235,322.747772951715,7114.3279976913
187.839417067537,180.082726508601,7114.32858303505
191.132958255339,863.450533294952,7114.3287424413
210.468388968762,945.226785731279,7114.32967826943
222.026129536705,1242.57937272887,7114.33023766005
249.86401024322,227.557542253898,7114.3315850038
346.013331913298,22.7180513984182,7114.33623859755
0.373584852158828,83.2654431515145,7114.3369336288
4.49034995681712,145.452386246525,7114.3371328788
10.5770414029873,102.484354336241,7114.33742747255
17.1644466515302,306.504349678605,7114.33774630068
21.8400354714923,300.311692180699,7114.33797259755
31.9062880487058,1301.19670593842,7114.33845980068
45.597308370045,951.566492268796,7114.3391224413
67.82015651388,461.673282936559,7114.34019801943
177.885835891956,96.2443180707595,7114.34552516005
188.265559156126,126.0027499006,7114.34602753505
190.979938189165,715.725367861353,7114.34615891005
207.611643361103,784.651121854552,7114.3469638788
217.586857007076,1240.64236661781,7114.34744667567
244.650907267826,2341.66108725731,7114.3487565663
348.128212891294,23.9264892620827,7114.35376483193
349.794353493755,57.0542849076539,7114.35384547255
357.043243348879,338.211958439416,7114.3541963163
4.84579166637358,274.556738455445,7114.35457395693
11.1510409567459,249.156167919651,7114.3548791288
16.1565650291937,23.1532536199008,7114.35512139443
18.8102514288777,1236.75925056688,7114.35524983193
29.2639034632149,1960.40139677223,7114.35575578505
55.6245008218781,894.908702697705,7114.3570316288
70.1997604536179,1878.96920245123,7114.3577370663
173.390297305768,142.05410459045,7114.36276098818
179.440831455243,784.651121854552,7114.36305383193
185.53914486145,21.632454508258,7114.36334898818
193.328457004549,970.336810901529,7114.36372598818
205.514753198346,560.760549106476,7114.36431580068
216.098184068296,1761.37360252682,7114.36482803505
237.898443889211,1951.79516992994,7114.36588316005
352.013093473526,30.30365541834,7114.37140626943
356.287401028842,88.0900075106439,7114.37161314443
0.257600009751808,239.622877096224,7114.37180530068
11.4599015200673,980.200698386113,7114.37234748818
18.7536651513107,1518.67873832146,7114.3727005038
32.5179685345243,243.511877329183,7114.3733666913
43.6841128233094,64.2563571795485,7114.3739071288
52.9797632331436,1584.55337739838,7114.37435703505
84.8249686857472,239.936320811651,7114.37589833193
178.063306132401,83.6594057918028,7114.38041103505
181.944403194201,274.556738455445,7114.3805988788
195.960516275282,900.267527192966,7114.3812772538
205.686180183621,898.930818671317,7114.38174797255
216.548215785252,1280.70409832759,7114.3822736913
239.552319550437,1379.25593168831,7114.38338708193
357.745962765939,152.760970539845,7114.38910761318
1.55248546202635,53.8785509263118,7114.38929184755
6.8882675471496,178.72121838014,7114.38955009755
14.6937213076746,1121.52109821295,7114.3899278788
25.1967668506853,206.430164628735,7114.39043622255
36.7222240710287,83.0960369957445,7114.39099405068
40.409944258413,247.491582783255,7114.39117253505
49.7404606235224,2049.17371959823,7114.3916241288
181.358141388719,133.3205768006,7114.3979943788
185.921707204852,695.704105435624,7114.3982152538
198.678771946928,218.97371416113,7114.3988326913
209.625712683218,1313.15569529278,7114.39936251943
228.843632191776,1604.16302463773,7114.40029266005
265.571580887184,904.265773371549,7114.40209459755
336.851793189328,37.0033413632509,7114.40554453505
352.410078998484,223.895083029113,7114.40629755068
358.602013943607,228.217139630615,7114.40659723818
8.43937798283692,160.205335109076,7114.40707336318
11.258031971181,1048.37027947724,7114.40720978505
27.5991875784632,425.412149951399,7114.4080006913
38.2358858685998,83.4907906699378,7114.4085155038
41.3211998308163,1301.19670593842,7114.40866483192
68.6819335655525,2820.58598699564,7114.40998908193
171.93842145975,100.727606811013,7114.41498666005
177.745862428363,194.81720403558,7114.41526773818
181.640195664557,242.584202725382,7114.41545622255
193.650225107431,1325.00665994684,7114.4160375038
209.214644750752,1448.1543741951,7114.4167908163
224.219272135121,2174.44484640339,7114.41751703505
244.376958221751,931.127730474657,7114.41849266005
351.460630124434,135.418051772085,7114.42367547255
4.43657558364935,234.871150306404,7114.4243035038
8.4774749060097,258.337878866755,7114.42449908192
16.6315882568699,1351.95865613724,7114.42489373818
33.2067976926525,1040.88804242508,7114.42569597255
39.7645023140196,97.6494163307251,7114.42601336318
58.1191666599294,2247.32699116714,7114.42690172255
175.807899251024,82.0722309557986,7114.4325978163
185.614916992368,150.530768405766,7114.43307247255
188.553664868419,848.701664502016,7114.43321470693
197.204940832745,215.688480964538,7114.43363342568
210.651576631803,1314.98578692657,7114.43428423818
220.087982204159,1740.77197101496,7114.43474095693
251.306246170101,891.543117109705,7114.43625191005
338.084374558566,21.2904728569274,7114.4404519413
353.945800436063,159.146307243674,7114.4412196288
1.19662730331793,159.970606206095,7114.4415705663
8.16529821240263,114.928913608203,7114.44190784755
11.7219482227537,905.594599309723,7114.44207998818
26.5248050510567,241.808434386925,7114.4427964413
32.5834669211896,55.3408013859169,7114.44311408193
36.149156246319,1334.95225984603,7114.44328666005
62.4952261643321,2270.74847813924,7114.44456180068
174.19476279727,154.959087228512,7114.44996801943
180.606224130244,169.438962860369,7114.45027833193
188.029120926389,1078.8954174501,7114.45063759755
201.673976167772,364.108604378188,7114.4512980038
205.713907021649,1163.6190899722,7114.45149353505
224.739095288919,2302.30279285593,7114.45241434755
260.422783912272,126.077273621128,7114.45414142568
353.919710524085,54.3559364185597,7114.45866664443
358.200797546693,67.7436995388803,7114.45887384755
2.36082225069493,155.926077605173,7114.4590751913
11.1063654246484,222.717122522198,7114.45949847255
16.3598251707018,216.384243856282,7114.45975273818
19.9209948760248,50.2704509963703,7114.45992509755
24.9042434592994,1433.96872154256,7114.46016628505
41.5030196880931,1226.99783666746,7114.46096966005
51.7364997014525,922.043330575661,7114.46146495693
177.934138917577,79.9853031030473,7114.4675728788
183.534321204252,109.31511251755,7114.46784392568
190.956572292105,497.104302166207,7114.46820316005
196.083804353869,721.998294483939,7114.4684513163
208.492532453713,1042.61954625429,7114.46905189443
221.735460684574,80.8614009084607,7114.46969284755
229.843086082539,1417.09799450496,7114.4700852538
267.223907201784,2146.61599606814,7114.47189447255
345.429530851252,95.9020710067371,7114.47567959755
351.394191435167,78.8020274034018,7114.47596828505
353.782186367044,163.80069522981,7114.47608386318
2.06220452925521,1180.03773419417,7114.47648461318
14.4270272838801,975.281300163999,7114.4770830663
21.1742348305665,581.8095449861,7114.4774096288
40.9132066561218,2662.68851412121,7114.47836498818
70.0876155479676,60.1404967492947,7114.47977701943
78.3350275648067,1755.90342266219,7114.4801761913
170.237955733445,97.8896408376784,7114.48464567567
175.0410636167,134.722524802733,7114.48487814443
184.405154595664,103.215082314367,7114.48533136318
191.401911955149,1410.29299349782,7114.4856700038
203.673436043795,1444.82914521404,7114.4862639413
221.180341211355,453.792059484925,7114.48711126943
238.085163064268,2212.8170407143,7114.48792945693
351.470533068416,98.939675896581,7114.49341726942
2.05299546988334,871.766492327453,7114.49392945693
8.05768733717344,71.4227496589892,7114.49422008193
13.521311283361,29.8546881660755,7114.49448451943
19.8184897650204,307.727926474044,7114.49478930068
27.2042607959875,1485.05074903937,7114.49514676943
40.0097504655059,1270.33383812147,7114.49576655068
67.1577372796843,1256.05470469026,7114.4970805038
174.344392871417,155.080295827226,7114.50226830068
184.467141184786,289.610141424035,7114.50275823818
189.886214190209,1117.22409101844,7114.50302051943
211.314893411237,1019.29165108317,7114.50405766005
219.988767700092,1351.06892340531,7114.50447747255
239.501433632922,1926.99345369363,7114.5054218788
352.779300328213,140.991995856155,7114.51090448818
359.700191980566,69.2862503481884,7114.51123945693
2.6918844414482,162.186847285639,7114.5113842538
8.52063235558632,1153.23861571426,7114.51166636317
23.2521431341458,251.408310836254,7114.51237936318
27.4925532402518,1235.78669519731,7114.51258459755
43.221940472233,892.217244530258,7114.51334589443
56.0335640134989,3153.8927025565,7114.51396597255
169.315627530825,25.9851706124747,7114.51944878505
178.68165552192,852.941661744211,7114.51990209755
187.729370295731,210.039360903913,7114.5203400038
196.287993227206,688.755552591402,7114.52075423818
208.747406064396,1451.47205365959,7114.52135726943
228.681368978725,2410.48869753513,7114.5223220663
259.864444116454,124.049090444167,7114.5238313163
346.825597559381,30.0702483746473,7114.5280542538
353.893378208419,93.1188251507287,7114.52839633193
2.03974351075625,85.2170278786701,7114.52879061318
5.45466989010315,163.341229431069,7114.52895589443
11.146213868209,960.371560054796,7114.52923136318
21.6541018287986,49.753881570247,7114.5297399413
23.9478295510485,923.997489632455,7114.52985095693
40.2996386123021,835.852553837668,7114.5306423788
53.0844669694228,1526.57619878482,7114.53126116005
175.563071269377,64.9471032510007,7114.53718908193
181.681077519499,183.902615358278,7114.5374851913
188.890904597314,172.95102849868,7114.53783414443
196.85067253011,992.392723553337,7114.53821939443
209.090236106512,1194.21905697692,7114.53881178505
224.580726979666,519.576826008006,7114.53956151942
239.115632492676,1773.61958453304,7114.5402650038
349.175500871943,39.8750268915116,7114.54559186317
357.776737769634,241.497433162152,7114.54600816005
7.94016303708741,137.004352307457,7114.5465000663
10.3752915925691,244.589709597065,7114.54661792568
22.725586906544,156.287163766144,7114.54721567568
26.3193626820737,1563.16015686997,7114.54738961318
38.3297149603019,1803.20447462634,7114.54797091005
61.9430043803644,59.1958218554289,7114.54911378505
175.926260952291,31.4633839815226,7114.55463053505
187.08820838146,155.201407281425,7114.55517076943
190.81434563786,226.564572658461,7114.55535111317
202.387259354746,286.216633726966,7114.55591123818
211.498249369588,1160.51468435074,7114.55635220693
221.162897809217,1509.94383663061,7114.55681997255
254.370458050065,855.756632223148,7114.55842720692
339.5457210771,32.9581258118328,7114.56254966005
353.355543944726,170.43405575734,7114.56321805068
357.915881407308,136.729794153467,7114.56343876942
3.13544370415197,28.7117864206099,7114.56369139443
5.21093641755494,119.18251108245,7114.56379184755
12.5921877535501,1015.1542939596,7114.56414909755
26.3548770351535,1019.29165108317,7114.56481520693
34.2962434278731,733.154315035733,7114.5651995663
58.6975744501293,2463.77629409267,7114.56640605068
178.37495764542,822.802881383922,7114.57219839443
191.821270609123,381.447096131637,7114.5728491913
203.204681400689,1501.15808672524,7114.57340014443
217.961373111453,1380.99853774776,7114.57411436317
235.483451427956,980.813985584916,7114.57496242568
356.176144148263,89.727801577677,7114.58080391005
3.43149063532494,60.6460506813455,7114.5811550663
11.1730235216918,933.062849206578,7114.5815297538
29.9725516045291,1264.64161365192,7114.58243964443
43.0501894113744,1112.91043047856,7114.58307259755
64.2754838995601,27.6491728817829,7114.58409989443
70.0984208524713,261.230925779898,7114.58438172255
176.770803632081,39.9044616794519,7114.5895446288
190.826947996536,457.42115650782,7114.5902249413
200.003473062312,217.077786301978,7114.59066908192
207.625234971493,918.777165459517,7114.59103797255
221.87798448875,1301.19670593842,7114.59172780067
238.274667363705,124.50265818309,7114.59252139443
247.104469888859,2581.98218361372,7114.5929487538
341.299361239305,29.2988341921152,7114.5975077538
345.575282971396,123.821689013148,7114.59771470693
351.501849284068,84.1632180614837,7114.59800155068
2.09657927869907,226.398649827431,7114.59851433192
8.36212019621724,1605.66149265406,7114.59881758193
24.5202294725347,60.1404967492947,7114.5995996288
27.9393527114983,1276.00086052837,7114.59976511318
51.5565160806572,2618.97503683883,7114.60090817567
179.017400457821,158.317733922608,7114.60707723818
189.54233645059,72.01221563502,7114.60760048818
192.989868937726,736.835426007332,7114.60776734755
207.698135721047,1697.40332900403,7114.60847922255
231.186488835824,225.233776074418,7114.60961605068
240.324919630356,1527.36379099849,7114.61005834755
349.943152626247,24.806030493596,7114.61536383193
357.019326881771,147.37729092662,7114.6157063163
4.06128085272946,127.042265596344,7114.61604714443
7.25086984541651,914.184894451608,7114.61620151942
14.1594938670219,142.97697747967,7114.61653589443
22.4630787846614,57.7498431020285,7114.61693778505
32.5441817130453,1674.5800301976,7114.61742570693
56.4570600501248,949.669010097409,7114.61858308193
68.1426424039668,863.450533294952,7114.61914866005
165.635594637187,24.0244473620477,7114.62386728505
177.008351899617,109.056985664324,7114.62441772255
182.457448367572,20.0696004953871,7114.62468145693
185.821689971991,608.579020511257,7114.62484428505
197.17217178283,1099.32141167945,7114.62539364442
211.600219620111,699.582280994093,7114.62609195692
224.801825301342,1430.61051893767,7114.62673091005
250.293033663193,2308.56178617955,7114.62796467568
349.456968916453,88.3030454312816,7114.63276417567
354.294297084272,85.272136574055,7114.63299830068
1.51187217302779,967.233737547701,7114.6333476288
11.3782911311404,231.486885216015,7114.63382516005
15.9612269558341,1080.56585901295,7114.63404697255
28.622733184445,923.997489632455,7114.63465978505
39.2930060884363,169.217057033322,7114.63517622255
45.8697578454253,229.530630613262,7114.63549453505
59.5817623145173,104.12128798043,7114.6361581913
65.3546602007929,2392.4622283289,7114.63643759755
172.068042769843,32.6718409271454,7114.64160248818
174.13675597837,138.368969060387,7114.64170261318
186.34209930779,173.49337244621,7114.64229334755
191.665936635104,1285.39012766993,7114.64255101943
207.749471545709,109.658331026719,7114.64332945693
219.58743102211,1362.59026284336,7114.64390241005
235.280015286685,1962.85343534441,7114.64466192567
264.133205480633,1082.23385808515,7114.64605841005
343.304273854743,21.9557479835819,7114.64991651943
345.532143615539,94.520689886135,7114.65002434755
351.54070950709,268.886607424079,7114.65031516005
3.96525638900474,989.358817093944,7114.6509165038
9.97188530600836,737.243266435428,7114.65120722255
18.9534193205929,316.872722505579,7114.65164192568
28.6997444661643,58.6377335576316,7114.65211364443
38.1319532164861,1962.85343534441,7114.65257016005
66.3817686792016,1384.47708852851,7114.6539374413
176.4664951929,28.8342249382678,7114.6592655038
181.600829594895,758.150764390564,7114.6595140038
196.551543888367,1029.2706686954,7114.66023761318
212.684472270063,177.66679794029,7114.6610184413
217.680634154795,1501.9588905929,7114.6612602538
238.033634127972,1400.02387460925,7114.66224533193
349.203402039654,38.5879141140411,7114.66762591005
4.2041553997611,227.061605628798,7114.6683519413
9.65712585439462,241.341752138524,7114.66861586317
13.6938284298864,46.204956527518,7114.66881123818
18.0695054974767,1222.08776431876,7114.66902301943
37.5515023722309,926.596632755405,7114.6699659413
48.0016032176617,1620.57045560715,7114.67047172255
179.588937684972,53.6601492406863,7114.6768405038
184.991223364677,86.3668095374415,7114.67710197255
193.987930528205,359.747870382066,7114.67753741005
199.869945900112,1103.68814087991,7114.67782209755
209.238233738693,813.24796896709,7114.67827551943
229.445636094187,912.209696668498,7114.67925355068
248.188345605514,2008.87351198276,7114.6801606913
341.473816675773,27.7551506083773,7114.68467567568
354.432006303204,303.052055672381,7114.68530284755
3.34348557188342,259.354121512345,7114.68573416005
8.9275262035499,228.052424167124,7114.68600442568
14.221017232978,1258.92340996359,7114.6862606288
24.9755494881698,666.123545212116,7114.68678114442
33.9654772219879,1301.19670593842,7114.6872162538
50.2120427091227,68.5707116088174,7114.68800258192
56.7997708306034,132.401367647361,7114.68832142568
65.3409607656497,2640.92236967883,7114.6887348163
173.06068045388,54.5284928321621,7114.69397514442
180.394152570725,143.50165500332,7114.69433008193
183.585355740188,888.164819468074,7114.69448453505
201.291771691494,798.324684136986,7114.69534151943
212.915692981081,1501.15808672524,7114.69590411318
228.354207737886,854.350257206704,7114.69665133193
256.605314579605,2983.02915702209,7114.69801867568
342.114386808221,29.1582140377056,7114.70215728505
344.865891568856,131.97494486139,7114.70229045693
358.605013982283,283.578660553729,7114.70295542568
2.4744890840458,312.574327532289,7114.70314270693
8.15763941808356,1619.08586537862,7114.70341776943
22.0975639190939,57.7091603670699,7114.70409245693
31.1646486262996,126.968296987329,7114.70453130067
35.7585607403196,1676.01554856844,7114.70475364442
50.0571525773434,1134.31464221492,7114.7054456913
79.0469011117794,264.944594041694,7114.70684878505
174.095362601802,42.0816090307419,7114.71144909755
186.128313166976,295.264090954817,7114.71203148818
193.439509794648,216.210521708504,7114.71238534755
204.108168521864,886.809792266519,7114.71290170693
218.444854667714,1520.26158328766,7114.71359559755
239.273387473477,1426.40155242901,7114.7146036913
352.669088208989,133.109023803257,7114.7200920038
359.306532561751,108.192121928141,7114.7204132538
10.7783995641347,25.2517555476839,7114.72096848818
12.3760995598831,1113.99045543692,7114.7210458163
21.7970091855233,1185.12188951314,7114.72150178505
44.3536664933575,74.512715442232,7114.72259351943
49.5984097599876,162.765065314652,7114.72284736318
60.6990189226736,1764.10230867674,7114.7233846288
89.975442997504,3029.42915197946,7114.72480159755
164.297709700103,162.765065314652,7114.72839876943
175.579105271103,847.992898123096,7114.72894478505
190.195364692283,694.406587786744,7114.72965220693
195.96019169468,1567.7690257121,7114.72993122255
215.599692267635,1946.86000654087,7114.7309054413
240.69898147739,1859.67075072568,7114.73212023818
357.736237282747,187.644760840655,7114.73778480068
1.90110447949272,54.70050801204,7114.7379863788
8.31030596498048,461.347599012285,7114.73829658193
17.4774689182055,1305.80923851653,7114.73874026943
27.7322559146727,187.04300608352,7114.73923659755
37.2700309993029,50.2704509963703,7114.73969822255
43.3938482106515,1601.16175873526,7114.73999461318
76.5704165580688,401.789657100693,7114.74160034755
179.347174797646,48.6319179371364,7114.74657470693
182.759195658797,161.490279482202,7114.74673984755
186.592190628509,627.069285386028,7114.74692536318
200.627996515922,186.640758403911,7114.7476046913
207.080457600753,1011.59436383114,7114.74791698818
221.98468394133,1504.35874868293,7114.74863834755
240.342253843019,1174.93148543701,7114.74952684755
352.759125185566,41.3212866701151,7114.75496778505
357.345934996939,177.77251892781,7114.75518978505
2.79470862953817,102.300848348058,7114.7554535038
8.20248247269781,1013.96901985851,7114.75571523818
21.7550074790016,307.727926474044,7114.75637117568
26.3266441038483,821.340162548978,7114.7565924413
43.2301746153408,1665.94060768688,7114.7574105663
77.2906594002207,288.570223272444,7114.75905908193
92.3220819311521,294.244156817669,7114.75978659755
177.503478792352,59.7879940000823,7114.76390934755
181.877864518521,303.052055672381,7114.7641210663
192.045809480947,625.148655064578,7114.7646131913
199.282431667742,869.003313752614,7114.7649634413
215.713657625034,55.8056795219031,7114.76575870693
220.667528454071,1787.12800114056,7114.76599847255
240.848458460775,1037.41648604938,7114.76697522255
355.808642999651,129.096192069689,7114.7725515663
1.45628174528609,153.129522950657,7114.77282491005
11.280732445476,107.145084471405,7114.77330041005
13.5460509195534,1223.07142191858,7114.77341005068
26.1668801564968,30.1482519504681,7114.77402089443
28.1029090487988,1214.1906369223,7114.77411459755
41.1744130214793,404.399930209465,7114.7747472538
67.767772904805,2251.603570258,7114.77603436317
167.971875817513,71.6197795513906,7114.78088420693
178.887178876914,653.364917724275,7114.7814125038
187.676304523148,250.509890609152,7114.78183789443
201.418332417189,85.2170278786701,7114.7825030038
203.246212292341,1111.82951734179,7114.78259147255
214.282900580869,2024.37711038783,7114.78312564443
236.528024138712,914.84231301564,7114.78420230068
345.133853165365,28.1959004755361,7114.78945878505
359.148674867442,113.696177472811,7114.79013709755
5.0574853859127,93.6720562227933,7114.79042308193
8.20801160129054,332.384147982978,7114.7905755663
16.9060983538668,952.198098147505,7114.79099655068
27.9802352429281,388.475362989027,7114.79153253505
32.5796355204026,104.301581260735,7114.79175514443
44.0505340167213,952.198098147505,7114.79231033193
56.8134097576068,1601.16175873526,7114.79292805068
178.441672158788,33.1003419118403,7114.7988148163
182.623972389545,114.026212083562,7114.79901723818
191.232634387656,871.076544228799,7114.79943389443
202.769390807846,913.526920776064,7114.79999226943
215.36342493581,131.903737932149,7114.8006018163
223.326098311637,1754.5332964275,7114.80098720693
253.689823594355,997.227855847882,7114.80245680067
350.905785159922,99.6021251586932,7114.80716201942
357.909644897219,162.302657424895,7114.8075010038
4.56775056237795,61.8728956958137,7114.8078232538
10.9056059981223,1093.83835322774,7114.8081300038
17.6121365907236,396.138344349595,7114.80845459755
30.9809697081006,177.13724931312,7114.80910164443
38.3509218818316,1448.1543741951,7114.80945834755
58.0705237364099,1985.99692247114,7114.81041276943
174.222477893055,85.3822290647344,7114.8160556913
184.274202954453,461.998744816228,7114.8165421913
197.274683750328,1419.64140443207,7114.81717141005
209.392216502057,482.683504277048,7114.81775789443
225.032179017156,1560.07995411045,7114.81851486317
248.422390935627,2660.88151512633,7114.8196469413
344.743459736822,56.1413554533985,7114.82430884755
347.594074162245,175.538986124657,7114.8244468163
358.855776964495,281.71734389737,7114.8249918788
3.36026439921503,182.260595504857,7114.82520989443
10.5558867965699,1676.01554856844,7114.82555816005
29.1481561598864,1342.13906655134,7114.82645801942
50.4648123770855,1620.57045560715,7114.82748973818
77.1927935511853,184.616391618597,7114.82878336317
170.987372105468,30.7842397406777,7114.83332298818
178.752794620201,98.1771261510112,7114.83369883193
185.749874815041,458.405924330663,7114.83403748818
201.787567481045,1021.05979227218,7114.83481370693
216.78799804338,1302.12052251721,7114.83553972255
232.405039398595,144.545320157619,7114.83629558192
241.809161698516,1765.46499641717,7114.83675073818
351.260490093616,42.6085139393351,7114.84204814443
353.926766996984,186.136731028519,7114.8421771913
358.724709476974,112.700279664146,7114.84240941005
8.3932319408645,1307.64965522445,7114.84287736318
18.7500340827336,164.029956284395,7114.8433786288
26.7827622420494,32.4192651890431,7114.84376741005
29.0148288624619,1169.80314324167,7114.8438754413
45.5196607545664,2253.73875117896,7114.84467426943
71.364693997269,121.292101362691,7114.84592516005
175.276855499238,40.1976715802554,7114.85095447255
179.199598021188,106.705783098349,7114.85114433193
191.122462594664,642.227215852387,7114.85172139443
199.116450774443,815.462863901217,7114.85210830068
211.275628986323,1418.79397119737,7114.85269680068
229.265104078442,112.366352333915,7114.85357948818
244.093464711887,1031.02160142754,7114.85429717568
356.560052323297,159.382257391982,7114.85974051943
359.575311614774,54.3559364185597,7114.85988645693
8.5390898351569,104.750971785528,7114.86032030068
20.0032088266005,1148.01324002656,7114.86087516005
32.0242145588,850.117309880716,7114.86145697255
39.9956044516333,408.835881815506,7114.86184278505
55.1677821075036,363.695545901876,7114.86257711318
60.596862933771,55.9317939186066,7114.8628398788
72.6491835075047,1726.9010665899,7114.86342320693
172.303501944522,40.6912663286629,7114.8682464413
178.155171018543,870.385985507482,7114.86852966005
186.425504157683,183.391066221894,7114.8689299413
193.052295056473,162.765065314652,7114.86925067568
207.190116126871,1497.95043036249,7114.8699349413
219.365435956176,1326.82054232447,7114.87052422255
231.354804086652,193.656424229971,7114.8711045038
249.941585324097,1373.13949100104,7114.87200409755
357.148902228227,376.888187325619,7114.87719289443
3.84413365856398,105.644007430961,7114.8775169413
10.4848063648764,1298.42125939916,7114.87783834755
22.9261405349268,819.141143804103,7114.8784405038
33.9034275315204,813.24796896709,7114.87897180068
52.8117503022172,299.057778541112,7114.87988695693
60.4528821447926,2100.17891966174,7114.88025678505
174.348005341257,55.7635777831411,7114.88576926943
185.118033655913,1008.61818896902,7114.88629053505
199.511215500336,617.406625824657,7114.88698716005
205.242790761816,878.636274848077,7114.8872645663
219.882939811362,2300.21246494516,7114.88797314443
275.072191989732,1622.05393561266,7114.89064428505
341.4679426132,94.2220468314048,7114.8938578163
354.987757778777,871.076544228799,7114.89452451943
2.07813671476082,42.1373803904945,7114.8948676913
4.59913876063609,136.661071348243,7114.89498970693
13.9403086924649,812.508227365782,7114.8954418163
23.1362037292177,254.527815490846,7114.89588689443
29.8014117346067,335.534766637835,7114.89620948818
39.4586349986504,2304.39090032064,7114.89667689443
66.8309906558407,75.0153342221616,7114.89800170693
72.3039767521616,1023.41246588367,7114.89826659755
174.4395888622,42.4151512523618,7114.90320992568
176.005974053997,170.323782855419,7114.90328573818
181.824391387101,173.276643034015,7114.90356734755
189.868095835744,134.373401294852,7114.90395666005
192.471743168792,1097.67928080373,7114.90408267568
207.111892218338,321.581372642044,7114.9047912538
210.422220731859,1193.21164060437,7114.90495147255
234.796104423292,1100.96098904222,7114.90613116005
245.215213337709,1649.98437135466,7114.9066354413
350.803846098338,53.3088538590132,7114.91174589443
355.674103171719,164.258870394285,7114.91198161318
0.56728144256569,138.572500696377,7114.9122184413
8.99160584345667,1132.19233988104,7114.91262617568
15.7804588127106,375.489722648226,7114.9129547538
23.9348949613432,1386.21314427212,7114.91334942567
40.2095469740437,96.4880328413464,7114.91413711318
50.1476348924201,875.208128192639,7114.91461811318
64.2773851165223,2182.17310887781,7114.91530198818
177.487779711167,535.532507228709,7114.92078133192
191.54521537946,109.40101602408,7114.92146170692
200.411820909603,1464.66749839647,7114.92189084755
217.366036158441,1543.02937094286,7114.92271142568
231.984878224879,901.60223731317,7114.92341897255
253.996593624932,66.4132013272756,7114.92448433192
0.35453721151951,64.693479739919,7114.92963201943
8.56708331066597,177.983780491608,7114.9300295038
20.7117340067305,754.57357029407,7114.93061730068
24.9973407243105,632.320806825959,7114.93082472255
40.3448166250396,71.0931521985536,7114.93156753505
50.3297153316659,2088.69610496265,7114.93205080068
178.206957208391,46.483684956744,7114.9382816913
183.760328669234,210.396880473418,7114.93855047255
193.088908059795,269.584465861783,7114.93900197255
196.967422476337,288.04886254008,7114.9391896913
202.859122833733,1417.94620489577,7114.93947484755
222.385670649251,846.573644519566,7114.94041992568
228.780344656506,1451.47205365959,7114.94072942568
259.029141417199,693.10657213606,7114.94219345693
349.836224370215,107.844240482269,7114.94658848818
353.155592198515,43.3733431115524,7114.94674914443
8.78651539883522,228.71057825391,7114.94750567568
12.2111267636707,945.862721479784,7114.94767142568
23.8021190725306,1091.63744710372,7114.94823242568
41.8613913610403,62.1380377707759,7114.94910648818
44.8065958690282,1159.47806911265,7114.94924903505
72.7290587996818,2572.65098113635,7114.95060047255
170.951613373259,267.485422700275,7114.95535441005
182.507094056133,85.0515075034863,7114.9559136913
184.61422437126,830.078061841988,7114.95601567568
192.204671438907,1430.61051893767,7114.95638305068
208.597803124955,173.385042434582,7114.95717647255
212.510537826061,1403.45524091146,7114.95736584755
234.368907635073,1294.71144916238,7114.95842378505
248.868947192808,2576.38754774803,7114.95912558193
343.231388777173,42.8284317732786,7114.9636926913
345.53867547159,59.5123811342191,7114.96380436317
353.169153860194,173.601646946686,7114.96417367568
1.21124413206051,310.644843182217,7114.96456291005
5.10751438038593,1037.41648604938,7114.96475148818
19.1459029130571,1290.99109180686,7114.9654309413
36.6315010599269,109.143097337672,7114.96627723817
40.6701406475494,1552.35302390366,7114.96647270693
71.7728304207566,3068.86627221559,7114.9679780663
164.902696014906,69.1844845301937,7114.97248551943
173.814820991878,125.404867046264,7114.97291686318
184.187441990983,822.802881383922,7114.97341889443
195.082729371114,1501.15808672524,7114.97394622255
211.720245541862,753.776374651238,7114.97475147255
227.755032764835,1887.90760802249,7114.97552755068
260.671024156042,955.350021314416,7114.97714966005
351.558815271353,176.81875408293,7114.98154859755
355.043796396606,36.9398157895606,7114.98171726943
0.969071405439355,280.380274553238,7114.98200405068
7.17359685424753,1006.23098742147,7114.98230434755
17.1229838973056,215.514203705247,7114.98278589443
26.4880433823351,1347.50410829554,7114.98323916005
45.9048280039281,94.8183961901883,7114.98417892568
52.5755241351888,1664.49642957645,7114.98450178505
65.6260439976994,207.338354818454,7114.98513342568
180.771821851518,113.199324913715,7114.9907064413
190.613382675199,78.8616116853547,7114.99118276942
200.19474023211,1351.06892340531,7114.9916465038
215.217123448264,888.841444890431,7114.99237358193
234.118021043375,2358.03665482592,7114.9932883788
348.604896973454,30.0311685241805,7114.9988295038
355.852172651802,63.1503113690535,7114.99918026943
5.71310348404319,271.390521167092,7114.99965753505
9.06959711510378,194.624233396112,7114.99981998818
17.368985248292,1413.69960182658,7115.00022167568
30.1044201719049,67.8130052111925,7115.0008380663
37.7742841355906,1042.04267437069,7115.00120928505
58.4801405211367,1389.67870544349,7115.0022114413
177.654227231214,45.3843837511236,7115.00797942568
184.653890108895,132.401367647361,7115.00831820693
193.057230399616,702.583935474621,7115.00872492568
203.436630866013,1083.89919262208,7115.00922728505
224.425611678213,1317.72626144055,7115.01024314443
248.054719880346,1845.39039604914,7115.01138678505
345.792702268976,118.232840184973,7115.01611726943
356.410999056618,111.27417043344,7115.0166311913
2.31722692982988,29.4985563753514,7115.01691705068
4.8333865205435,112.950079844687,7115.01703883193
10.9384794692081,1396.58395958975,7115.0173343163
26.5713782532493,264.092220314538,7115.0181288788
30.545451220838,362.660818042926,7115.01832122255
45.1368525075863,2060.8765805008,7115.0190274413
66.3246983576556,167.879349310951,7115.02005292568
78.946173302892,2181.07087945896,7115.02066380068
168.810906957412,43.264909016516,7115.02501322255
173.427094598187,178.300194053627,7115.02523664443
180.34088391031,952.829259937005,7115.02557126943
187.282114002122,306.259045901314,7115.02590722255
199.128144324817,1447.32370532807,7115.0264805663
215.811179942394,813.986877901129,7115.02728801943
222.847968547671,1760.00769513962,7115.02762859755
258.888387532489,2467.67806189041,7115.0293729413
344.393585774427,154.716406353117,7115.03351136318
355.810248382076,227.557542253898,7115.03406392568
359.598369575669,199.392807820331,7115.03424726943
5.95624065310082,1433.12983702515,7115.03455498818
21.9658468311217,99.1293991337017,7115.03532984755
27.3603845374691,1358.17046498232,7115.0355909413
38.8819678087163,766.824659326204,7115.03614858193
53.7213047314875,157.723223370709,7115.03686680068
65.0427315858615,298.302910151094,7115.0374147538
86.0100825420152,3933.05166213054,7115.0384295663
168.754413873185,833.691837787143,7115.04243436317
180.78349045168,841.587521893672,7115.0430165663
189.622332329195,603.619043637593,7115.04344436317
203.625854944174,2448.10838267995,7115.0441221288
223.132709878194,1316.81354709201,7115.0450662538
245.446596915687,1073.86810554999,7115.04614623818
343.473191856842,26.8081824100763,7115.0508906913
359.068280633405,90.5096483871937,7115.05164548818
4.60131361720485,332.157940041711,7115.05191328505
17.0277975112502,1229.9343765676,7115.05251472255
27.7009759334376,47.0361839755018,7115.05303130068
36.3283622693979,1317.72626144055,7115.05344886318
62.4817009085405,1776.32963893615,7115.05471467568
178.375851737748,40.0806436651191,7115.06035723818
183.842381164549,800.580879367629,7115.0606218163
201.655331918646,1337.65187815271,7115.06148395692
217.200704426346,1366.11566503575,7115.06223634755
234.862569399305,99.6021251586932,7115.06309117568
242.435260635168,2793.1679191795,7115.0634576913
344.188638578599,29.3588937883005,7115.06838251942
352.09255644595,212.882655947766,7115.0687650663
5.27220939819735,1193.21164060437,7115.06940295692
23.6501177769284,2190.97251452638,7115.0702924413
40.7247496736633,52.7775219361093,7115.07111884755
55.6228422176585,157.126464617185,7115.07183991005
64.6608719683986,1931.97946529722,7115.07227734755
179.047669727623,370.452057918413,7115.0778136288
190.224467395214,743.738959307905,7115.07835458192
203.834456681321,1482.61958266005,7115.07901330068
213.897480904984,161.606575344031,7115.07950034755
226.449546812607,77.6612107955543,7115.08010786318
237.498179858944,2304.39090032064,7115.08064261318
346.996964637838,21.8350754144225,7115.0859423163
353.970155204312,154.959087228512,7115.0862798163
6.00762546445777,320.645149320953,7115.08686242568
10.5718369513018,320.410670218152,7115.08708333193
20.0915334063755,1770.90564434934,7115.08754408193
39.7549623225706,73.4332178398134,7115.08849578505
45.0700831704617,1395.72264856724,7115.08875303505
76.7367619870722,2696.79234499165,7115.0902856913
167.884756481901,170.213426686772,7115.09469722255
180.616963051962,307.239067520726,7115.09531345692
187.844545961562,1352.84783375766,7115.09566326943
204.132756946429,166.418032132576,7115.09645161318
209.85722986768,1525.00012617907,7115.09672867567
228.622537703535,994.208604332414,7115.09763691005
244.797434305571,2666.2989593973,7115.09841976943
349.672835555432,82.6993959424094,7115.10353264443
354.828476902952,198.448243948768,7115.10378217567
0.388950741607346,232.781932618664,7115.10405130068
7.27529927403949,1102.05256032003,7115.10438459755
19.3983202268063,1232.86392206268,7115.10497134755
29.4180848511252,22.872597912893,7115.10545630068
42.9270273851478,1340.34605636657,7115.1061101288
58.9398619543028,2642.74313543922,7115.10688514443
176.909781922338,125.254945304576,7115.11259484755
180.131654262624,280.11210018164,7115.11275078505
185.656616475294,978.973124787785,7115.1130181913
202.542068282065,886.809792266519,7115.1138354413
210.264876868165,1353.73645626657,7115.11420922255
230.359287713765,2378.34729688302,7115.11518178505
0.877076767389795,53.7912943354701,7115.12149880068
3.08751360692179,97.7455755224454,7115.12160578505
6.78491877979448,322.980558964403,7115.12178473818
12.3131093084332,22.0757613578204,7115.12205230068
20.0104140893916,1469.58523128404,7115.12242484755
35.3782285047458,1097.13138574108,7115.12316864443
45.6920938450443,343.28487275026,7115.12366783193
63.7045553453042,143.893924553495,7115.1245396288
80.8602182772711,2772.42628854424,7115.12536995692
167.336175065878,46.735632724948,7115.12955536318
171.238901946141,696.999236105,7115.1297442538
186.227064877729,140.725223141125,7115.13046967568
192.85805256097,882.732498208583,7115.13079061318
205.349425872822,1996.86578383762,7115.1313951913
225.494844291123,1452.30028003596,7115.13237022255
249.476486032688,771.124997189787,7115.13353092568
353.667252379086,102.667520318622,7115.13857372255
357.009541329686,96.4880328413464,7115.13873548818
10.2111470109173,954.090473292979,7115.1393744413
18.6612980523053,810.285227803575,7115.13978342567
25.2761441181208,153.986018380792,7115.14010358193
37.9357576939264,1257.01171693748,7115.14075001943
61.8715571157239,1668.82530017176,7115.1419085038
175.683389467053,32.3104147603726,7115.14741695693
177.217168551061,179.873935191033,7115.1474911913
189.380543622557,221.363205543668,7115.14807989443
199.047451834507,1527.36379099849,7115.14854776942
222.624261160102,1458.90910463464,7115.1496888788
243.801776353972,1842.78203807509,7115.15071386318
348.16848661594,40.9501738074525,7115.15576517568
356.997966343322,391.75046540052,7115.15619251943
4.89994716095954,114.84714568244,7115.15657497255
12.5455986609239,1007.42536535137,7115.15694501943
25.923471093079,1543.02937094286,7115.1575925038
45.7486393195484,84.3304800990374,7115.15855203505
51.4756948860571,1480.99654762035,7115.15882922255
67.3997503338742,1788.47314735719,7115.1595999413
171.49463529387,49.4698379482905,7115.16463809755
173.51330939818,169.77130812279,7115.16473580068
178.052017079882,696.136093214506,7115.16495547255
196.729191502692,1325.91382318026,7115.1658594413
204.584684405018,1298.42125939916,7115.16623964443
221.925653477853,1269.38692890377,7115.1670789413
248.211030762511,2514.02343387497,7115.16835114443
347.780444177617,84.1632180614837,7115.17317026943
353.478767623016,186.338514063245,7115.1734460663
359.546089098209,83.1525473476979,7115.17373972255
4.00086022648283,1010.99983940145,7115.17395533193
17.5504797521731,1201.2467687228,7115.1746111288
36.2153865066536,1185.12188951314,7115.1755145038
54.1791002441158,2730.47029430984,7115.1763839413
177.457784393377,57.0542849076539,7115.18234930068
181.107087436579,171.532940629326,7115.18252592568
185.700676715244,843.728031885149,7115.1827482538
198.986541747676,171.532940629326,7115.18339128505
205.762158580117,1325.91382318026,7115.18371922255
220.217001526378,1857.08248778838,7115.18441883192
233.057357226337,943.953804011244,7115.18504030068
348.975028476207,22.6403826242283,7115.19065067567
356.113509541862,94.3714897894132,7115.19099617568
4.17755242996364,128.366428597815,7115.19138647255
10.3630307807325,171.64243637513,7115.19168584755
17.7488017741169,56.3918009510722,7115.1920433163
23.3370391902349,1416.24911798033,7115.19231378505
44.3731536260391,951.566492268796,7115.19333192568
53.8660549345503,1359.94016048357,7115.1937913788
179.058715394605,145.452386246525,7115.19985066005
182.296729314735,139.921838004931,7115.2000073788
191.924897659896,61.3774517321808,7115.2004733788
198.333453474674,1237.73125082494,7115.20078355068
216.418875239035,803.579314201386,7115.2016588788
238.569731587251,2000.47578502449,7115.20273097255
270.140529092625,1611.64170897621,7115.20425898818
339.344603010655,24.3159589685682,7115.2076084413
347.65561310388,214.99045599338,7115.2080106913
353.870792044242,386.341403313395,7115.2083115038
5.95249037221338,1218.14558440292,7115.2088962538
16.9568953507243,1354.62430161937,7115.20942886318
29.6203385538834,330.115296209854,7115.21004176943
35.1833950377974,65.0915918387618,7115.21031101943
42.602417847264,537.213884488352,7115.21067009755
53.2207146724888,1469.58523128404,7115.21118401943
186.669826464161,229.694291364879,7115.21764291005
197.69521551526,617.893347598653,7115.21817653505
206.152146099105,134.303471122088,7115.21858584755
209.922511498497,1191.19436536863,7115.21876833193
231.405426645777,1393.99847221,7115.21980809755
266.381788342781,746.965600484373,7115.2215009413
337.244791077535,33.2419473891843,7115.22493464442
353.440994737844,178.089321067887,7115.22571853505
359.222931901315,325.991567073913,7115.2259983788
13.5189410930808,648.283871029776,7115.22669030068
21.397355080125,1313.15569529278,7115.22707161318
38.8280717051976,1314.98578692657,7115.2279152538
58.9754271356295,29.1582140377056,7115.2288903788
65.2280546389425,98.2727649256887,7115.2291930038
82.794038263082,2742.77378586874,7115.2300431913
169.885314503149,664.768295965956,7115.2342583788
183.486910182771,161.606575344031,7115.2349166913
196.31467530388,1892.99620423355,7115.23553755068
218.171108100761,812.508227365782,7115.23659539443
229.54709367916,1346.61148898374,7115.23714598817
258.43870101729,2801.76504219298,7115.23854433193
343.25077701334,85.272136574055,7115.24264920693
353.177242934097,87.9833012001896,7115.24312964443
356.313887341952,293.476909440926,7115.24328145693
0.163346802027924,376.888187325619,7115.24346776943
13.6881081932866,1729.68417366803,7115.24412236318
27.3555617216149,105.109101977696,7115.24478386318
30.5535443959527,1351.06892340531,7115.24493864443
57.2298723266411,1253.17922705648,7115.24622976943
91.1344288376392,74.1968500528323,7115.24787073818
172.01859698364,35.7113748294946,7115.2517855038
188.218028922335,178.72121838014,7115.25256955068
195.611547964243,534.970845400551,7115.25292739443
206.438071939888,1006.82828740872,7115.25345139442
216.940148939251,992.998461235572,7115.2539596913
232.622079749854,1319.55024684771,7115.2547186913
358.615365764654,48.5352313894793,7115.26081672255
0.855180358424441,151.526027836191,7115.2609251288
17.5998771154218,1025.17350164533,7115.2617355663
24.6789568515591,913.526920776064,7115.2620781913
33.9045525530704,196.354252302022,7115.26252470693
48.8149127278126,165.739227897532,7115.26324636318
62.9790732287504,3420.21500010503,7115.26393401943
172.760982509463,45.4619432377346,7115.26924742568
177.210265511865,831.525459599192,7115.26946276943
194.929917562401,611.535710959288,7115.27032039443
198.658960336997,1187.14960084532,7115.2705008788
214.333143136661,2195.35856160746,7115.2712595038
238.912025737711,174.68060331538,7115.27244911318
244.12545420039,1750.41625638528,7115.2727014413
351.685627441724,97.841644508545,7115.2779073163
354.766421784134,63.2617846996197,7115.27805642568
2.41207328409796,191.018853512581,7115.27842647255
8.76994436152967,1142.76399454383,7115.2787341913
19.0492666194907,277.686845739922,7115.27923170693
26.2481174079794,1268.43935355225,7115.2795801288
41.3389411556799,295.772711877973,7115.28031051943
46.0355141233948,87.8229919343276,7115.28053783192
60.412231515037,2236.59979425861,7115.28123366005
179.833285430237,35.3810106212826,7115.28701359755
181.55366195895,786.18211940551,7115.28709686318
196.642225896748,758.150764390564,7115.28782714443
204.196515705281,155.564172654721,7115.28819276943
220.238727991091,2047.99954772739,7115.28896920693
240.08939998512,1428.92842003306,7115.28992997255
345.330987407355,25.8719452111977,7115.2950236288
356.110054999206,99.7905855171233,7115.29554533193
3.58815622766921,128.877700178442,7115.29590726943
10.014467836648,938.203736922105,7115.29621830067
18.7877746632293,1073.86810554999,7115.29664292568
34.5413743589318,1695.98579624619,7115.29740539443
46.8119299415125,48.1221590353798,7115.29799928505
69.174887539576,1949.32914254764,7115.29908164443
179.513683561045,37.0033413632509,7115.3044220038
181.031643825399,928.541243894188,7115.30449547255
189.957107422496,260.510668592673,7115.30493680068
202.397473086481,172.842365420145,7115.30553891005
208.555187784622,2029.12375790731,7115.3058369413
233.384911577474,168.883615425663,7115.3070386913
237.064238083208,1583.0348143453,7115.30721676943
264.958937323651,2084.08534874138,7115.30856686317
346.680211231612,169.992520060447,7115.31252214443
353.943305729614,216.904619265712,7115.31287367568
357.800836035985,118.708626262176,7115.3130603788
2.43639357257298,1218.14558440292,7115.31328473817
15.3965202497181,57.3417147098354,7115.3139120038
17.8351999189409,1244.51338123777,7115.31403003505
37.7430133950007,2444.17552863752,7115.3149935663
60.0426957144509,317.346732225943,7115.31607286318
91.9569874068947,56.6825891779033,7115.3176175038
172.539629623747,35.6784775334962,7115.32151767567
184.069606539063,91.0787348318287,7115.32207572255
189.084492799227,157.604054806804,7115.3223184413
201.835100909365,1031.60457953777,7115.3229355663
211.204680051784,155.322421591109,7115.32338905068
215.420232023458,962.247947988715,7115.32359308193
232.500997716775,1881.52737834457,7115.32441978505
0.675665652224247,115.499686204057,7115.33062339443
4.49025919460738,116.310225339866,7115.33080801943
8.34294697065163,215.862633323738,7115.33099448818
18.0647367795638,917.467435357366,7115.33146501942
27.9269589908078,1111.82951734179,7115.33194234755
46.0804984513617,127.779606340361,7115.33282097255
54.9361276545954,2542.56038445533,7115.33324958193
180.020961895273,721.165016592806,7115.33930364443
192.48489435227,817.671763631012,7115.33990689443
202.375525849269,389.248466792225,7115.34038559755
217.503475362148,60.1795349663981,7115.34111778505
222.413763718903,2432.33944097199,7115.3413554413
274.068641376096,1593.63400253909,7115.34385551942
348.762891936209,221.70244806663,7115.3474783788
355.5801542288,57.9528335042934,7115.34780833193
357.509726451583,143.632536420135,7115.34790172255
6.63653528607777,1344.824362981,7115.34834345693
18.2320472523268,870.385985507482,7115.34890467567
25.418307537131,191.902077562034,7115.34925248817
40.6731304425915,188.044843585367,7115.3499908163
46.0127865519763,2031.49275179726,7115.3502492538
67.3155609240701,2323.10082282083,7115.35128030068
171.952482311234,42.2487080042888,7115.3563446913
178.940523191296,805.074340526346,7115.35668291005
190.730380575608,1120.44840072656,7115.35725353505
207.807917990539,1642.68032509796,7115.35808008193
227.171112281425,1750.41625638528,7115.3590172538
251.455894204078,77.2974531604298,7115.3601926288
257.68495491438,849.409764747122,7115.36049411318
347.628459831811,34.9804595012326,7115.36484734755
352.518409711524,191.999957599442,7115.36508401943
5.80040075727659,922.69519802457,7115.36572686318
11.8183287613788,159.853116854514,7115.3660181288
24.916305120432,136.592320787443,7115.3666520663
31.7600396866484,1417.94620489577,7115.36698330068
44.0212331190958,1360.82412005578,7115.36757673818
185.56828524808,157.723223370709,7115.3744275663
189.945899327801,191.215474010242,7115.3746394413
202.323312586111,156.046536803345,7115.3752385038
206.961452843122,1085.56208466837,7115.37546298818
224.1406825681,1608.65443188385,7115.37629445692
245.798895997821,1287.2598542657,7115.37734270693
349.44181488066,36.0387067410706,7115.38235898818
356.681019750296,209.681244589532,7115.38270936318
3.03178852507974,103.487780844791,7115.38301673818
7.25670264688745,1078.33786344713,7115.38322122255
21.7157424527649,338.877925720737,7115.38392103505
31.7006410842257,1238.70236290458,7115.38440430068
43.9582833653493,133.179578476472,7115.3849975663
51.6452574901089,2057.37271663509,7115.38536961318
174.341159986802,43.6701508288451,7115.39131672255
185.8711369397,644.096886937007,7115.39187476943
192.147331273606,733.973937183663,7115.39217853505
200.173602763402,22.6144328957512,7115.3925670038
208.832949536442,1406.02340881202,7115.39298611318
220.424264680657,1278.82493483611,7115.3935471288
242.433720270806,875.894856644521,7115.3946123788
353.839801820892,95.0163489554789,7115.40000439443
5.15057518371187,192.781249297447,7115.40055183192
9.07008938969311,89.7801416543942,7115.40074153505
17.9896395046677,1197.23597702404,7115.40117323818
31.8475644643807,968.476188134559,7115.40184395693
47.7758167342318,912.209696668498,7115.4026148788
67.8156688558073,297.040503305368,7115.40358480068
180.110186538327,61.4156989153791,7115.4090198163
189.498490018596,219.830084691175,7115.40947420693
193.333744835794,225.233776074418,7115.40965983193
203.067156642325,807.311772987873,7115.41013092567
216.773995783318,1130.06615176658,7115.41079433192
227.960478549145,557.534685086125,7115.4113357538
252.271086999547,2498.67038171203,7115.4125123788
342.36987452015,40.3725698705504,7115.4168731288
344.921545736849,61.68281163621,7115.4169966288
356.290751885538,140.858671948685,7115.41754689443
359.866126196156,371.465053161657,7115.4177199413
7.41428217052531,1433.12983702515,7115.41808526943
22.5283499134643,55.2983457635658,7115.41881678505
24.3739855828183,408.835881815506,7115.41890611318
39.5413207459442,1170.83054362865,7115.41964020693
54.7712854793905,1829.68462603128,7115.42037733193
84.5684390358636,2801.76504219298,7115.4218195038
169.22716940329,47.2354932945507,7115.42591695692
170.988222886088,300.561880939298,7115.4260021913
177.54625034281,999.636595722109,7115.42631959755
191.011933315072,259.498977861483,7115.42697133193
204.061484671517,1661.60418757499,7115.42760292568
217.370279954147,2384.40689415143,7115.42825098818
240.806979750347,1144.86653490786,7115.4293853163
355.910789346243,143.632536420135,7115.43495630068
4.22438212230925,163.915367390466,7115.43535867568
10.0976809772112,196.162780463638,7115.4356429413
16.4323081345696,1305.80923851653,7115.43594953505
29.0292477055641,47.7792978792468,7115.43655922255
36.4489162233237,1125.801785129,7115.43691833193
49.5501208231801,2051.51939880466,7115.43755242568
87.446506133551,510.82421625992,7115.43938659755
173.292293044363,122.448398642838,7115.4435415038
179.584629070861,200.520378079716,7115.44384605068
184.486523745966,148.013365453004,7115.44408330068
194.914349177389,980.813985584916,7115.4445880038
210.31670667508,1219.13235062721,7115.44533347255
228.544174868219,2116.15014400479,7115.44621567568
256.643873018279,148.520251652684,7115.4475756913
348.409769647408,38.1902426349612,7115.4520171288
354.112935623133,105.910447079083,7115.45229316005
1.07966955767006,101.932857987652,7115.45263034755
5.67099898884898,161.954991084734,7115.4528525663
11.7583360681467,32.7257110299684,7115.4531471913
14.9563187424844,854.350257206704,7115.45330197255
21.4023232329609,1322.28117344368,7115.45361395693
45.7561913202889,831.525459599192,7115.45479267568
54.9682280120501,65.7735810261073,7115.45523853505
73.8171495283955,2109.3200519573,7115.4561508163
166.298121019648,115.41832073414,7115.46062686318
175.975037090024,113.199324913715,7115.46109522255
179.560419259068,182.775308776861,7115.4612687538
186.072604471189,1237.73125082494,7115.4615839413
200.927114542903,769.954544566076,7115.46230289443
214.630402532572,1801.87020859535,7115.4629661288
241.164683996901,216.210521708504,7115.4642503788
264.068709516067,1960.40139677223,7115.46535892568
343.843010070246,71.027052295225,7115.46923561318
347.969782995747,95.8530824157755,7115.46943534755
0.774949829910758,996.021265464719,7115.47005511318
9.66447651993711,261.949156810104,7115.47048536318
18.7257502283331,68.878285020002,7115.47092392568
23.193111860292,1407.73281920303,7115.47114014443
44.208887781471,2298.12058272216,7115.47215730068
65.4742135530313,1570.83401841618,7115.47318653505
171.30335681168,36.6525906847492,7115.4783086288
183.076426907857,917.467435357366,7115.4788784413
196.485614106381,738.872629746368,7115.4795274413
202.622344619187,1395.72264856724,7115.47982445692
225.889880042276,2200.82929658361,7115.48095059755
260.965351441651,1776.32963893615,7115.48264823818
347.066176366299,114.84714568244,7115.48681548818
352.268305704296,153.74179707095,7115.48706726943
1.54200346031239,77.6612107955543,7115.48751611317
4.29415392924007,1099.86819651908,7115.4876493163
13.5843162132024,1220.11822867307,7115.48809895693
27.7027672750403,147.759263158243,7115.48878228505
36.1019107813099,255.559212680723,7115.48918880068
43.892191392892,1921.99478554755,7115.48956584755
85.205762892513,2770.69078791214,7115.49156541005
170.637032401866,213.939158055787,7115.4957002538
177.947260523473,236.783287421716,7115.4960540663
181.494548383691,1093.83835322774,7115.4962257538
198.920422478437,729.454552317321,7115.49706916005
212.297003569171,1705.88332348842,7115.49771658193
236.502045685265,2810.33574189848,7115.49888809755
346.047641252409,28.2167171572478,7115.5041900663
2.72066904914192,83.3218424811655,7115.50499703505
6.25665774709557,414.314083041489,7115.50516817567
11.2082687662288,244.435999219306,7115.50540783193
24.7088176937662,1127.93596684924,7115.5060612538
30.830375057629,1777.68288978086,7115.50635753505
58.2837617876337,491.631457766317,7115.50768626943
78.4624320220172,99.5077631404939,7115.50866291005
172.386718279614,30.089767483199,7115.51324708193
183.946072949167,96.7796884299155,7115.51380655067
187.94371274735,122.064178209591,7115.51400003505
190.534446741358,265.369753948974,7115.51412542568
205.294366805673,783.50093080104,7115.51483980068
213.492385351421,1067.69160179709,7115.51523658192
226.535802911284,802.830746327032,7115.5158678788
262.050972719488,2045.64964967346,7115.51758680068
342.459285197547,22.7309716188673,7115.52147853505
350.206629045141,277.28055962406,7115.5218535038
356.545452986951,107.931316661869,7115.52216030068
4.56397646580613,1145.91647282225,7115.52254839443
18.6533726087611,1190.18439548313,7115.5232303163
34.9687015379637,85.547111061679,7115.52401997255
36.9031162910727,1145.91647282225,7115.52411359755
61.4309912442565,2950.60376132028,7115.52530073817
173.027867098665,36.1038178520179,7115.53070198818
174.597157808658,213.235415436053,7115.5307779413
185.520208878999,316.635467845217,7115.53130661318
196.421630130877,1432.29050841853,7115.53183423818
207.80891487154,1184.10692362403,7115.5323853788
226.810536383381,1124.7331954678,7115.53330505068
239.873323876639,36.7805196022086,7115.53393728505
250.674021286953,2760.25513556988,7115.53446003505
350.63922780325,145.581491306501,7115.5392983163
354.255601940891,118.232840184973,7115.53947334755
2.86071278767835,1249.33519085602,7115.53988983193
11.8984197782287,72.7907456532506,7115.5403272538
22.9993517386871,1204.24614724612,7115.54086453505
36.2061227104346,1137.49043517686,7115.54150373818
53.3259512562262,3045.26537320271,7115.54233233193
177.568837279782,243.357500817609,7115.54834564443
187.88044284776,339.321210018895,7115.54884472255
196.34512136738,1464.66749839647,7115.54925441005
214.750793361157,824.992185677331,7115.55014523818
221.783062346627,1312.23965027516,7115.55048559755
248.501136304061,2856.17307582697,7115.5518005038
344.939716272539,128.731830750795,7115.55646809755
354.0674936131,107.232729640305,7115.5569098788
357.308413051426,137.209910100466,7115.55706673818
5.73209181918895,144.154826964282,7115.5574744413
9.31134019165118,1608.65443188385,7115.55764767568
28.2022299283365,130.902844119873,7115.55856198817
35.6874334970299,888.841444890431,7115.55892426943
45.6029230908781,1731.07395085026,7115.55940417568
182.351064233808,26.2996100591772,7115.56602273818
187.129636780403,175.752926101502,7115.56625401943
193.654412458625,869.003313752614,7115.5665698163
210.488211021985,1136.4328367236,7115.5673845663
222.558287352337,160.907481783212,7115.5679687538
235.700168981444,1691.72631458991,7115.5686048163
275.36438716674,1358.17046498232,7115.57052455068
348.076363369906,112.700279664146,7115.57404378505
354.704122774761,183.083437299558,7115.5743645663
4.85140634962391,997.227855847882,7115.5748556913
13.2114870785843,1348.39617249582,7115.5752603163
31.5341909498323,57.7091603670699,7115.5761471288
33.7568954576941,1661.60418757499,7115.57625470693
68.0149539766062,2801.76504219298,7115.57791278505
170.062432711182,120.593007801872,7115.58285184755
179.905607711639,196.736640867279,7115.5833282538
191.812007794752,205.70072034598,7115.58390451943
194.186443754461,1406.87828054098,7115.5840194413
209.025135006522,1326.82054232447,7115.5847376288
231.324817363555,2304.39090032064,7115.58581692568
261.306631352603,1567.7690257121,7115.58726803505
348.250373000439,84.6640188512104,7115.59147608193
355.461168584319,344.159478693484,7115.59182508193
1.84551193537539,228.71057825391,7115.59213408193
8.9933472540994,1364.35418518488,7115.59250378505
23.8100858899248,98.1771261510112,7115.59322091005
34.1923917993532,1746.28955740275,7115.59372341005
46.2062952664879,1078.8954174501,7115.5943048788
90.3682213816288,2844.36030284496,7115.59644230068
164.372174829362,92.6637239162531,7115.6000240663
173.022159489851,899.599394976747,7115.60044272255
183.993312689862,265.652805309102,7115.60097372255
189.415291175899,790.757459512292,7115.60123614443
206.348522276985,1458.08476403886,7115.60205570693
226.870041027728,2935.89574873465,7115.6030489413
356.152994281235,87.9833012001896,7115.6093061913
1.03099932797321,63.2989008431117,7115.60954228505
6.11626313181532,921.391019037543,7115.60978841005
19.9167237741419,961.622892425851,7115.61045634755
30.252218970486,300.061336888646,7115.61095658192
47.5199050190293,297.293412110378,7115.61179233193
54.5863942890646,2622.64587824745,7115.61213434755
170.28324788483,60.4521085967313,7115.61773403505
183.925197608016,887.487583423052,7115.61839430068
195.954597021866,151.64998423689,7115.61897651943
204.846383484213,983.874204329993,7115.6194068788
222.442713406239,2349.86297087403,7115.62025853505
256.429915091662,1349.2876815846,7115.6219035038
341.281053902603,22.9622692388132,7115.62601026943
346.038965099218,90.7687675022473,7115.62624055067
359.022981404729,164.029956284395,7115.62686897255
2.22903488777984,235.031077933101,7115.62702414443
8.88714055293867,1290.99109180686,7115.62734639443
25.9417568831514,79.5141036347147,7115.62817183193
34.1417124410306,912.209696668498,7115.62856870693
43.3660167635387,1596.64936827397,7115.62901516005
89.3810037612016,2444.17552863752,7115.63124226943
166.814575765631,135.001163026338,7115.6349232538
172.746953114695,182.672474369205,7115.6352103788
180.754823101996,238.994796175618,7115.63559795693
190.025292579627,1439.82681333199,7115.63604664443
207.084428492063,741.309791330025,7115.63687230067
214.159634279105,1644.14371006671,7115.63721473818
234.170754241987,1143.81581983736,7115.63818326943
1.63970942786304,126.077273621128,7115.64435272255
6.12127570269952,362.038593548775,7115.6445696288
10.8423839694909,143.763279059073,7115.6447981288
21.7421910821761,1132.19233988104,7115.64532567568
32.67976963075,1022.23685072289,7115.64585505068
44.4273358842021,273.459588306935,7115.6464236288
57.2602664085758,35.6455490124752,7115.64704473818
74.2257807820957,1899.33802019482,7115.64786586317
169.117022694399,30.5929101496183,7115.6524585663
174.496064416448,241.652975407902,7115.65271891005
186.270425816462,1001.4393758695,7115.65328878505
196.151695163328,1037.99591144593,7115.65376703505
208.866791609898,488.256712838364,7115.6543824413
222.021909375817,1725.5078477163,7115.65501914443
257.918021971625,1563.92920835913,7115.6567565038
348.319949598151,113.28228632923,7115.66113192568
359.40958247151,64.8022954741201,7115.66166866005
2.06165469441867,915.499287490462,7115.66179701943
8.94154655733089,249.30696396197,7115.6621300038
21.1778818929293,245.050174596528,7115.66272223818
29.1841377034552,1812.51658126769,7115.66310973818
49.3256821350775,262.235927417365,7115.66408458193
58.1964844872543,112.031425802961,7115.66451392568
68.175249322133,132.188329726723,7115.66499689443
78.0810539304927,1541.47017372708,7115.66547633193
173.076248037911,58.0742849642935,7115.6700740663
176.868888888893,319.000215132093,7115.6702576288
191.776020747667,1093.83835322774,7115.6709791288
198.517417295543,656.11982513758,7115.67130541005
213.523336021333,74.0701180945713,7115.6720316913
220.044237675294,1608.65443188385,7115.67234730068
247.683899014649,1322.28117344368,7115.67368505068
349.02418551456,83.3781932385591,7115.6785756913
351.920319424395,23.3300948004889,7115.67871586318
2.62707246043727,197.879351793162,7115.6792340663
10.0593314067162,103.759757730248,7115.67959378505
14.7752743454081,1307.64965522445,7115.67982203505
35.0905028826964,866.925198295121,7115.68080528505
43.3430802276349,285.164392099801,7115.68120470693
54.7313335119459,1955.48799375445,7115.68175589443
177.897249021396,39.3114985008935,7115.68771708193
183.449329215983,550.207324145902,7115.68798580068
191.624749474786,620.321183308903,7115.68838148818
203.482401757518,712.357284271548,7115.68895539443
215.580887411209,1532.86505710781,7115.68954095693
243.506578657831,1437.31915258627,7115.69089255068
354.378694627044,100.447414275173,7115.69625872255
1.05197344114634,129.459540310073,7115.69658170693
5.84668760516697,43.8311921480139,7115.69681376943
8.17334430814414,923.997489632455,7115.6969263788
22.420605699529,1120.44840072656,7115.6976159413
31.6407132751686,160.790686321022,7115.6980621913
47.7152088334131,559.149948564652,7115.6988401913
55.4580330612006,1972.63116952229,7115.6992149413
180.558363248594,72.9196980575608,7115.7052697538
183.986848600108,363.488822374691,7115.7054356913
194.198053161877,366.166874599116,7115.70592991005
204.574548147661,1343.03479448761,7115.7064321288
218.486386160689,943.316647017411,7115.70710545693
231.68734617121,2426.39974779024,7115.7077443788
350.866921044741,29.3188667788158,7115.7135126288
0.383711981618653,85.2170278786701,7115.71397323817
3.01189461374339,147.886355938986,7115.7141004413
14.6141860848675,21.767743857426,7115.71466198818
15.9039035571138,1100.96098904222,7115.71472441005
26.6409172142407,1089.43221110991,7115.7152979413
40.3093392486344,1165.6839937757,7115.71595948818
58.0299597676525,76.1340990251824,7115.71681716005
66.3506548839486,30.9174630341857,7115.7172198788
179.820607149818,36.4598490287804,7115.72271178505
189.014242376667,147.122078408835,7115.7231567538
200.383771360712,967.233737547701,7115.72370703505
209.491210186647,157.961296820552,7115.72414783192
220.208293878888,1048.94370966946,7115.72466653505
239.222183059059,1431.45073572271,7115.72558680068
347.756020327676,36.1363300394046,7115.73083980068
356.553216745041,88.7805037819156,7115.73126558193
1.35987574203572,120.280993498589,7115.73149822255
10.8695643762657,308.703312912328,7115.73195848818
13.7905564205323,1092.18811772394,7115.73209986317
31.5389406297609,49.6593807741696,7115.7329588788
35.1168976232199,1397.44482652304,7115.73313205068
56.6611509993995,1122.59279649862,7115.73417478505
72.0409102101455,2602.39341187685,7115.73491916005
169.750483275437,112.115254580214,7115.73964826943
176.265574005754,679.527822899928,7115.73996359755
190.438906664554,1141.71128107188,7115.74064958193
201.949836406665,40.8353073577672,7115.74120670693
205.267590133354,1402.59814873644,7115.74136728505
226.620080736729,2617.13806182229,7115.74240073818
359.47614849095,82.3008466932507,7115.74883092568
2.7409575576417,57.1365559032255,7115.7489889413
9.02586840855424,1105.8650661866,7115.7492931288
30.9978753605873,1093.83835322774,7115.7503565663
43.3226668694204,1954.25786664316,7115.75095308193
73.2947958729801,27.30728490552,7115.75240372255
170.707881265432,25.205207712653,7115.75714078505
184.206170345483,102.75898187917,7115.75779409755
193.171885577997,241.186015603745,7115.75822803505
197.484287404557,726.977644749383,7115.7584367538
212.138963932336,56.057627290107,7115.75914603505
217.335282271524,1765.46499641717,7115.75939753505
232.948126804704,27.4787605863969,7115.7601531913
243.826949769637,1651.44131702988,7115.76067972255
353.622095187162,139.113803809821,7115.76599376943
358.790972709077,142.713910133985,7115.7662439413
11.6955720809666,1162.58513926937,7115.76686851943
20.6709722989692,151.029230788247,7115.76730292568
29.2208787134386,78.5034190431411,7115.76771673818
36.5256186715909,233.748492783903,7115.76807028505
41.4339700537984,2143.25246439273,7115.76830784755
179.09056297085,31.8159769363557,7115.7749703788
182.332773750596,78.5632323085927,7115.77512730068
186.164154543532,142.318379303674,7115.77531273817
203.852491790116,1421.33438352232,7115.77616884755
215.436058960974,186.741400121093,7115.77672948817
229.455077560251,1416.24911798033,7115.7774080038
256.045854760735,929.835375362842,7115.77869498818
348.048387901206,89.3080262520662,7115.7831478788
353.761238824837,89.727801577677,7115.7834243788
359.54253035518,48.3655684946349,7115.7837041913
2.00574536106242,813.986877901129,7115.78382341005
14.8883921167167,1093.83835322774,7115.78444692568
23.6226361284059,88.9390922020894,7115.78486966005
39.1977092632809,1554.67505535967,7115.78562348818
48.6951302291813,315.208109613607,7115.78608316005
71.0529225367281,166.418032132576,7115.78716526943
179.663271183188,58.717787576601,7115.79242197255
190.953383271193,302.803976337529,7115.79296841005
197.162751175163,107.58258867094,7115.7932689413
203.45960685905,218.45827924416,7115.79357370693
210.610678390806,1145.91647282225,7115.7939198163
221.203148537951,742.930106323314,7115.79443248818
242.869755574158,1993.24934335721,7115.79548114443
353.16537110316,94.3216962867588,7115.80082980068
356.410810236458,96.1466600779559,7115.8009868788
2.66989444687311,259.354121512345,7115.8012898163
12.706769194683,1209.22860613604,7115.80177559755
23.9707318068362,20.4176536788836,7115.80232076943
29.5954493925877,1313.15569529278,7115.8025930038
43.5647516854187,916.811848661325,7115.80326911318
59.5394919081645,186.640758403911,7115.80404228505
84.3779321428567,103.032887777132,7115.80524445693
179.153922660197,121.524235119352,7115.80983158192
190.401097984214,83.7716285229106,7115.8103759413
192.368118845113,214.99045599338,7115.81047114443
201.360629186606,945.226785731279,7115.8109063788
212.572615644828,784.267872866451,7115.81144903505
227.6960455379,214.640596962745,7115.8121810038
242.493737038104,1746.28955740275,7115.81289720692
358.136031872261,50.0363049604768,7115.8184942538
1.54837560634993,482.683504277048,7115.81865941005
8.20228444947471,232.297139857174,7115.81898145693
17.2684006881978,171.532940629326,7115.8194202538
21.3483628630327,1368.75377698686,7115.81961772255
37.8286594184781,1844.08666115132,7115.82041536318
59.4006764472854,1295.63992867787,7115.8214594413
175.017144640946,50.0832222916081,7115.82705523818
183.013715503566,733.154315035733,7115.82744226943
195.804354821914,555.373691479844,7115.82806133192
202.826616024123,973.430003270437,7115.82840120693
219.510943020703,139.248806929615,7115.82920872255
222.515225947688,1661.60418757499,7115.8293541288
0.304180345610039,87.6623842960278,7115.8360230663
3.91571195292364,53.043854031376,7115.83619786318
8.49122260203192,104.481569229709,7115.8364193163
19.7090200966456,227.557542253898,7115.8369622538
25.8783567172408,33.8718497694401,7115.83726084755
27.665236840536,1101.50688570343,7115.83734733193
39.1074032157442,1673.14317955913,7115.8379011288
62.8123836385609,105.198440236709,7115.83907273818
179.257241077177,39.4605736975251,7115.8447086288
188.134500061291,105.999112265387,7115.84513828505
192.455295569501,708.548997252478,7115.84534741005
203.541054381016,856.458903797375,7115.84588395692
218.510492974755,1379.25593168831,7115.84660847255
238.11904033157,1441.49614467182,7115.84755751943
352.149753324874,138.843422869961,7115.8530765663
358.683891190813,76.0106075303746,7115.8533928163
4.91521178618362,134.722524802733,7115.85369441005
11.8331979203397,1277.88424286734,7115.85402923818
21.2399028279369,22.0091687930246,7115.85448451942
33.3338688242382,1337.65187815271,7115.85506986318
50.9818519520924,1823.10067042835,7115.85592401942
176.879902288783,59.9449170857191,7115.8620174413
183.848250400095,153.374729583433,7115.86235470693
193.33824619041,1059.77837616678,7115.86281401943
207.665570186127,70.9608899418512,7115.86350745693
215.941391488721,1369.63207442165,7115.8639080038
239.303839716982,2270.74847813924,7115.86503873817
345.699554739458,32.868929800145,7115.8701882538
358.04177924472,87.7694930623285,7115.87078561318
2.47621193353464,288.570223272444,7115.87100023818
10.6251598811301,1160.51468435074,7115.87139464443
23.3212092296611,72.5969007131511,7115.8720091288
26.2935317195666,1182.07410526594,7115.87215298818
50.8862961281393,1257.96795202859,7115.87334326943
72.2584795754285,1936.95237626912,7115.87437767568
172.870643220075,152.637930073141,7115.87924726943
183.955187316588,81.8429699012135,7115.87980798818
186.580141595162,1089.98399195315,7115.87993503505
200.528782538013,822.071855033357,7115.88061014442
211.356597930244,624.667595428008,7115.88113420693
230.6232652016,2161.1317180259,7115.88206670692
359.399370818568,103.396957662483,7115.88829942568
2.73584880794155,61.5303155648839,7115.88846091005
9.37555297060597,178.510817239186,7115.88878226943
15.9051711415728,1112.91043047856,7115.88909830067
27.4955178173051,333.512772954236,7115.88965926943
36.8279712321281,888.164819468074,7115.89011095693
54.8714246634017,97.7455755224454,7115.8909842538
59.4291794807259,1968.97009807628,7115.89120484755
175.310370673711,37.8815069590477,7115.89681345693
177.549862507291,167.543257045821,7115.89692184755
192.546419082947,1264.64161365192,7115.89764767568
201.754904585802,172.515945973117,7115.89809336318
211.118027133866,42.0536903911195,7115.89854653505
218.368208292829,1755.90342266219,7115.8988974413
250.18790994029,1654.35132259972,7115.9004375038
346.252649386229,131.117963708682,7115.9050870038
352.69768537064,104.301581260735,7115.9053989413
355.626102628075,39.5794334806521,7115.90554067568
2.70033987146771,873.833116976641,7115.9058830663
14.4414494929826,991.180248988144,7115.90645133193
21.4143172241011,222.210361222608,7115.9067888163
34.7728196852793,1359.94016048357,7115.90743536318
48.3392264991056,274.419820200933,7115.90809197255
56.3416083229525,1869.98794227122,7115.90847928505
175.819157974308,37.7573076970616,7115.91426195692
181.581725204385,209.860379074556,7115.91454086318
188.163319454118,743.334671593487,7115.91485941005
193.975602915475,246.121262259535,7115.91514072255
203.808770170254,1318.63853169989,7115.91561664443
224.564342749498,1487.47791861581,7115.91662120692
236.300609915851,923.346565873118,7115.91718923818
263.891200619471,1379.25593168831,7115.91852461318
342.551831006968,34.0792324915462,7115.92236348817
346.990783353171,153.006773917497,7115.92257833193
352.71105948997,135.070732376619,7115.9228551913
359.80466670434,1141.71128107188,7115.92319851943
11.0973614751867,168.883615425663,7115.92374508193
24.0145513131783,777.337527679833,7115.92437026943
31.8535797251409,70.1620497811639,7115.92474967568
34.7096823516012,1648.52620443412,7115.92488791005
63.4766761446357,124.50265818309,7115.92628022255
70.5357402766685,2906.25612464623,7115.9266218788
173.890046569399,248.703307947906,7115.9316241913
182.617833911568,362.660818042926,7115.93204661318
192.943644122424,1449.81415761691,7115.9325463788
206.302469418957,651.983134147827,7115.9331929413
212.322011599835,1393.13560687526,7115.93348428505
239.02868582841,164.943780855964,7115.9347768788
248.525138325828,3308.70264519945,7115.9352365038
348.108433510873,70.0950686383095,7115.94005630067
351.411014051037,209.681244589532,7115.94021614442
356.625088184426,132.117247697572,7115.9404685038
7.43353360568046,1448.1543741951,7115.9409916288
22.6283095484963,1370.50981674491,7115.94172705068
37.6816846956631,34.353794114983,7115.9424556288
40.2620880334728,1069.37958488373,7115.94258051943
67.5036963865679,1671.70510767534,7115.9438990038
180.07133071248,719.495740764131,7115.94934723818
192.316705325274,135.487399077761,7115.94993991005
200.244835618764,87.5014921630779,7115.9503236288
204.598560070119,1408.58680275358,7115.95053434755
226.091160165305,1002.03956243661,7115.95157458193
241.432179434097,1805.86989806386,7115.95231708193
353.130747598552,67.8822345556718,7115.9577232538
0.061324198809718,277.416062344216,7115.9580586913
7.73732203424288,157.365426245448,7115.95843020693
12.4703750964261,326.452309629133,7115.95865928505
20.7820308603611,1561.62083264633,7115.9590615663
39.1366952438536,84.4974160085776,7115.95994992568
44.2510139665784,1536.7823680279,7115.96019745693
72.8804066989809,2952.23379076504,7115.96162623818
166.397994660775,106.264663735089,7115.96615245693
179.558277642045,703.011704406009,7115.96678941005
187.364054313091,1406.02340881202,7115.96716720693
201.551914450124,721.165016592806,7115.96785389443
216.69180883356,1616.11235505177,7115.96858666005
234.039557373687,824.26310221706,7115.96942628505
268.814794185335,3070.43324099254,7115.97110939443
338.683258228143,70.0280250454099,7115.9744910038
344.611115882235,96.7796884299155,7115.97477791005
346.401224321499,158.554919194032,7115.97486455068
358.812534991436,1213.19987389512,7115.9754652538
7.78761237408338,905.594599309723,7115.97589964443
19.9574441150999,1240.64236661781,7115.97648866005
35.1941883534213,97.6013020403954,7115.97722611318
55.4542124583918,1827.05384155213,7115.9782066913
77.9879486815078,3317.41367709526,7115.9792973163
167.561164265306,137.004352307457,7115.9836326288
172.885001555038,847.283576632663,7115.98389030068
179.456910856865,187.944909635362,7115.9842083788
189.317518816168,1318.63853169989,7115.9846856288
208.082503816668,821.340162548978,7115.98559384755
216.906495380595,1830.99857498092,7115.98602092568
256.343439242266,3294.13318844729,7115.98792966005
346.39993566959,21.4826541972135,7115.99228836318
352.351682914466,72.01221563502,7115.99257642567
355.937387918865,1343.03479448761,7115.99274997255
9.69878582146556,324.373694571278,7115.99341601943
14.9984106474756,227.227042737255,7115.99367251943
26.3350106507927,1605.66149265406,7115.99422120693
41.812265424717,101.470998270514,7115.99497030068
57.3757165619727,298.55476424423,7115.9957235663
68.0514775918358,3878.86789354752,7115.99624026943
168.812790043072,204.785285951026,7116.00111708193
181.030723876176,1299.3470743794,7116.00170842568
199.362386104378,1187.14960084532,7116.0026129413
210.984047546479,853.646264786789,7116.00317542568
224.761587104088,1476.93113294878,7116.0038422538
268.980977499032,1938.19360561065,7116.00598245693
344.418309024564,125.928170668921,7116.00963359755
348.716183335308,24.2312975240466,7116.00984161318
355.557012420911,160.907481783212,7116.01017270693
1.53684619135234,1162.58513926937,7116.0104621288
12.2058277915058,91.9513076791389,7116.0109785038
18.1801733609098,1248.37229442676,7116.01126766005
29.0341381914107,25.1819017027533,7116.01179298818
45.5573715108442,2115.01327562758,7116.01259270693
66.209960401038,1082.23385808515,7116.01359228505
179.283473895005,75.0779230451748,7116.0190650038
184.329352086183,519.866094617072,7116.01930922255
198.075254004485,1131.12985644648,7116.01997451943
215.799102877054,747.368000819648,7116.02083234755
227.315843655557,1791.1606642329,7116.0213897538
356.458364544314,59.905719274056,7116.02764020692
6.0171238518627,123.289448095143,7116.02810284755
12.341743113212,884.773532217054,7116.02840895693
18.0387752171897,206.065775554265,7116.0286846913
27.60366832132,66.5897892382361,7116.0291476288
38.8676309334732,1644.14371006671,7116.02969280068
60.5900880351251,518.418363792961,7116.03074416005
67.4144526303645,627.069285386028,7116.03107445693
172.632796094943,47.1857448947066,7116.03616698818
185.456687229374,581.8095449861,7116.03678766005
194.783329645387,784.651121854552,7116.0372390663
210.243474220655,1017.52062331428,7116.03798733193
226.883573074243,1405.16787094924,7116.03879270693
242.215230155319,2846.05095046686,7116.0395347538
351.782836699927,227.722618539872,7116.0448573163
358.11746378212,266.641153601199,7116.04516391005
1.76321567399854,106.529556009871,7116.04534036317
9.80466035032022,1550.02732871168,7116.0457295663
25.2602852681988,106.441327973883,7116.04647761318
30.9673252306028,1142.76399454383,7116.04675383193
45.4857662532492,900.267527192966,7116.04745651943
66.611951001481,746.160300213461,7116.04847901942
174.184391948727,72.01221563502,7116.05368548818
187.233943305172,208.062053697056,7116.05431708193
195.600480703652,855.053750026258,7116.05472201943
206.123218940247,875.208128192639,7116.0552313163
219.967262054855,1046.64843458835,7116.05590136318
235.560413819286,109.743963916387,7116.0566560663
252.856186280647,1464.66749839647,7116.05749317568
349.372246095451,110.256394292296,7116.06216451942
354.695437752054,45.4102519475974,7116.06242216005
4.14185114525383,249.909148930527,7116.06287936317
11.8478724056352,1341.24289452586,7116.06325233193
26.4415335022867,270.558464521287,7116.06395866005
38.6630184867145,324.373694571278,7116.06455017568
44.1063039934423,2308.56178617955,7116.0648136288
78.5157710912644,37.9743909928454,7116.06647903505
178.609788012275,34.8122017324037,7116.07132355068
190.571069654767,251.258791550413,7116.07190247255
193.641533340979,176.286624187227,7116.07205108193
200.659274848216,161.257410202786,7116.07239073818
214.372893494084,1003.8380127142,7116.07305447255
220.835685235114,1617.59972083786,7116.07336726943
244.505793226687,21.2766783358465,7116.07451289443
268.163310789741,1462.20247021489,7116.07565791005
343.916372849715,71.3569550669924,7116.07932433193
352.578625140951,378.480136120629,7116.07974358193
0.898028915826021,227.227042737255,7116.08014623818
3.50974705758736,221.193383054263,7116.08027264443
13.47914970475,92.2063675412588,7116.08075516005
16.4501808532348,1299.3470743794,7116.08089895693
27.5988921080084,1276.00086052837,7116.08143855067
46.118524080161,70.2289684739732,7116.08233489443
57.2091254220033,2310.64434252914,7116.08287167568
177.805899109791,34.9804595012326,7116.08873695693
181.915239038864,857.16067577124,7116.08893584755
195.341213525524,793.792975795071,7116.08958566005
201.377543069704,150.15584609035,7116.0898778163
210.71225629443,1390.54368020197,7116.09032961318
231.398742633834,1732.46283985407,7116.09133083193
257.471050237744,853.646264786789,7116.09259272255
339.831210390176,34.199622300779,7116.09657892568
355.129615692752,131.97494486139,7116.09731936317
358.088056375135,264.376659453447,7116.09746255068
5.11386872866813,241.808434386925,7116.09780259755
12.1041694562158,1032.18722458109,7116.09814092568
20.4213133460226,1085.56208466837,7116.09854347255
37.215403536528,266.359156952944,7116.09935630068
48.6417510545001,102.85036017299,7116.09990933193
52.7065400803921,1975.06810906134,7116.1001060663
85.8085339869319,1914.4723584219,7116.1017081913
166.174555334131,92.3081958092986,7116.1055978788
179.708678875523,888.164819468074,7116.10625292568
187.759808462167,1040.88804242508,7116.10664259755
198.303208048742,677.755851441475,7116.10715289442
215.841105222482,191.313714870134,7116.10800172255
218.525137882469,1796.52337450875,7116.1081316288
240.285366495175,2598.6941487588,7116.1091848163
352.967283672402,85.9852605783473,7116.11463858193
0.428274739791163,166.192073991489,7116.1149996913
5.89674121630571,342.188444246716,7116.11526436318
13.3951808842288,1276.00086052837,7116.11562728505
28.3136118676837,1379.25593168831,7116.11634933193
43.0241384984904,48.0488947240953,7116.1170613163
52.0079323229783,1152.19545016032,7116.1174961288
77.8226192677948,2825.69745380101,7116.11874555068
172.441390244998,204.234046341512,7116.1233250663
182.771397240305,744.950601205829,7116.12382503505
198.032999650641,1840.17001636505,7116.1245636913
211.220077778473,150.15584609035,7116.1252019413
222.407415771424,65.5231424673275,7116.12576376943
229.080694585526,1774.9751668461,7116.1260867538
255.437095122155,927.893539781621,7116.12736239443
346.066619982827,67.2914918231626,7116.13174883193
358.270994768598,48.2683545910412,7116.13233951942
1.19489236864345,862.753923858151,7116.13248103505
8.67170225568613,233.909225322293,7116.13284291005
21.9323862807481,1382.73892336116,7116.13348472255
37.9193942094061,187.243803795312,7116.13425848818
45.77617841557,270.002326052676,7116.1346387538
51.5774855500184,63.335996169922,7116.13491953505
65.7960148202928,2463.77629409267,7116.13560770692
172.278571914393,44.4959451229021,7116.14076142568
177.092656049391,891.543117109705,7116.14099442568
195.138046530378,818.406786784465,7116.1418678163
199.966980941381,1185.12188951314,7116.14210153505
216.848881671994,1808.5315467431,7116.14291861318
233.371146485362,1796.52337450875,7116.14371828505
0.0394760789105497,134.861927181262,7116.14984898818
4.960740762575,116.713375075683,7116.15008717568
16.4658595434587,1093.83835322774,7116.15064401943
24.471469720857,324.836768594849,7116.15103148818
32.3414901014159,34.0619997485359,7116.15141239443
38.5440785380932,1678.88303259645,7116.15171259755
76.2244886119375,1995.6611918559,7116.1535363163
174.568428301893,572.958236411125,7116.1582961288
185.85466640322,45.6938271942153,7116.1588423788
187.747112823241,818.406786784465,7116.15893397255
206.377476495384,1665.94060768688,7116.15983567568
216.298454252687,1233.83903094521,7116.16031584755
239.652508836879,1377.5111051828,7116.16144617568
358.471465865381,285.427820267969,7116.16723403505
3.75107504970424,70.4959979280773,7116.1674895663
5.84303221588811,120.904217193463,7116.1675908163
14.8817076373385,1303.96626829565,7116.16802828505
31.1127772153405,286.741325128403,7116.16881386318
35.6766658668294,1112.91043047856,7116.1690347538
52.8423366572226,409.570571902051,7116.1698655663
63.2934060463015,97.8896408376784,7116.17037139443
183.091205927072,47.2851896526905,7116.1761695663
186.941311057857,120.904217193463,7116.17635591005
202.779170179926,931.127730474657,7116.17712245693
213.570828237879,84.4974160085776,7116.17764476943
218.614769416926,1075.54642969632,7116.17788889443
251.510150274655,1799.19878995349,7116.17948101943
350.441645876191,113.778771126949,7116.18426926943
356.889910138988,177.455175554009,7116.18458136318
4.49230203960886,56.6825891779033,7116.1849493163
6.57651127001776,1129.00155890827,7116.1850501913
22.1057420851257,1234.81325164931,7116.18580180068
35.9623757034181,43.427459545109,7116.18647245693
37.9368216647363,214.114725949344,7116.18656801943
47.3441722806266,50.6891854878955,7116.18702333193
51.7869986510916,2071.35264496117,7116.18723836318
75.8845373831633,379.867581834503,7116.18840467568
176.598070577667,39.4903242051381,7116.19327917568
184.833537799115,733.154315035733,7116.19367776943
190.410476015386,225.233776074418,7116.1939476913
202.936069649385,210.575404335778,7116.19455392568
206.410397245501,1370.50981674491,7116.19472208193
225.668348037433,1359.94016048357,7116.19565416005
243.319882354194,1116.14728570686,7116.19650848818
352.305362864613,24.4963910267515,7116.20178334755
357.120092707904,98.2727649256887,7116.2020163788
0.994733100183236,270.558464521287,7116.20220391005
16.08910803679,984.485049038142,7116.20293447255
30.6327300668059,1314.07096315428,7116.2036383788
57.2648298920859,1788.47314735719,7116.20492736318
177.46324158869,77.5401479136129,7116.21079205068
189.82548173564,622.256690618883,7116.2113903788
196.786404633784,898.261687254376,7116.21172728505
215.272784865019,1651.44131702988,7116.21262201943
251.92368077097,1686.03031536207,7116.21439591005
356.225824450487,246.121262259535,7116.21944409755
9.5585002711678,193.365143341673,7116.22008939443
14.6744331706683,1348.39617249582,7116.2203370038
28.0816833946442,901.60223731317,7116.22098591005
38.5895713552337,869.694982696956,7116.22149448818
64.7448469689244,2157.7908349002,7116.22276039442
175.41906636875,37.0667559146387,7116.22811698818
180.199575889893,801.33155666573,7116.22834836317
194.428435853949,578.700976028301,7116.22903703505
200.000531652642,263.379817955212,7116.22930672255
212.473503424416,1762.73851071329,7116.22991041005
231.83960327108,1280.70409832759,7116.23084772255
266.180629837355,1536.7823680279,7116.2325098163
345.570404549595,21.0965411806541,7116.2363522538
351.682276927969,279.306022754611,7116.2366480663
359.176842646796,131.547162052215,7116.23701080068
7.54079732485254,188.941973178203,7116.23741561318
10.6018988609303,1328.63176016684,7116.23756376943
22.2690797498606,1290.05928162229,7116.23812845693
37.2614395034829,74.0701180945713,7116.23885408193
52.5114198786164,1951.79516992994,7116.23959217568
179.540353857892,35.1813057852812,7116.24574033193
185.257078768202,668.376243240232,7116.24601701943
203.015147925337,784.651121854552,7116.2468765038
208.410008467039,1225.03618360525,7116.24713761318
225.129201343729,1308.56903091114,7116.2479468163
263.639964428841,2341.66108725731,7116.24982859755
346.499547079807,98.3683204336394,7116.25383897255
350.198889264811,115.824579094426,7116.25401801943
3.07346517416949,1149.06029136108,7116.25464114443
12.2212581564175,270.974798155521,7116.25508389443
20.9057858992436,1278.82493483611,7116.25550422255
32.5226048861832,50.5499912761831,7116.25606647255
47.4610515113255,1406.02340881202,7116.25678948818
64.3916999671529,2994.29481209756,7116.25760892568
174.113562285221,175.002984326156,7116.26291942568
179.365407892081,781.195330645801,7116.26317361318
192.116661597765,1405.16787094924,7116.26379076942
206.103719684797,241.963782343646,7116.26446773817
219.030271748088,1595.14246256265,7116.2650933788
235.33752990616,2565.16119456762,7116.26588264443
351.270374304974,109.143097337672,7116.2714937538
356.205197960806,121.21462167336,7116.27173259755
2.49817965801364,45.3843837511236,7116.27203717568
8.09739343862333,1216.16972048599,7116.27230817568
24.7604133769302,1322.28117344368,7116.27311466005
47.9637050153407,2422.43181070023,7116.2742376913
182.620534662797,135.833649883565,7116.28075503505
191.508124303109,101.192866586164,7116.2811851913
195.777589365681,1088.32787226731,7116.28139183193
208.962730556548,971.575264685498,7116.28202998818
226.38440782926,1003.23893637011,7116.2828731913
251.12761234826,1867.41400121093,7116.2840707538
343.353223027904,24.1220082103366,7116.2885344413
349.013775037414,172.406991461038,7116.28880841005
1.33017290217873,132.89712386122,7116.28940451943
6.2930830459935,292.193658157913,7116.28964472255
12.4161647592916,32.4192651890431,7116.28996480068
15.3871958701937,1550.80304153898,7116.29010859755
36.407491448762,1374.01501287826,7116.29112597255
57.2111661952587,1401.74050144992,7116.29213286318
180.956889567765,89.3080262520662,7116.29812211318
193.089272670666,1270.33383812147,7116.2987093163
205.659094334908,1136.4328367236,7116.2993176913
229.208462880812,111.020602433509,7116.30045747255
237.207293515753,1619.08586537862,7116.30084461318
261.51596502919,2604.24104503443,7116.30202114443
342.974775710147,133.461450224637,7116.30596372255
351.173439964189,72.2076357040358,7116.30636053505
354.279415276385,876.581029984891,7116.30651086318
4.43832084886729,1298.42125939916,7116.30700255067
17.7077214661005,79.0401008532449,7116.30764478505
26.7118537676308,1761.37360252682,7116.30808058193
42.1125970885469,285.953954959339,7116.30882597255
47.8364243766695,960.997392773777,7116.3091030038
87.0473851809701,1993.24934335721,7116.31100080068
170.192997814369,40.0806436651191,7116.31502501943
182.348947672698,856.458903797375,7116.31561336317
192.650545419832,1347.50410829554,7116.31611195692
214.342656298763,185.833667898372,7116.31716184755
221.568624994004,1407.73281920303,7116.31751158192
247.234808840524,2203.01377140686,7116.3187538163
352.249767534678,155.322421591109,7116.3238365038
359.899293058904,596.605820302187,7116.32420673818
12.6402161083889,1269.38692890377,7116.32482339443
23.1158207965443,102.117023170756,7116.32533041005
30.8483143305502,1623.53597232823,7116.32570466005
43.9750227731311,376.888187325619,7116.32633998818
69.4019873878859,314.730852490896,7116.32757064443
81.9588957506711,3273.62714713786,7116.32817839443
173.440338890445,701.727620455728,7116.33264017567
178.46652427529,487.023754658367,7116.3328834413
192.989162157553,1551.57808823247,7116.33358633193
214.825902148102,1469.58523128404,7116.33464322255
232.23176060116,1533.64931865241,7116.33548566005
359.065380656307,69.8265056886527,7116.34162436318
3.45752221426098,86.5840871222545,7116.3418369413
7.41287084400015,138.029074281398,7116.3420283788
20.2064157181268,992.392723553337,7116.34264758193
30.516407109329,1246.44428112219,7116.34314658192
57.5817487114998,95.5585957584937,7116.34445653505
68.039597567871,1906.92017731919,7116.3449626913
174.178983272674,37.0984250264161,7116.35009980068
176.313554367491,182.87805991779,7116.35020311318
191.195505256477,146.610362738997,7116.35092339443
195.521143257432,1397.44482652304,7116.3511327538
212.4272563766,921.391019037543,7116.3519510038
228.606349838253,1749.04180028079,7116.3527340663
3.73742101445732,82.2437465353154,7116.35927436318
7.18656771595192,89.0446605339434,7116.35944130068
13.0527642306237,1085.56208466837,7116.35972522255
23.7127064784162,30.6695849272565,7116.36024116005
32.4401710603958,506.094277596958,7116.3606635663
44.6800575097354,1505.15788721606,7116.36125597255
77.2542196319849,318.056414538859,7116.36283255068
180.283110367202,55.9737707572783,7116.36781911318
184.186482918175,152.021215060749,7116.36800803505
190.124671228465,149.403184268593,7116.3682954413
201.541010963177,1003.23893637011,7116.36884798818
216.392615554277,943.316647017411,7116.36956680068
237.431635433112,2529.28322730384,7116.37058508193
347.999506322872,35.081024890582,7116.3759600038
359.606317451385,120.515070145544,7116.37652176943
5.48639584874447,762.894192263275,7116.37680636318
13.6769892940729,105.019680451957,7116.37720278505
23.2648034829214,1217.15804102251,7116.37766683193
38.3462650804884,2101.32355960013,7116.37839676943
63.904622745214,37.4763449439985,7116.37963378505
78.572535409805,394.617671872766,7116.38034370693
172.877512714366,33.4532297696644,7116.38490803505
187.620645452962,597.10952848846,7116.38562159755
200.504260752264,983.874204329993,7116.38624516005
218.447313139746,50.9203269827285,7116.38711359755
225.588376813076,1915.72824270736,7116.38745922255
262.475263597241,1295.63992867787,7116.38924453505
349.421587927917,108.8845680286,7116.39345270693
359.360644314777,58.7577694832753,7116.3939337538
5.05412530501326,1212.20822268953,7116.3942093163
25.0600799022135,190.329085825169,7116.39517759755
27.2288712815953,1431.45073572271,7116.3952825663
45.8459988169261,1906.92017731919,7116.3961836288
69.6148936755156,328.746446731643,7116.39733403505
177.176681093625,46.3571993292167,7116.40253998818
188.8487044753,628.505858468742,7116.40310491005
199.510583735223,199.204250317386,7116.4036209413
210.348084112943,1129.00155890827,7116.40414547255
224.995658300491,2005.27883187362,7116.40485441005
254.944543346395,895.580332116452,7116.40630392568
344.920008663323,64.3659153753973,7116.41065870693
2.08955347797739,686.131762517306,7116.41148970693
8.27018926083658,171.094222123358,7116.41178884755
13.7564115691352,340.206030013945,7116.4120543788
27.1994961792863,150.655543595946,7116.41270501943
29.4070275382049,1161.55041141042,7116.41281186318
42.9460763035989,2046.82493176733,7116.4135103163
68.9993367343048,212.882655947766,7116.41477128505
175.799561412562,38.2823807376642,7116.4199403788
182.267195646336,156.287163766144,7116.42025341005
189.497684036548,207.519515460497,7116.42060336318
197.560435658395,868.311145207912,7116.42099359755
209.205986728862,1068.25448487058,7116.42155723818
227.568399085713,133.812919078657,7116.42244597255
230.61465027062,1436.48226647031,7116.42259341005
256.974601996156,2316.88113139228,7116.42386922255
344.01228798068,39.3413565613621,7116.4280818163
351.129784860999,155.564172654721,7116.42842630068
354.619285681224,363.695545901876,7116.4285951913
6.0753338263719,290.646284817342,7116.42914966005
13.7674732416481,1710.10750005252,7116.42952195692
28.4489448784066,1226.01739871442,7116.43023253505
40.4857694678421,828.628166082979,7116.43081511318
67.2147191855899,1791.1606642329,7116.43210878505
174.485957001461,26.3219255419722,7116.43730067568
176.428119727928,166.530886303029,7116.43739467568
190.700884924454,179.664894073284,7116.43808547255
193.451098343668,1180.03773419417,7116.43821858192
203.607744106247,379.273584760753,7116.43871016005
219.095006701015,1031.02160142754,7116.43945973818
237.284380585327,1967.74840865999,7116.44034009755
359.522797222616,55.7635777831411,7116.44625639443
1.66156513946683,277.957379335447,7116.44635991005
9.01021040525533,134.303471122088,7116.44671558193
16.7023498205316,239.151976000329,7116.4470878788
25.1295797772015,1623.53597232823,7116.4474957538
39.7561698169973,793.035193069613,7116.44820367568
48.1898564056044,79.7500537830231,7116.44861186318
81.3428579600106,1214.1906369223,7116.45021645693
177.100897011409,54.1828248934451,7116.45488005068
183.053612799933,163.915367390466,7116.45516816005
188.03492440866,172.62481721847,7116.4554092538
199.699845450104,1008.61818896902,7116.45597383193
212.302918892846,1160.51468435074,7116.4565838163
225.55553218436,799.829591446866,7116.45722523818
246.946117096561,1472.03804701235,7116.45826053505
352.14315354045,107.844240482269,7116.46335203505
357.381117302205,111.779571709825,7116.46360555068
4.79852593489597,898.930818671317,7116.46396455068
13.1050163707317,902.934949031931,7116.46436658193
26.7908713639716,908.246422515191,7116.46502897255
37.2051377856444,83.1525473476979,7116.46553301943
53.6434660831671,2869.6141018969,7116.4663286288
177.004695479163,27.30728490552,7116.47229926943
181.448167445173,66.6250457581619,7116.47251433192
184.025988175307,809.542932689311,7116.47263909755
199.854162274305,805.820854488104,7116.47340517568
206.706936155299,588.998960715514,7116.47373684755
219.372962041299,2333.43033784195,7116.4743498788
272.348549064169,1440.66181206881,7116.4769138788
344.267647685948,100.166444583216,7116.48039473818
357.989659975884,873.144778701374,7116.4810588788
3.348040423118,46.4331316452071,7116.48131822255
10.6866778304802,290.646284817342,7116.48167341005
21.6061777494976,267.766253614354,7116.48220191005
28.4292510033164,2109.3200519573,7116.48253214443
47.5822811316504,319.000215132093,7116.48345914443
53.5847131514547,86.5298180330321,7116.48374966005
60.9527283506375,116.229421920355,7116.48410626942
184.422752472076,53.396891075419,7116.49008217568
195.644746788724,291.936336216381,7116.4906253163
200.843324937815,743.738959307905,7116.49087692568
213.446398380557,403.655886493937,7116.49148691005
235.202752969001,1443.1635886325,7116.49253991005
357.560795246495,104.301581260735,7116.4984980663
6.16493762479902,68.6391846138612,7116.4989145038
15.8689716395098,208.062053697056,7116.49938417568
23.0797672609731,1240.64236661781,7116.49973317568
36.274270564391,748.573703024391,7116.50037178505
50.8998921357042,1427.24443374931,7116.50107966005
73.4252347147522,77.5401479136129,7116.5021698788
180.204152334736,39.1618508455149,7116.5073379413
185.455352233303,473.566574843431,7116.50759209755
193.502285035497,170.213426686772,7116.5079815663
204.1577076259,748.975215181247,7116.50849728505
215.792928077751,1443.99658896788,7116.50906042568
227.809414152562,838.72497835813,7116.50964201943
1.98909679065581,111.020602433509,7116.51613626943
5.93411476419625,45.7965089462053,7116.51632720693
8.25754311362221,155.443338756278,7116.51643966005
24.2542359901859,391.75046540052,7116.51721389443
28.835880473459,1226.99783666746,7116.51743564443
42.6515142647288,947.767753167739,7116.5181043163
77.6382066930971,2349.86297087403,7116.51979766005
169.335985550869,22.8083316122785,7116.52423580068
174.68048419058,848.701664502016,7116.52449447255
187.327140068021,600.122673777292,7116.5251065663
193.556846486616,379.075382195282,7116.52540808193
211.482788750606,2538.77385780754,7116.5262756913
233.308875212019,848.701664502016,7116.5273320663
257.380587341176,1046.64843458835,7116.5284971288
341.032079105047,28.5065530208906,7116.53254583193
345.411307361544,65.0555026515676,7116.53275778505
357.113354205749,141.789330276865,7116.53332416005
3.61359458489549,480.498696386888,7116.53363876943
12.8553319038326,1105.8650661866,7116.5340860663
25.3250753972211,44.2843123282799,7116.53468959755
28.7144979714263,1097.67928080373,7116.53485364443
44.3221772140905,1089.98399195315,7116.53560905068
64.2631234184148,317.109838388063,7116.5365990663
72.2464581066399,1651.44131702988,7116.53698545693
169.344585669568,78.9806484102762,7116.54168497255
181.285851707956,712.357284271548,7116.54226292568
191.242663889017,234.390673536922,7116.54274483192
197.125647804573,865.53697542513,7116.5430295663
210.364056415627,1463.02447934232,7116.54367030068
228.827192614042,1315.89994456505,7116.54456391005
5.73449034682162,331.478455795065,7116.55119017567
10.4045910409119,125.104843151647,7116.55141620692
17.783582567004,1219.13235062721,7116.55177334755
31.1414393574718,247.035669698192,7116.55241986318
36.7164406367774,288.570223272444,7116.5526896913
50.3512880573164,1453.95528949877,7116.55334961318
73.7741060459943,1911.95836940494,7116.55448326942
169.680657408148,84.0515226863126,7116.55912511318
176.905012001778,513.172893068514,7116.55947476943
183.145694747282,946.498102116777,7116.5597768163
196.616865845416,652.4440432365,7116.5604288163
208.741500937376,1417.94620489577,7116.56101564443
228.123419603694,2335.49068973105,7116.56195372255
263.208575950975,1807.20127751499,7116.56365183192
343.05741904302,30.0116112517124,7116.56751648818
345.541618159072,79.867765179209,7116.56763672255
352.881869780793,312.333797714004,7116.56799198818
3.24932541421584,314.013676172564,7116.56849376943
7.82871005000308,231.486885216015,7116.56871541005
11.1474322451749,1268.43935355225,7116.56887603505
28.0703326900619,1649.98437135466,7116.56969509755
48.3242229608677,1284.45443170477,7116.5706753788
63.5467625563114,36.6525906847492,7116.57141214443
68.5019247267685,295.518526316485,7116.57165197255
180.733812838968,51.150424174029,7116.57708395693
182.158528288648,92.8662632904143,7116.57718183192
187.208926174798,104.391620348032,7116.57742626943
201.041670127141,800.580879367629,7116.57809576943
206.936921635862,959.745283246605,7116.57838109755
221.637440445825,1206.24166211059,7116.57909259755
256.949871229479,1371.38689293437,7116.58080170693
342.874106567848,65.199748378042,7116.58496041005
352.986201389663,43.1562043046174,7116.58544983193
356.782393429551,422.576029723842,7116.5856335663
5.30130791300705,259.788413004003,7116.5860458788
10.7123100721353,142.186304397107,7116.58630776942
20.7039882460539,1651.44131702988,7116.58679136318
31.5537562545208,857.16067577124,7116.58731648818
42.6285388142925,92.0534204418288,7116.5878525038
70.0819255067147,1610.14868105269,7116.58918123818
167.266249432975,45.8477665554735,7116.59388492567
181.916083468009,705.572766879214,7116.59459397255
189.98948858141,142.845499317978,7116.59498472255
194.294465269967,980.813985584916,7116.59519308193
214.656181722567,1453.12806232312,7116.59617858193
225.124038437365,1000.83874521317,7116.59668522255
2.86359940177858,44.5223302669717,7116.60335176943
5.14086263366508,22.0091687930246,7116.60346198818
7.16760754668755,86.3668095374415,7116.60356008193
17.9808954606862,884.093742659076,7116.6040834413
26.0820641515493,328.746446731643,7116.60447553505
35.3008803857684,1258.92340996359,7116.60492172255
52.60666063039,73.8796315791213,7116.6057593163
69.6002615294755,962.872559462369,7116.60658180068
175.919787934299,200.145219841907,7116.6117276288
188.914134896009,181.951051447804,7116.61235655068
202.131559321728,1295.63992867787,7116.61299626942
221.844381709013,1196.23111416445,7116.61395036318
247.978027541824,1673.14317955913,7116.61521522255
344.677074076739,37.4136242820011,7116.61992551943
356.634804567908,220.853349497396,7116.62050426943
2.63207129719524,84.552989609854,7116.62079453505
6.31430335870755,334.188121620116,7116.6209727538
13.730420649978,1411.14553375843,7116.6213316913
26.8555148782005,266.641153601199,7116.6219669413
31.5527335542084,124.124807654447,7116.62219428505
41.198657655988,1028.68635831754,7116.62266114443
52.4823130744734,1781.73698017758,7116.62320726943
75.9277293876797,442.386766108527,7116.62434201943
176.387838745123,102.575975491348,7116.6292042538
183.775869585994,250.659853984203,7116.62956183193
194.075207523225,855.053750026258,7116.6300603163
205.570964116392,540.004652105353,7116.63061670693
210.814416041602,1425.55822701951,7116.63087048818
232.501361592434,1438.15548359072,7116.6319201288
1.9812428716792,210.932007971287,7116.63818691005
6.84988580586708,66.7659053044112,7116.63842255068
11.2446100090794,960.997392773777,7116.6386352538
30.9215978974419,1176.97662727068,7116.63958761318
44.708822440539,835.132962784257,7116.64025491005
71.045530170836,325.530130629303,7116.64152959755
86.026267926839,3081.37937388153,7116.64225466005
163.85966519296,162.765065314652,7116.64602176943
168.91877952095,491.325591323033,7116.6462666288
184.913212587611,1309.48751841942,7116.6470407538
204.141462752367,2268.62928442984,7116.64797139443
223.898513207479,870.385985507482,7116.6489276288
238.371111985524,1645.60576276784,7116.64962809755
353.363221375364,85.2170278786701,7116.65519367568
358.427500993871,81.4402295601369,7116.65543878505
6.09897913433183,188.543777812633,7116.65581008193
11.7989167565057,1078.33786344713,7116.65608595693
21.6520996153888,480.185780027398,7116.65656284755
38.0817113959055,1321.37156771961,7116.65735803505
55.7445448749303,96.5367091820823,7116.65821291005
68.6197664549994,2136.50896974116,7116.6588360663
175.041288060558,43.9382315253756,7116.66403278505
176.963112272399,797.571231281324,7116.66412580067
195.559901293105,930.48180271893,7116.6650258788
207.57445043095,1489.90120241166,7116.6656073788
220.234988115913,762.105656360035,7116.66622014443
238.565117200329,2146.61599606814,7116.6671073163
350.747289043666,47.6562539430958,7116.67253689443
355.865158955297,71.4227496589892,7116.67278459755
359.703319290691,145.710499221963,7116.67297036318
8.08341558617335,337.767230851327,7116.67337595693
13.1086324649533,584.387316315826,7116.67361917568
25.6878163169118,1601.16175873526,7116.6742280038
40.0745415293977,256.8791568347,7116.6749243163
46.3594523427276,1495.54024719833,7116.6752285038
191.001503494582,923.346565873118,7116.6822291288
201.968136999622,619.351181452288,7116.68275991005
212.733968454661,1096.58326863382,7116.68328097255
233.577674446949,62.9267679630452,7116.68428980068
235.517254528158,1649.98437135466,7116.68438367568
257.630339440485,1661.60418757499,7116.6854539413
348.642744063309,136.935782157899,7116.68985891005
352.454432087495,75.3901038819116,7116.69004339443
358.317400286199,1032.18722458109,7116.69032716005
15.5466691905603,255.264948068046,7116.69116105068
19.1891927664703,1374.88986862166,7116.69133734755
36.3842413486842,301.809521818797,7116.69216958193
43.5033523681962,2396.47990341041,7116.69251414442
74.0485097675201,284.636758607348,7116.69399251943
176.742945592862,35.014012522705,7116.69896289442
183.497578315134,121.9101625205,7116.6992898163
192.651505093964,763.288099392412,7116.69973286318
200.806909748662,817.671763631012,7116.70012758193
219.584265464545,175.645983868655,7116.7010602538
233.357285327181,1455.60841158243,7116.70172686318
251.204779201199,2504.43887850338,7116.70259067568
343.499476120683,85.3271966971825,7116.70705770693
347.070330773912,68.0895131943693,7116.70723053505
354.081938484568,85.4921897164296,7116.70756989443
357.032308320655,449.465409335659,7116.7077126913
3.36467559294468,204.417940907753,7116.70801917568
12.1350769013297,1411.99740788522,7116.70844366005
30.0761923142635,1711.5132644463,7116.7093120038
46.790542735792,60.6460506813455,7116.71012097255
50.1150758921909,1009.21415668864,7116.7102818788
185.97962339543,167.767383318917,7116.71685767568
196.451354059324,906.258290633843,7116.7173645038
204.919906640789,87.9833012001896,7116.7177743788
213.03657131595,1015.74637589863,7116.71816722255
230.009833700411,1123.66349558357,7116.71898872255
252.02639163079,1511.53578542562,7116.7200543163
349.700775905452,155.080295827226,7116.72478172255
359.071969224646,142.318379303674,7116.72523528505
2.24412529606967,147.886355938986,7116.7253888163
5.99286091458115,22.7438814309755,7116.7255702538
11.9362145153887,1375.76416925356,7116.72585791005
32.7266530874905,1411.99740788522,7116.72686416005
38.8901787468587,915.499287490462,7116.72716247255
64.1121444895787,311.369791061722,7116.72838320693
78.8033011118257,43.5354877148519,7116.7290942538
176.363402572756,40.4307004542304,7116.7338161288
185.022103675085,108.798248188435,7116.73423520692
193.868370728185,561.296398249311,7116.73466336318
201.409424399906,229.857827216406,7116.73502834755
208.476882176007,943.953804011244,7116.73537041005
224.657912612208,1042.04267437069,7116.7361535663
246.86623327781,1583.0348143453,7116.7372284413
351.074659239594,142.186304397107,7116.74231026943
0.487820816711473,90.0935090419885,7116.74276586318
6.28880515338735,242.42924334672,7116.7430466288
15.2338590735037,1593.63400253909,7116.7434795663
33.0171091628422,144.02443127004,7116.74434026942
43.1924792632704,1691.72631458991,7116.7448327538
62.0323615024201,2664.49418084846,7116.74574459755
175.260834726621,115.336899753071,7116.7512248163
182.842565352427,742.120365160304,7116.75159176943
195.226112444902,1404.31188899726,7116.7521911288
211.586315112641,777.72421835931,7116.75298295692
226.62548561693,1735.2369541257,7116.75371084755
3.63157029189136,37.7573076970616,7116.76034189443
5.81359780808539,170.323782855419,7116.7604475038
15.7148827590559,174.034023303626,7116.76092672255
22.0608090035131,1168.77463263165,7116.76123386318
33.5216997165708,757.357287994864,7116.7617885663
51.6965461226499,30.187179145269,7116.76266822255
53.4153084745875,330.570293360921,7116.76275141005
64.283155112611,1523.42216619417,7116.76327741005
177.285968189962,55.2133373743491,7116.76874670693
181.046002933155,700.011937304623,7116.7689286913
189.543287598148,204.601696696116,7116.76933995693
199.96788467602,732.744143139286,7116.7698445038
205.713664580378,1235.78669519731,7116.77012259755
222.442542480139,173.817960025247,7116.77093226943
225.789996796422,1116.14728570686,7116.77109428505
262.412160618844,2930.97657255714,7116.77286678505
344.74907681362,114.519470295615,7116.77685186318
350.100032047686,84.1632180614837,7116.77711084755
0.584353215265025,264.660793281024,7116.77761828505
4.08967281755992,324.141935514888,7116.7777879413
7.81839279438412,1463.02447934232,7116.77796841005
28.1035978691414,1294.71144916238,7116.77895020693
41.8837200344257,1050.66177980007,7116.77961716005
65.0553740711121,325.760918240547,7116.78073866005
75.6807731989844,403.655886493937,7116.78125292568
178.229622918693,71.2251785328633,7116.7862739413
188.899250189557,100.727606811013,7116.78679034755
192.64701726442,504.904840159526,7116.78697173817
208.66178877054,997.830595927951,7116.78774684755
219.754327124513,165.625832493355,7116.78828372255
228.132809318385,1318.63853169989,7116.78868923818
256.124035653524,1406.87828054098,7116.7900440038
347.402777414865,79.8089233589039,7116.79446186318
352.514836327687,87.0170116518132,7116.79470928505
356.455657479193,144.675244007075,7116.79490001942
3.66290194933283,491.019613857446,7116.79524884755
14.414528761494,1501.9588905929,7116.79576922255
33.5801493183472,69.2862503481884,7116.79669683193
39.4405349093747,1023.99977386369,7116.79698047255
51.9177035783485,1862.25546094931,7116.79758436318
178.726142626126,62.1002346767874,7116.80372184755
184.505820017277,204.785285951026,7116.80400158193
199.100449619993,860.660709367522,7116.80470795693
206.389693556265,1463.02447934232,7116.8050607538
219.376615304807,24.328029174514,7116.8056893163
223.699993495858,865.53697542513,7116.8058985663
259.447603030952,1512.33103817816,7116.80762873818
339.142131913143,32.6178806187016,7116.81148592567
353.000056835273,161.140850662989,7116.81215664442
0.182120335625857,561.296398249311,7116.8125042538
4.94681103711565,97.2155272949138,7116.81273486318
13.0034288247976,1488.28616097774,7116.81312480068
28.5607461278885,90.2497868104923,7116.81387776943
38.51949532108,1214.1906369223,7116.81435976943
53.067314135547,1144.86653490786,7116.8150638788
83.4329764303954,1604.16302463773,7116.8165335663
165.978765521468,64.1099812126456,7116.8205287538
169.504746398577,202.385733172328,7116.82069941005
177.241759627555,569.801428262906,7116.8210738788
187.488798613082,810.285227803575,7116.82156983193
199.534016846586,1456.43441751275,7116.8221528163
219.72915153375,1284.45443170477,7116.8231302538
230.989721551274,1310.40556183848,7116.82369609755
359.314506761796,79.1588669613041,7116.82990697255
7.54222597230248,89.2027771093318,7116.8303051913
11.1369702914802,251.258791550413,7116.83047917568
15.3137823212005,268.046751461526,7116.83068133193
27.4484252340039,1468.76677487029,7116.83126864443
41.0222572234155,115.662250610438,7116.83192561318
58.5133435713225,1448.1543741951,7116.83277217568
180.395029809563,252.154547242256,7116.83867120693
195.460349752122,110.851224033315,7116.83940036317
198.319680732134,1068.25448487058,7116.8395387538
207.669889978741,1048.37027947724,7116.83999130068
225.830208906587,1426.40155242901,7116.8408702538
250.564051275454,1319.55024684771,7116.84206736318
347.294149314653,54.7863143740557,7116.8467490663
359.151155964257,237.575487060937,7116.8473229413
4.60509496253914,273.734285238802,7116.84758691005
13.557251185303,208.963138459417,7116.8480201913
23.7448889164782,1528.15082810065,7116.84851326943
37.8959461236879,1406.87828054098,7116.84919817568
54.2713219779525,464.270621947094,7116.84999073818
73.7155473416527,118.470969145967,7116.85093183192
170.437251774366,22.3532893584011,7116.8556131288
185.576823322447,290.128671087686,7116.8563458788
192.420880724019,323.445603633843,7116.8566771288
203.655142708996,993.603754828598,7116.85722086318
210.246099108863,760.130791643832,7116.85753986317
228.651448267284,64.3659153753973,7116.85843067568
231.585676448363,1787.12800114056,7116.8585726913
355.034543311455,47.2603449430675,7116.8645729413
2.83709162894919,185.934739826976,7116.86495058193
15.0324271375249,261.949156810104,7116.86554083193
16.5846076864441,1290.99109180686,7116.86561595693
28.1862534868579,262.379173943117,7116.86617747255
39.6051759044102,152.514778584134,7116.86673014443
46.7081453064964,1488.28616097774,7116.86707392568
65.9680331105594,2684.27813310268,7116.86800609755
174.722365273092,573.482650256807,7116.87326976943
187.148203496427,926.596632755405,7116.87387117568
195.521197489262,1192.20344707571,7116.87427642568
212.884119178332,52.6438510839444,7116.87511678505
218.118531751181,1657.25633216596,7116.8753701288
247.258074725334,1149.06029136108,7116.87678047255
355.799014296598,123.36562327242,7116.8820338163
5.14050702619937,56.5166108357218,7116.8824859413
11.6220231050787,1025.17350164533,7116.88279964443
24.5269453123235,1096.03481845966,7116.88342423818
35.9662062069182,168.772329445233,7116.88397789443
41.005304855638,23.6674152498395,7116.88422178505
45.2085891965655,115.173877379693,7116.88442522255
58.1390152089522,1471.22092286622,7116.88505105068
178.741637504084,232.781932618664,7116.89088817568
193.50769136498,255.264948068046,7116.89160284755
198.816032707996,1333.14947969865,7116.89185976943
214.983827007385,205.517963758339,7116.89264228505
221.801412135332,1387.94697956968,7116.8929722538
236.18038937446,845.152059447685,7116.8936681913
265.444222983189,2794.88965304608,7116.89508455068
342.024060111342,127.485175194231,7116.89879098818
347.735619731135,117.195336768461,7116.89906742568
352.475775133549,120.748716581076,7116.89929684755
2.03743992171042,1257.01171693748,7116.8997596288
14.7005602519318,1140.65756839921,7116.90037251943
24.837513245761,757.754081703865,7116.90086314443
35.7063283898499,55.6792806305495,7116.9013891913
50.8203961327889,3354.89991343252,7116.90212070693
174.951266229807,28.7322284020508,7116.9081736913
180.814234503676,706.84980091329,7116.90845745693
194.628899826463,120.670876069262,7116.90912608193
205.515793562526,1402.59814873644,7116.9096530038
220.619853484621,2145.49555899168,7116.91038403505
244.403921492154,175.752926101502,7116.91153517568
265.117525851057,1823.10067042835,7116.91253770693
340.792785191768,20.7598712526069,7116.91620036318
347.456701893319,222.379406555895,7116.91652289443
353.900446498727,65.9874724306952,7116.91683476943
0.893975504660585,1259.87831278707,7116.9171732538
11.2724075025755,143.763279059073,7116.9176755663
16.4509700099791,297.293412110378,7116.91792620693
25.8392734526646,402.163607970962,7116.91838059755
34.1686850108011,1961.62797116983,7116.91878373817
50.5476120915547,1866.12569841316,7116.91957647255
75.7188930593462,107.232729640305,7116.9207947538
177.288256278495,48.1221590353798,7116.92571067568
185.515006945354,727.804205791216,7116.92610884755
195.886013805266,992.998461235572,7116.92661080068
201.780619643276,191.902077562034,7116.92689609755
214.917658704473,83.4907906699378,7116.92753192568
221.665834794807,1906.92017731919,7116.92785853505
242.617689766663,1749.04180028079,7116.92887259755
353.030414520716,135.971914283495,7116.93421653505
356.929590212072,140.457936947946,7116.9344052538
5.51597679617506,74.260125826342,7116.93482083193
8.53252739148914,1044.92370311959,7116.93496683193
22.2335555336721,1358.17046498232,7116.93562995693
37.2843479979979,186.136731028519,7116.93635841005
42.7850977469467,180.811587924268,7116.93662464443
53.2710330537181,916.155762364923,7116.93713216005
78.7670839458959,2424.41644537905,7116.93836616005
172.563922310081,71.2251785328633,7116.94290589443
178.628983937788,889.517626223579,7116.9431994413
193.670414251981,1009.80968031905,7116.9439274413
202.707152736466,156.166898857002,7116.9443648163
213.004230826211,1770.90564434934,7116.9448631913
230.504356488896,1296.56774205955,7116.9457101913
2.19574307901159,94.1721770009174,7116.95211530068
7.26744794826892,137.415176459932,7116.95236076943
16.6454207347556,667.476129923017,7116.95281466005
27.9594224511271,1283.5178475612,7116.9533622538
43.1428992316788,1397.44482652304,7116.9540971288
62.3979445429975,127.999971732962,7116.9550290663
94.5191721196068,1050.66177980007,7116.95658372255
171.084804604883,181.330409021463,7116.96028947255
179.108816284775,154.959087228512,7116.96067783193
192.654238988432,1536.7823680279,7116.96133342568
212.202739382602,1170.83054362865,7116.9622795663
233.789606687415,968.476188134559,7116.96332436318
256.957709535195,25.8719452111977,7116.9644456913
347.159803580203,22.1554094514964,7116.9688114413
3.94388591228163,156.166898857002,7116.96962378505
9.50080852444808,281.183298866949,7116.96989273817
13.0590727491575,74.6386910610575,7116.97006495693
22.4593210624003,942.041000762117,7116.97051992568
34.2737137457893,108.105260854252,7116.97109173818
43.5654901689447,783.50093080104,7116.97154145693
52.9873682630677,1076.6638691706,7116.97199747255
177.690936880787,83.3781932385591,7116.97803308193
183.231717875527,80.977495542367,7116.9783012538
190.478993591459,196.545529851377,7116.97865201943
198.72608273536,939.484601225615,7116.97905117567
216.807307640105,1351.06892340531,7116.97992630068
236.535625974107,1388.81317557349,7116.98088114443
4.03266764796575,46.5341827571297,7116.98705195693
6.10686898236546,156.046536803345,7116.98715234755
13.9500130119014,1121.52109821295,7116.98758111318
28.2092192362608,134.861927181262,7116.9882712538
32.305000230749,1117.22409101844,7116.98846948818
51.5364787490566,2117.28634624819,7116.98940028505
179.576525280984,166.078970020855,7116.9955973788
192.780713607473,99.1293991337017,7116.99623645693
196.770605394715,878.636274848077,7116.9964295663
204.260328583215,1532.86505710781,7116.9967920663
227.052976806845,695.704105435624,7116.99789522255
245.713363903937,2024.37711038783,7116.9987983788
345.450973261254,36.7166089199067,7117.00362564443
349.558053342841,121.601520519654,7117.00382442568
3.70329958882411,137.89289154964,7117.00450905068
7.18828067649397,293.988638988552,7117.00467772255
15.5903296633771,1489.90120241166,7117.0050843788
32.9745583355551,74.1968500528323,7117.00592576943
35.1633653566243,566.626967568595,7117.00603170693
49.861301521329,1589.10018477343,7117.00674308193
72.23136142204,86.3668095374415,7117.00782578505
77.1891062001727,2079.46437846829,7117.00806573817
167.997157659255,39.2816161542964,7117.0124608163
174.146801473518,253.047138798479,7117.01275845693
177.605633122918,197.118293909782,7117.01292586318
189.780952989806,721.998294483939,7117.01351514442
200.539036471487,1568.5357457329,7117.01403583193
211.235781686686,1517.09433904301,7117.01455355068
240.68653550031,946.498102116777,7117.01597895692
254.730412196436,2012.46197484295,7117.01665867567
352.484536240074,196.162780463638,7117.0213899413
356.667482103959,227.887583803543,7117.02159239443
5.9540931990149,1148.01324002656,7117.02204186318
15.069280035891,1081.67808043902,7117.02248303505
24.4172293974294,66.0230550786345,7117.02293547255
39.241070373485,961.622892425851,7117.0236529413
54.4042086769943,2327.2381799444,7117.02438683192
178.684906871383,71.2910980249504,7117.03044111318
187.92599851961,927.245336068694,7117.0308883788
200.018350339135,832.248214788223,7117.03147364443
209.24814286268,246.426434813429,7117.03192036318
221.90642073774,1744.91177062919,7117.03253301942
239.333909009261,201.081803985481,7117.0333765038
247.786642771073,1475.30188066014,7117.03378561318
356.912555608659,72.4025353560087,7117.03906726943
0.478567769143394,138.097130952808,7117.03923986318
4.52560096325115,178.510817239186,7117.03943573818
15.7724534519132,806.566646804896,7117.03998008193
24.5422090520053,1290.99109180686,7117.04040453505
37.8077356825596,559.149948564652,7117.04104658193
50.2923294143706,199.204250317386,7117.04165083192
60.6316986349763,2689.648725962,7117.0421512538
173.844353077107,63.1874899625906,7117.04763070693
176.731770469936,707.699843172094,7117.04777045692
187.524074273765,178.826314867209,7117.04829280068
197.874096910759,1379.25593168831,7117.04879373817
214.474487316328,1273.17045794939,7117.0495971913
227.669959163394,2031.49275179726,7117.05023584755
350.929496211761,21.5508739326298,7117.0562015663
357.940458214123,83.1525473476979,7117.05654089443
4.39582481715036,58.7577694832753,7117.05685333193
12.1932078065453,894.908702697705,7117.05723072255
23.5459494648709,1025.17350164533,7117.0577801913
40.1573161221838,607.095318461148,7117.05858417567
55.1942267789871,2748.03002575652,7117.05931195692
178.987729483391,235.510250190529,7117.06530351943
188.414772868031,173.168174244509,7117.06575978505
192.332672934819,1037.99591144593,7117.06594941005
206.655154400209,1416.24911798033,7117.06664261318
223.857628158009,1194.21905697692,7117.06747520693
238.41674613474,2374.29920169063,7117.06817986318
349.180394305682,38.5269975644587,7117.07358373817
355.129558980464,20.5466529207277,7117.07387167568
0.711662562417672,197.118293909782,7117.07414184755
8.61784023967226,922.69519802457,7117.0745245038
17.3720998930489,1039.73218923414,7117.07494820693
34.7108091183978,2090.9978193373,7117.07578739443
51.4645451150079,53.2647780049356,7117.07659826942
73.4956305236203,129.749488930742,7117.0776645663
181.078724924838,118.787743530469,7117.08287155068
193.178179047011,73.4332178398134,7117.08345716005
195.222356994045,279.306022754611,7117.08355609755
201.58442489351,1022.82482483673,7117.08386401943
230.219702801219,1343.92985629006,7117.08524995692
242.877980751444,1836.24504490609,7117.08586261318
349.943251151632,47.2354932945507,7117.09104453505
352.789991627959,85.6020046513528,7117.0911823163
5.75334662107284,845.863157294957,7117.09180973818
10.0673626244083,884.773532217054,7117.09201853505
21.2057432229829,218.45827924416,7117.0925576288
33.7868640119067,2475.46250164987,7117.09316655067
54.9711587482351,90.0413632543007,7117.09419186318
61.3461399867406,255.999943465923,7117.09450041005
186.335415676371,64.8385303780863,7117.10054984755
191.496868060284,195.587240847672,7117.10079966005
199.102165403935,332.610189390792,7117.1011677538
208.783923967056,289.090640315237,7117.10163634755
213.04112139888,1438.15548359072,7117.10184239443
230.011155467372,72.2726600788093,7117.10266373818
240.949702484429,1747.66623395328,7117.10319316005
358.489286306517,70.9608899418512,7117.10888203505
2.90047500009283,388.668763839917,7117.10909553505
11.2224614202266,109.743963916387,7117.1094983163
18.5943506060885,1543.02937094286,7117.10985511318
30.5278685959533,155.201407281425,7117.1104326913
44.7434024243856,1280.70409832759,7117.11119039443
53.4995991274757,942.041000762117,7117.1116141913
178.668047048644,57.7091603670699,7117.11767230068
186.46962682249,261.662108647087,7117.11804989442
196.340242677802,819.874834689927,7117.1185276288
212.05316541942,1405.16787094924,7117.1192881288
229.205600073001,1323.19033507855,7117.12011830068
271.162577512064,1001.4393758695,7117.1221490038
337.199983597291,36.9715889847466,7117.1253451913
353.179566312781,244.282233330395,7117.12611859755
358.539238063853,21.8753730407695,7117.1263780038
359.713381305782,82.2437465353154,7117.12643483193
4.84707003706633,878.636274848077,7117.12668330068
25.3059591799068,1046.64843458835,7117.1276735038
36.9211639900708,1320.46118483942,7117.12823567567
62.9663536496466,2789.72156486645,7117.1294962538
177.125554174725,85.1067133433858,7117.13502151943
180.797132669518,816.199829944964,7117.13519922255
187.240877312509,1155.32217126457,7117.13551109755
201.554642260893,646.426301376124,7117.1362038788
217.902254537695,1586.07038613923,7117.13699509755
244.601503628267,1018.70167856788,7117.13828733193
267.250168335825,2965.2391653201,7117.13938351943
337.928942918866,45.9501048322153,7117.14280434755
342.210352814412,77.1758282280821,7117.1430115663
348.504303017686,187.844906296419,7117.1433161913
356.704904246275,960.371560054796,7117.14371309755
8.6387450714949,1206.24166211059,7117.1442906913
21.8810277068106,976.513425676728,7117.14493161318
32.0512324415567,123.36562327242,7117.14542384755
45.5211122358529,2815.46563840607,7117.14607578505
77.0970750693256,1838.86261773125,7117.14760405068
174.353623686471,84.2190067684712,7117.15235122255
178.146264575036,808.056177525884,7117.15253478505
192.203377407974,1148.01324002656,7117.15321514443
204.471350307714,685.254908372457,7117.15380891005
216.069767792159,1793.84407328342,7117.15437026943
238.725212004592,156.767321346507,7117.15546678505
253.17844081166,2808.62377799451,7117.1561663163
339.946238506344,25.0181524802384,7117.16036584755
346.367061989451,175.859785067622,7117.16067661318
359.991901626729,221.363205543668,7117.16133605068
4.44183022467596,1261.78578696567,7117.16155142568
19.8096446024475,1315.89994456505,7117.16229522255
34.3839357281219,45.6938271942153,7117.16300061317
37.6794139656379,1321.37156771961,7117.16316011318
65.1034229038221,128.877700178442,7117.16448742568
71.9623306189816,3178.20036954686,7117.16481939443
172.250370047535,177.561007563831,7117.16967330068
177.067359700729,255.264948068046,7117.1699064413
193.142501004849,1619.08586537862,7117.17068447255
213.633673457707,832.970303843439,7117.17167623818
226.609296081567,1740.77197101496,7117.1723042538
259.308394546685,96.3906246487234,7117.1738868788
268.194370010222,1095.48625726319,7117.17431695693
353.811449022489,146.866435679627,7117.17849822255
359.898325552724,104.750971785528,7117.17879314443
4.99485521826607,988.142678792769,7117.17904008193
19.4211557380635,253.788573489899,7117.1797390663
24.1394122008838,1269.38692890377,7117.17996767568
46.9996243518871,1463.84626642515,7117.18107530068
79.9671152011971,2033.85908115195,7117.18267264443
169.415983104026,67.847630291773,7117.1870066288
173.246442455785,234.390673536922,7117.18719222255
180.179193257407,20.2008219180039,7117.1875281288
186.197058313259,1257.01171693748,7117.18781970693
196.259511798061,658.863130720277,7117.1883072538
202.315429899355,1351.95865613724,7117.18860067568
226.303366966938,145.452386246525,7117.1897629413
231.688519333108,3115.53183252045,7117.19002386318
354.750919230341,57.3007405413328,7117.1959810663
2.74238347415992,419.362489179065,7117.19636826943
9.93344363205845,136.316929966185,7117.1967166913
16.5998230405015,348.283901718816,7117.1970396913
30.3943783661027,1663.05091919838,7117.1977080663
47.1848055937053,2221.49476591937,7117.19852159755
178.68584773151,61.1858202992366,7117.20489309755
189.840552862672,552.388523811231,7117.2054335663
199.571170788163,995.417415161626,7117.20590503505
221.034384293119,1421.33438352232,7117.20694497255
233.037221172621,2209.55409524493,7117.20752653505
357.077606937078,175.859785067622,7117.21353655068
2.41632169737978,215.514203705247,7117.21379522255
6.39415601627334,63.0758847930402,7117.21398795693
14.0702313356531,1323.19033507855,7117.2143598788
27.6606545743951,1286.32549056817,7117.21501836318
40.6135278712796,706.424363450253,7117.21564595693
60.4927022877051,241.808434386925,7117.21660914443
186.013287480679,51.6984788312413,7117.2226908788
194.610053293491,441.706698994793,7117.22310741005
206.211398129795,796.817001269545,7117.22366951943
219.117188848849,675.979328068621,7117.22429483193
234.065267706729,1453.12806232312,7117.22501909755
3.67204160726187,171.313727093114,7117.2312988163
7.68147928951628,138.978689667724,7117.23149308193
17.539800649917,345.249634436939,7117.23197073818
24.3087298495323,1315.89994456505,7117.23229870693
39.709898094636,1076.10520494461,7117.23304492568
53.3428891450144,126.820234869207,7117.23370547255
62.4130943531465,34.1824485383668,7117.2341450038
65.6608259293426,348.715195608307,7117.23430236317
174.453868172996,31.2762107879117,7117.23957361318
181.664922311559,98.939675896581,7117.2399230038
193.136628721983,126.15176958608,7117.24047883193
197.849402998208,392.133936433225,7117.24070717568
210.669735532923,1076.10520494461,7117.24132834755
223.775466021081,106.264663735089,7117.24196334755
231.509588404109,1371.38689293437,7117.24233808193
259.499868499902,1006.23098742147,7117.24369426943
349.119330210343,50.3638034055065,7117.24803651943
356.115932785733,140.858671948685,7117.24837551943
3.89326798990267,274.69357344323,7117.24875234755
8.97754322570232,389.441479065056,7117.2489986913
17.069944793246,1029.85464600636,7117.24939078505
26.1507584222211,55.9737707572783,7117.24983076943
29.9625136996976,1414.55003266344,7117.25001545693
53.3009689192036,1082.23385808515,7117.2511462538
79.8832859582157,343.941042313389,7117.25243422255
181.000897741826,172.842365420145,7117.25733358193
185.88749061039,190.625015772383,7117.25757034755
194.512312478311,726.150140017978,7117.25798823817
207.644809115196,1008.61818896902,7117.25862453505
223.472300598796,1123.66349558357,7117.25939141005
250.043975600429,1569.3022437091,7117.26067886317
346.350455747024,113.530802814399,7117.26534511318
352.319303309158,75.0153342221616,7117.2656343163
358.828310760133,64.0733438528329,7117.2659496913
4.64139879470553,1215.18051177105,7117.26623134755
19.1344534245592,251.109188997845,7117.2669335663
23.9671915096874,562.366597733899,7117.26716772255
34.865844761526,178.089321067887,7117.26769578505
41.8379386275993,1823.10067042835,7117.26803359755
62.5874960998137,2424.41644537905,7117.26903895693
172.557280641139,95.6568574350669,7117.27436722255
184.45315134684,837.290015098802,7117.2749430663
191.253361423835,1104.23259425119,7117.27527255067
201.293241040123,151.401988168764,7117.2757590038
213.864938835539,121.678750408805,7117.2763681288
219.467767624694,1708.70051441341,7117.27663959755
232.548666842469,2406.49433713713,7117.27727339443
350.927854343225,27.7974258194869,7117.28300911318
355.026942414947,154.59490632086,7117.28320772255
2.28798150517173,212.882655947766,7117.28355953505
10.994069202134,148.899295671079,7117.28398136317
15.2869699219438,1271.28019222766,7117.28418936318
30.4137046618807,1480.99654762035,7117.28492228505
50.0632708241864,53.043854031376,7117.28587434755
56.7760879135822,1173.9076377637,7117.28619959755
176.053714525237,27.113077408214,7117.29197884755
184.895567806638,183.902615358278,7117.2924072538
192.00761946228,92.9168339491859,7117.29275184755
198.530816221343,1042.04267437069,7117.29306791005
212.924868405817,1061.4790157959,7117.29376533193
222.263991278442,825.720658514939,7117.29421783192
259.626287591688,1796.52337450875,7117.29602811317
346.557204175037,141.656741892149,7117.30024009755
359.978646036073,1010.40498190486,7117.30089039443
4.76204417904428,76.441963869911,7117.30112216005
10.4367867413282,167.767383318917,7117.30139711317
19.9903612146681,329.659632924972,7117.3018600038
28.7732000120192,1747.66623395328,7117.30228555068
47.5410962593631,328.288923823195,7117.30319489443
51.4734603552475,82.2437465353154,7117.30338542568
67.1671211327534,152.637930073141,7117.3041458163
86.9714794022191,3038.94065467603,7117.3051053788
168.842306973104,71.8816395295363,7117.3090721913
175.866965603605,909.569419782486,7117.30941255068
188.887237907424,449.465409335659,7117.31004341005
200.94070471055,1833.62369732265,7117.31062742568
216.257059743278,1349.2876815846,7117.31136953505
236.304248117008,831.525459599192,7117.31234086318
271.160524941909,2952.23379076504,7117.31402972255
342.627326142446,112.449924372093,7117.31748278505
347.164024424463,303.052055672381,7117.31770259755
355.040039550489,65.3077314449746,7117.31808420693
0.571921911832458,904.265773371549,7117.31835223818
7.76136963982507,1648.52620443412,7117.31870058193
25.5211823685961,243.820325041,7117.31956108193
34.9031956139231,1714.32135154248,7117.32001566005
56.0058725324958,301.560415527646,7117.3210381288
61.2842829023645,1056.93798158057,7117.3212938788
172.157021358325,30.5160445523978,7117.32666589443
183.719023205262,188.344354001835,7117.32722609755
189.695932841841,786.946563469115,7117.3275156913
203.921648620572,872.455885314594,7117.32820495693
210.322624131322,882.05115433837,7117.32851509755
232.628809571377,1464.66749839647,7117.3295958788
0.448057306024623,54.1828248934451,7117.33578898818
10.0351700586124,1072.74777949584,7117.3362535038
23.3401953439118,315.684589580201,7117.33689816005
27.2748168416645,175.002984326156,7117.33708880068
39.3134493271989,1342.13906655134,7117.33767209755
53.9309826072348,2600.54444645164,7117.33838034755
177.795937349446,142.97697747967,7117.34438186318
187.22729053693,873.144778701374,7117.34483883193
200.323346520737,1380.99853774776,7117.34547336318
211.71733441037,586.953818881852,7117.34602542568
226.804081188978,1521.0523951481,7117.34675641005
249.925182546565,2465.72784412535,7117.34787667568
347.920831348086,94.9174211450909,7117.35262476943
350.90154655914,130.038785295383,7117.3527691913
0.896923410362529,914.84231301564,7117.35325348817
6.75999643413848,154.837795363072,7117.3535375663
13.5682686231209,1212.20822268953,7117.3538674413
24.6220364681009,208.783240696064,7117.35440301943
38.5430052471449,2390.45094829748,7117.35507751943
59.2483824778169,314.491988007148,7117.35608073817
85.0030924596212,2067.86654466384,7117.35731186318
168.277690769532,237.258906965465,7117.3613466913
175.95602349078,160.205335109076,7117.36171872255
183.418614780015,160.322574660476,7117.36208030068
190.296865863781,1512.33103817816,7117.3624135663
205.010499215366,64.983261827134,7117.36312647255
213.5953331595,1404.31188899726,7117.36354242568
233.593181591073,2162.24416149657,7117.36451136318
261.416092701524,151.773829615287,7117.3658594413
347.387620774037,39.7570518173573,7117.3700249413
354.214274513778,132.89712386122,7117.37035570693
0.858080128791148,110.681602771834,7117.37067761318
5.24514600426283,189.140758610762,7117.37089017568
13.0431201235174,1133.25393513719,7117.3712680038
26.7044897149868,974.047509316733,7117.37192992568
32.7046181920424,84.107380782239,7117.37222064443
43.635197330765,975.281300163999,7117.3727502538
65.1838689449753,142.05410459045,7117.37379433192
77.5346654951374,1949.32914254764,7117.3743927538
168.172530200464,83.0394850104277,7117.37878434755
174.390012576981,233.909225322293,7117.37908559755
184.76495257485,596.605820302187,7117.37958828505
194.357225028052,1398.30491630022,7117.38005305068
209.032805334195,838.72497835813,7117.38076411318
222.567761359595,1613.13329360979,7117.38141991005
249.570274403462,1532.08035147401,7117.38272823818
349.655616482705,27.8817888915706,7117.38757758193
354.735376914768,888.841444890431,7117.38782370692
7.48315074193416,368.009511753087,7117.38844136318
14.2907779589541,211.465789323739,7117.38877120693
22.3054610432496,1633.87237073209,7117.38915953505
36.718539712903,1445.6611463487,7117.3898578788
49.2718559200185,112.282710906797,7117.39046611318
74.6093865322941,1013.96901985851,7117.39169376943
163.846705245781,39.8160809877979,7117.3960175038
179.165640166358,614.478135041452,7117.39675973818
191.287795882802,160.205335109076,7117.39734708193
197.683611692936,912.868558522462,7117.39765697255
213.941693652588,869.003313752614,7117.3984417538
224.365006209755,1480.18441947784,7117.39894678505
2.64690941585149,76.3804852699224,7117.40564683192
7.86695027363216,158.436361252789,7117.4058997538
12.2827171761761,167.543257045821,7117.40611370693
22.2252067769904,436.227942657297,7117.4065954413
26.9695843790337,1246.44428112219,7117.4068253163
49.9110623966201,1322.28117344368,7117.4079368788
69.3342451646177,87.5551575685307,7117.40887797255
85.57548297099,211.998224530774,7117.40966489443
177.183700560345,58.2358258838234,7117.4141035038
182.981309417989,198.258798267403,7117.41438441005
197.48016872042,770.735086863539,7117.41508691005
203.675399714404,975.897584964969,7117.41538708193
214.958453327522,1022.82482483673,7117.41593376943
240.67877183363,1512.33103817816,7117.41717997255
345.620393324459,29.7561905671095,7117.42226461318
359.680352547754,173.817960025247,7117.42294584755
5.25157793600636,102.484354336241,7117.42321578505
8.22519853055912,341.968758865718,7117.42335986318
19.4198916230508,1544.58734691332,7117.42390226943
33.82136094755,348.283901718816,7117.42460005068
38.1268384704574,118.9458115336,7117.42480866005
58.3052776248898,1116.14728570686,7117.42578634755
87.0388822759823,1979.93266226604,7117.42717855068
163.507143312798,55.2983457635658,7117.43088359755
174.117173751382,782.348963390689,7117.43139767567
184.503723169489,714.46421001653,7117.43190092568
195.49041438089,1308.56903091114,7117.4324332538
214.253795862039,1139.60285652581,7117.4333423788
230.152878632787,1886.63329403482,7117.43411272255
357.685954546185,92.409913055036,7117.4402939413
4.2626835651609,81.3247941211515,7117.44061259755
9.19313422682793,169.660605009447,7117.44085148818
15.7614786478349,1077.22220032969,7117.44116973818
26.2776664167386,444.082409734037,7117.44167926943
34.9524732363214,1374.01501287826,7117.44209958193
54.4291882266893,57.9528335042934,7117.44304326942
62.2003962723006,120.124674096722,7117.44341980068
184.290401689267,54.6575562587748,7117.4493353163
194.872376110283,174.572994948718,7117.44984803505
206.316993885998,1231.88814704633,7117.45040255067
227.996593907556,1088.32787226731,7117.45145297255
249.143773591195,1647.06659422365,7117.45247759755
349.803136286967,85.3822290647344,7117.4573547538
353.505569680292,105.287702167889,7117.45753414443
4.49903305975507,590.528181909633,7117.45806680068
8.96446242797948,1122.59279649862,7117.45828316005
26.7371745209133,1448.98448795061,7117.45914428505
45.8311015423652,695.704105435624,7117.46006942568
52.6077704055288,434.155572603956,7117.46039776943
82.1959563368748,340.426853373543,7117.4618313788
186.376516693608,258.628646276904,7117.46687914443
191.611714242336,160.322574660476,7117.46713280068
200.694140226133,154.229878868151,7117.46757286318
208.252509100935,1155.32217126457,7117.46793908193
218.829646232234,647.819964338936,7117.4684515663
232.891217885435,822.071855033357,7117.4691328788
260.374553885653,29.3988652866339,7117.4704645038
349.20876820112,32.9937362153476,7117.47476870692
1.98040576564063,111.27417043344,7117.47538751943
4.92242299683271,104.211479723393,7117.4755300663
13.5414401546347,333.287369924662,7117.47594767568
23.9670100761274,1115.06937017225,7117.4764528163
35.6341415645448,64.0733438528329,7117.47701811318
44.5346868440152,974.047509316733,7117.47744936318
69.4326724051927,2693.22297796748,7117.47865572255
171.220063824022,239.46603033842,7117.48358903505
184.421249411767,416.124107394111,7117.48422866005
190.994431122491,1395.72264856724,7117.48454714443
207.883860795473,238.837505328604,7117.48536547255
219.877345619064,1578.47068749106,7117.48594658193
235.798357286363,731.101235107445,7117.48671798818
0.866820512515609,50.0363049604768,7117.4927778163
3.39122155161896,205.517963758339,7117.4929001288
8.27362213996954,295.009433548543,7117.4931366913
19.6553557124865,977.743996877223,7117.49368816005
28.2830799542382,412.13155110853,7117.4941061913
35.7904964194355,20.5037445355494,7117.4944699413
40.4568330522494,1387.08033947665,7117.49469603505
67.3900121357517,244.896797285676,7117.4960010038
183.267372428376,152.883927739822,7117.5016155038
189.164951151801,367.600838657722,7117.5019012538
203.391634350934,171.313727093114,7117.5025905663
206.225942052797,1006.23098742147,7117.50272789443
218.18943590539,2035.04124662857,7117.50330755068
242.95746062979,270.83610354417,7117.50450761318
356.637095666923,56.1831761669573,7117.5100156288
0.821964371422581,99.8846838573542,7117.51021839443
5.14485606222923,152.883927739822,7117.51042784755
15.7226381279486,299.308994256009,7117.51094036317
26.036306277441,968.476188134559,7117.51144008193
36.9265749313111,1560.85055991184,7117.51196773818
56.1107973892769,1106.9517524831,7117.5128972538
180.162147639552,60.2965039009362,7117.51890780068
185.516341576781,247.339704273486,7117.51916722255
188.191342442832,190.920473874812,7117.51929683193
199.64498982602,394.998395103485,7117.51985178505
205.524831933107,1395.72264856724,7117.52013667568
221.569032344205,834.412650085881,7117.52091405068
247.823578372078,1964.07845542979,7117.5221813788
348.908296848402,64.8385303780863,7117.52707914443
357.209990240962,164.487493070631,7117.5274813788
3.47391026088967,173.168174244509,7117.5277848788
7.03735320996437,363.282015580779,7117.52795753505
14.9546462412442,1397.44482652304,7117.52834114443
30.8411521713523,111.527155566282,7117.5291108788
31.5864116049967,1122.59279649862,7117.52914698818
47.7157476393687,964.744062414979,7117.52992848818
65.9151053816959,78.6229970017871,7117.53081028505
183.39488631361,175.966602400379,7117.53650242568
194.633759685186,122.525087298264,7117.53704697255
199.526479712308,364.314939327315,7117.53728403505
204.147346159655,336.20609074525,7117.53750792568
211.929196130019,705.14649674891,7117.53788497255
224.037807547879,1355.51170288295,7117.53847166005
246.62745602549,1218.14558440292,7117.53956617568
351.49232641593,95.8530824157755,7117.54464709755
357.176420996584,158.317733922608,7117.5449225038
5.40523315807125,130.038785295383,7117.54532120693
8.49752765514497,552.660583963416,7117.54547103505
20.1256386401766,1213.19987389512,7117.5460344413
31.6799008986502,1496.34404866816,7117.54659426943
56.8423228995778,58.5174478318073,7117.5478134413
59.3325407250131,1200.24534755458,7117.54793409755
174.516883899981,29.8743495219522,7117.55351501942
189.477862122024,363.282015580779,7117.55423991005
195.214844065712,249.758741466266,7117.5545178788
201.859939549566,102.575975491348,7117.55483984755
213.570283821582,1467.94787436733,7117.55540723817
223.003571924953,1040.31028236307,7117.55586430068
241.703101632335,1186.13618926844,7117.55677033192
347.463186273862,21.632454508258,7117.5618946288
351.572218612837,130.471522474807,7117.56209623818
358.173133892691,93.3707000605466,7117.5624160663
8.95569301723175,260.077570590767,7117.5629385038
13.1612007119002,978.35883838826,7117.56314226943
18.9439753270365,596.605820302187,7117.56342245693
34.3686847859715,105.198440236709,7117.5641698163
44.8980944050192,2479.3453956562,7117.56467998818
74.1212290213296,67.6048800274387,7117.56609591005
176.646481413282,39.9338825896045,7117.57106347255
183.971049716209,173.926026358906,7117.57141836318
191.253695179462,115.092282926277,7117.57177122255
200.386106152462,967.233737547701,7117.57221370693
205.669998708927,1254.13857077206,7117.57246972255
219.377805943807,165.398791884819,7117.57313389443
225.793938183045,1362.59026284336,7117.57344476943
247.382920282108,766.040175737004,7117.57449080068
343.607812038596,26.4332236654674,7117.57915309755
356.561975241864,130.471522474807,7117.5797807538
1.9532548041342,84.7194814301844,7117.58004197255
6.14425074227587,262.665444950017,7117.58024503505
15.190881120041,67.3612624013664,7117.58068336318
18.4776331996228,261.949156810104,7117.58084261318
23.4209831503687,1335.852650719,7117.5810821288
41.1778935053092,575.05311623629,7117.58194248818
60.4849821835512,1586.07038613923,7117.58287795693
187.148771470033,914.184894451608,7117.58901508193
195.633635473302,141.789330276865,7117.5894261913
204.548047574879,1111.82951734179,7117.58985811318
220.058215218152,412.13155110853,7117.59060961317
225.397252501977,1568.5357457329,7117.59086830068
269.47075343717,2678.89710414693,7117.5930037538
337.355470511319,30.2260542983657,7117.59629291005
350.464103335765,902.268815217155,7117.59692805068
1.87195800996291,248.703307947906,7117.59748078505
5.6230864110252,885.45282217467,7117.59766253505
16.7478005711909,1652.89693043746,7117.59820155067
33.1596321851747,207.519515460497,7117.59899673818
39.3580880389705,42.1373803904945,7117.5992970663
42.0733993147892,1472.85472706926,7117.5994286288
62.4130802584631,2580.11856324458,7117.6004141288
170.490128668917,34.5922422650968,7117.60568648818
179.526117046846,791.517407172648,7117.60612430068
189.531168477503,846.573644519566,7117.6066090663
198.044411059405,154.716406353117,7117.60702155068
208.970797842831,2082.93093884038,7117.60755095693
228.80708199918,710.244030255325,7117.6085120663
236.140034862534,1324.0987195573,7117.60886736317
357.933677915324,126.746127482313,7117.61476851942
3.00634380596924,166.418032132576,7117.61501430068
7.79457920111577,185.124568452544,7117.61524630068
19.8644925640299,945.862721479784,7117.61583111317
28.5660655698818,1395.72264856724,7117.61625272255
42.2383995720851,1153.23861571426,7117.61691517567
62.7770528644615,50.3638034055065,7117.6179103163
178.285492010276,35.1813057852812,7117.6235069413
191.169998767199,279.574974282326,7117.62413122255
196.635127093569,818.406786784465,7117.62439601943
211.702202377494,692.672696978036,7117.62512605068
225.622848708099,1465.48828627857,7117.62580053505
244.265298847317,233.748492783903,7117.62670380068
259.834803498164,2463.77629409267,7117.62745817568
343.697289284252,111.358561261099,7117.63152148818
347.102070331934,93.5215030417602,7117.63168645693
352.784875043748,188.742979578826,7117.63196180068
0.277134780456052,400.290439683815,7117.6323248163
5.97832100548587,1511.53578542562,7117.63260105067
21.3827141104012,85.8759383048913,7117.63334742568
28.8704590809152,1393.13560687526,7117.63371022255
52.7745503940653,2810.33574189848,7117.63486842568
178.287718447014,131.261182478859,7117.64094980068
187.52461405199,170.323782855419,7117.64139734755
190.805561458995,1035.67632248058,7117.6415563163
207.157088645004,796.062105123951,7117.64234858193
214.82510192748,1243.54671005023,7117.64272011318
234.488857360332,2698.5753631692,7117.64367286318
358.364616645263,106.617707718026,7117.64968903505
4.89490802082805,185.124568452544,7117.6500054413
10.6283426562651,1267.49089002232,7117.65028323818
22.2803174161935,33.1180742552117,7117.65084780068
28.3807382450112,1156.36256126095,7117.6511433788
47.894538897962,2414.47617455037,7117.65208886318
81.5598840795622,188.244586585284,7117.65372001943
174.626049677359,38.6791015882793,7117.65822926943
178.976674937295,236.783287421716,7117.6584400663
193.188523931461,866.231419927033,7117.65912866005
203.386097953656,969.71697338688,7117.6596227538
216.24287114145,2107.03854364169,7117.6602456913
235.415806665158,96.1955029521455,7117.66117466005
356.816019861821,63.4101174346036,7117.6670567538
2.00252236527025,50.4569858117421,7117.66730805068
5.52404247467072,97.6975098043731,7117.66747867568
16.9715626617586,313.534642693014,7117.66803333193
24.1716523520458,264.660793281024,7117.6683821913
28.2771901058492,983.262915532634,7117.66858111318
44.5403568087731,1593.63400253909,7117.66936909755
65.683021688675,1123.66349558357,7117.6703935038
174.936570422035,58.7577694832753,7117.6756870663
180.986683775668,294.75458185324,7117.67598020692
189.228395263776,793.792975795071,7117.67637953505
195.829633029611,846.573644519566,7117.6766993788
213.853237301254,1385.34539395607,7117.67757266005
237.417108532208,1336.75248648046,7117.6787143788
355.400931185866,109.31511251755,7117.6844309413
1.45104461458354,111.358561261099,7117.68472408193
5.71556675576019,52.1057398616964,7117.68493070693
10.9723577794849,925.298004883501,7117.68520270693
25.2367715380783,1137.49043517686,7117.68589384755
37.2370285297315,203.865715975304,7117.68647528505
48.0141054301346,250.809734092527,7117.68699745693
60.0063003098004,397.65321591112,7117.6875785038
69.6988651523071,2021.9996788029,7117.6880481288
168.516524450319,33.2066006636378,7117.69283605068
171.492079998301,134.582983646325,7117.69298022255
182.418144295745,101.099982552366,7117.69350961318
188.346036438606,1180.03773419417,7117.69379683193
207.64087076219,939.484601225615,7117.69473170693
222.981412093337,1933.22380326322,7117.69547498818
250.329949929518,966.611901631609,7117.69680008193
352.261187686735,110.681602771834,7117.70173886318
0.539339790379127,303.29996847378,7117.70213995693
11.1090598567373,1131.12985644648,7117.70265208193
20.6381255081342,141.921779883702,7117.70311378505
25.2448026849354,1036.25674707786,7117.70333698818
43.7460050531189,1185.12188951314,7117.70423341005
69.8397595097727,244.743281196946,7117.70549770693
185.338524151236,127.411456385396,7117.71109386318
189.758483371536,271.667299767131,7117.71130801943
196.554823654299,92.0023779382717,7117.7116373163
206.760782274462,1086.11575289075,7117.7121318163
219.521132904725,399.538735429417,7117.71275008193
224.746655949102,1133.25393513719,7117.71300326943
248.550777396471,1370.50981674491,7117.7141566288
348.012436280879,88.0366751720985,7117.7189757538
354.464686687215,84.6085285166609,7117.7192883788
6.99704141818028,198.258798267403,7117.71989559755
10.6701288124713,1100.96098904222,7117.7200735663
17.5548295783191,877.266648213748,7117.72040714442
36.611026077852,370.046104869459,7117.72133045692
47.1649444437587,1791.1606642329,7117.7218418163
183.936455898392,161.373886475857,7117.7284734413
191.829885154775,143.108316863483,7117.72885589443
196.84740631806,198.82660795556,7117.7290990038
207.716068598902,1155.32217126457,7117.72962561318
221.973065255012,1418.79397119737,7117.73031639443
244.399537065036,969.096802805325,7117.7314030038
1.76515886062343,244.282233330395,7117.73708961318
7.28188453101953,95.0657746967565,7117.73735691005
15.2120768889201,1182.07410526594,7117.73774114442
37.5572828699031,396.138344349595,7117.7388238163
43.288460103472,1575.42046075321,7117.7391015038
67.0970963170355,1394.86078243323,7117.74025508193
171.721716453519,197.689364878073,7117.74532436318
179.82766239473,157.245994003574,7117.74571711318
185.034158878844,132.614044745516,7117.7459693788
193.909873000558,1042.04267437069,7117.74639942568
203.305107983403,1528.15082810065,7117.74685464443
224.289111036997,682.17709259244,7117.74787136318
239.572250276458,1719.92364794704,7117.74861186318
267.194576645843,1411.99740788522,7117.74995022255
346.411687275267,150.280940469649,7117.75378845693
352.379244893476,86.0944440739253,7117.75407759755
354.491834488152,308.703312912328,7117.75417995693
4.27340478570617,218.286194675343,7117.75465389443
7.01451475230852,1364.35418518488,7117.75478670693
24.4073412126149,52.6884473550648,7117.75562942568
30.4281086422974,356.600388107253,7117.75592114443
37.3324809403707,1753.16205996978,7117.75625567568
70.2554690246151,263.949889722781,7117.75785086318
80.1224974689654,2207.37628175982,7117.7583289413
168.000870619389,91.695533110947,7117.76258683193
179.137516685774,624.186147213379,7117.76312642568
186.193778717177,1161.55041141042,7117.7634683163
197.154671275336,157.006838086282,7117.76399939443
209.601890383028,880.00384756981,7117.76460248818
216.455955243459,1560.07995411045,7117.76493458193
232.455330365969,1470.40335463089,7117.76570978505
3.13646903926775,127.190077914285,7117.77204739443
9.32557287469354,246.578896190286,7117.77234726943
12.7129398295609,107.057362974672,7117.77251139443
19.969464078507,393.091059702755,7117.77286298817
28.8580774893002,1366.11566503575,7117.77329366005
43.5862225974116,1343.03479448761,7117.77400726943
68.0530477430013,496.196361776668,7117.77519273818
170.668595496383,34.0619997485359,7117.78016467568
178.338221171224,102.667520318622,7117.78053628505
190.206259924231,593.068094634219,7117.7811113163
198.373477676276,611.043882159379,7117.78150703505
204.81702096112,925.298004883501,7117.78181923817
232.650896594931,1494.7360016393,7117.78316784755
247.20812540945,1154.28089308978,7117.78387317568
351.495427800027,50.9203269827285,7117.78892611318
356.572608381783,83.4345162403771,7117.78917211317
2.77751391766015,337.544658890465,7117.7894727538
8.46160857339795,251.258791550413,7117.78974816005
18.1096706508391,82.4149082312431,7117.7902156288
21.0961906095548,1339.44855207346,7117.79036033193
35.7037268992582,1364.35418518488,7117.79106809755
56.4952072111467,89.88471772442,7117.79207548818
65.0310236615628,406.993438950565,7117.7924890663
86.0785559278593,1882.80502300131,7117.79350886318
171.105529694502,64.3659153753973,7117.79762859755
180.048965346674,843.728031885149,7117.79806192568
191.926356080509,1299.3470743794,7117.79863741005
208.779345137955,341.528916258937,7117.79945397255
217.743419705212,1602.66311333146,7117.79988830068
238.172428552373,2144.37401169221,7117.8008781288
358.735152000532,132.472297020847,7117.80671964443
3.87134710388038,260.510668592673,7117.8069685038
10.2552309702534,100.634292565793,7117.8072778163
13.514894452669,1366.11566503575,7117.8074357538
31.272772265553,256.73285719563,7117.80829616005
38.9173018274606,273.871564315797,7117.80869151943
46.5553241389402,1677.44995671626,7117.80906159755
60.3701958561031,419.720758149111,7117.80973095693
178.782921636107,46.5341827571297,7117.81546830068
184.803366542266,123.669852136743,7117.8157600038
194.945150977764,855.756632223148,7117.81625139443
199.433799148923,336.429523128956,7117.8164688788
209.226011408771,689.191925751231,7117.81694333193
227.569841819487,821.340162548978,7117.8178321288
242.299276833982,2053.86285756504,7117.81854580068
342.479106554868,23.2039179537402,7117.82339972255
353.225225101415,212.882655947766,7117.82392039443
2.84684355365207,227.887583803543,7117.82438658193
7.01365319337393,985.095671701686,7117.82458847255
18.4492414742424,95.6077370051212,7117.82514255068
28.3182048344798,1540.68968694077,7117.82562072255
47.3215140460626,442.726411087335,7117.82654147255
58.6316562563475,1877.68867121463,7117.82708947255
180.316622359406,67.3612624013664,7117.83298536318
182.263455361104,685.693446467184,7117.8330796913
196.099611040399,929.188559428695,7117.83375008193
205.609327720635,271.113437255721,7117.83421084755
219.430004185459,1680.3148872313,7117.83488048818
242.086406735584,1421.33438352232,7117.83597823817
347.638489571105,36.7166089199067,7117.84109245693
3.03836783474146,140.457936947946,7117.84183861318
10.6364021848919,740.092209738918,7117.8422067538
16.707154566236,915.499287490462,7117.84250089443
34.8632995249644,2000.47578502449,7117.84338059755
56.6793100278396,559.687352019722,7117.8444376288
68.7169750554305,1788.47314735719,7117.8450208788
173.187772030301,60.335438034631,7117.85009864443
178.840908182014,749.376449782346,7117.85037255067
184.258953930554,203.311992241773,7117.8506350663
194.438791373952,520.444021212541,7117.85112830068
204.156187449299,1541.47017372708,7117.8515991288
218.143587927502,733.564264887576,7117.85227684755
230.931672089352,1652.89693043746,7117.85289645693
267.124965618307,684.376888493432,7117.85465009755
353.892705496527,66.307022372758,7117.85885417567
359.025030843186,191.117191516987,7117.85910284755
10.1855407220092,923.997489632455,7117.85964359755
22.8681727563983,230.184565852554,7117.86025809755
27.1830023352177,1073.86810554999,7117.86046716005
43.1720580564983,1959.17437828541,7117.86124186318
51.8894327252596,247.946663201049,7117.86166423818
88.6396553014506,120.202861553231,7117.86344486318
177.970494236179,48.968808175065,7117.8677731288
180.856076833628,127.190077914285,7117.8679129413
190.533162424122,633.745445011158,7117.8683818163
201.554359410256,796.062105123951,7117.8689158163
214.654285225837,987.53405453067,7117.86955053505
232.657895516815,2013.65657481745,7117.87042284755
351.642384549021,38.9513837850686,7117.87618789443
0.820265669946938,107.49522799669,7117.87663258193
9.32447875700221,328.51774078857,7117.8770446288
14.0343506218541,298.806368537186,7117.87727283193
23.1490249785162,1388.81317557349,7117.87771445692
37.8836197311672,94.4709865891014,7117.8784283788
42.5248026827017,1317.72626144055,7117.8786532538
62.350767362738,1474.48653287086,7117.87961386318
175.088428019393,191.804142013474,7117.88507623818
186.387928267383,863.450533294952,7117.88562372255
196.081783091356,125.479751589275,7117.88609341005
200.95354167987,1229.9343765676,7117.88632945693
221.622478295006,57.2597351478077,7117.88733091005
223.773120935124,1528.15082810065,7117.88743511318
255.076274287264,2001.67749042635,7117.8889518163
343.519253213963,20.5752116733127,7117.89325248817
345.699886825078,73.3692273602315,7117.89335814443
350.573580367021,274.008704614914,7117.89359428505
0.917561898407016,1139.60285652581,7117.89409547255
11.7336593772799,287.787849106991,7117.89461953505
15.465761218079,326.912413806113,7117.89480036318
26.9026394428722,1356.39866005732,7117.8953545038
38.6142736588133,2089.84740623919,7117.89592195693
70.8732681759963,264.376659453447,7117.89748497255
182.519644606692,81.5555054045625,7117.90289447255
188.200514402618,170.43405575734,7117.90316972255
191.454373174915,669.275246334422,7117.9033273788
207.368612711693,844.440350977749,7117.90409845693
220.160889153757,1415.39968634419,7117.90471826942
256.843067713509,2446.14284383715,7117.90649559755
342.346994679814,133.250091516324,7117.9106384413
350.675131735119,111.863587837213,7117.91104195693
0.151955108070663,243.511877329183,7117.9115011288
4.88956057959328,1449.81415761691,7117.91173067568
24.2253502849075,75.0153342221616,7117.91266753505
26.7781298651021,1257.96795202859,7117.91279122255
38.1727627642398,210.932007971287,7117.9133433163
51.8608985044365,2986.25213446257,7117.91400653505
178.667870440298,538.331934585301,7117.92015059755
194.240599875873,771.514685471431,7117.9209051288
205.605241804014,1507.55274930248,7117.92145576942
221.079613803713,1367.87503546287,7117.92220553505
244.014642139218,69.6918356357656,7117.92331678505
247.634197236054,1485.05074903937,7117.92349216005
350.616086285939,109.056985664324,7117.92848184755
356.602992987935,140.858671948685,7117.92877192568
2.53733481287718,884.773532217054,7117.92905945693
2.99139162050212,65.2717532800828,7117.92908145693
14.7146352191392,183.186035784821,7117.92964947255
20.1094620896605,1228.9562700829,7117.92991086317
33.8524200336944,83.7716285229106,7117.93057673818
38.6509748676124,90.4577315830046,7117.93080923817
45.000030548355,1791.1606642329,7117.93111686318
184.577169619188,28.9966731181757,7117.93789076943
192.421903867835,821.340162548978,7117.93827086318
205.67629922951,830.802093787497,7117.9389130663
214.208890857657,189.339321998716,7117.93932648818
237.603780710905,2029.12375790731,7117.94046001943
262.601413689425,2406.49433713713,7117.94167120693
340.227713062256,49.3747993879357,7117.94543236318
347.362983520832,105.821705564946,7117.94577808192
352.745233588256,342.188444246716,7117.94603886318
358.19939746635,379.471704059497,7117.9463031288
8.75299330873401,1719.92364794704,7117.94681447255
24.0496768467781,1369.63207442165,7117.9475556288
35.022178825175,1003.8380127142,7117.94808726943
69.8900650703143,2096.74055895448,7117.9497766913
174.941008445295,27.9448929274562,7117.9548666288
176.50150624491,415.039030920994,7117.95494223818
192.954293203082,583.872672432761,7117.95573941005
202.142493800321,1536.7823680279,7117.95618459755
213.144019291771,912.868558522462,7117.95671764443
234.363112823623,131.97494486139,7117.9577457538
242.513561417273,21.3867777654198,7117.95814066005
247.515603366088,1943.150529371,7117.95838301942
348.263326582487,67.2565753090382,7117.96326445692
349.844463372271,20.7740092489361,7117.9633410663
354.698162896008,82.6425733402303,7117.96357623818
1.01077788612997,327.830734780932,7117.96388209755
10.0432189558074,117.834880741796,7117.96431973818
16.6928292433976,1394.86078243323,7117.96464192568
30.4415918975505,945.226785731279,7117.96530808193
49.2707599932709,820.607803930784,7117.96622039443
65.8557651900895,284.636758607348,7117.96702397255
176.64433548072,38.2823807376642,7117.97239191005
185.534576586944,164.715782680069,7117.97283192568
192.744985716003,167.543257045821,7117.97318128505
196.268440741291,432.421043417008,7117.9733520038
206.993275325706,982.651182646066,7117.97387164443
222.038099227097,919.431308865626,7117.97460059755
243.909899391753,1424.7145685431,7117.97566033193
352.314348956372,76.8708985354749,7117.9809127538
357.159663919682,102.117023170756,7117.98114751943
2.23942438928687,176.286624187227,7117.98139364442
10.3295686300465,877.266648213748,7117.9817856288
17.8202159743908,876.581029984891,7117.9821485663
29.4886374067329,1565.46631213672,7117.98271392568
63.0894858426029,1016.33812477075,7117.98434195693
167.499976939437,30.9933329001311,7117.98940086318
182.5725344475,618.379625283438,7117.99013116005
192.910711306309,154.959087228512,7117.9906320663
202.279825187473,897.592111748224,7117.99108601943
217.247575540037,162.534027903227,7117.99181123818
220.808116115281,1044.92370311959,7117.9919837538
248.716807896052,1823.10067042835,7117.99333598818
347.081377844382,69.4217114349804,7117.99810195693
354.716820268012,113.28228632923,7117.99847191005
3.28488509129347,201.641661701224,7117.99888705068
6.35363829945167,1111.82951734179,7117.99903573818
22.5242522015355,1170.83054362865,7117.99981923818
34.3951932908312,109.572628748111,7118.00039441005
41.3485830826224,2310.64434252914,7118.0007313163
90.9230079877607,306.749459166866,7118.00313330068
179.517617058776,41.6327215757573,7118.00742589443
183.043329448389,177.031139747541,7118.00759672255
192.325695238832,732.744143139286,7118.00804647255
207.9019720202,1079.45241634155,7118.00880117568
217.10307194406,1327.72648431256,7118.00924698817
238.050956830556,1207.23808727519,7118.01026195693
354.196149337497,135.279232260643,7118.0159006913
0.201437552709542,88.6746231998359,7118.01619166005
8.30351366214638,133.179578476472,7118.01658422255
13.655450197508,1183.09084751189,7118.01684353505
30.6845152867034,943.316647017411,7118.0176686288
47.4443065713468,1604.16302463773,7118.01848067568
91.9528378289863,746.965600484373,7118.02063720693
167.937373573161,67.5005815131691,7118.0243188163
178.057551598089,334.412969538178,7118.02480916005
192.241666948043,847.992898123096,7118.02549641005
202.828478621235,822.071855033357,7118.02600936318
219.497329610028,233.909225322293,7118.0268170038
228.111832001636,2238.74940807889,7118.02723439443
352.874580920326,30.5544999024132,7118.03327941005
355.85561857982,48.8487549021865,7118.03342384755
2.20951151273777,186.640758403911,7118.03373170693
14.3877793769435,242.42924334672,7118.03432176943
18.2227534573542,280.380274553238,7118.03450758193
28.282949540288,1840.17001636505,7118.03499501943
47.1450109432939,51.0124893715602,7118.03590892568
53.0361399846375,1652.89693043746,7118.03619436318
70.3541502979843,396.896487897536,7118.03703345693
171.111548018734,34.4902544024972,7118.04191536318
181.561626612002,434.847491348478,7118.0424216913
189.97360942174,448.125703211844,7118.04282926943
197.303982397245,1008.61818896902,7118.0431844413
213.468791664293,1367.87503546287,7118.04396766005
232.237977742936,1579.99358041394,7118.0448770663
253.854048514249,134.233513193749,7118.04592441005
347.060172014241,24.7349189741453,7118.0504404413
352.983226904926,93.9224531482097,7118.05072742568
6.47754999703526,151.773829615287,7118.0513812538
9.61853957692988,250.509890609152,7118.0515334413
17.3516945020149,1293.78241453537,7118.0519081288
31.1791431349016,61.948765561759,7118.05257809755
33.3052769906186,1140.65756839921,7118.05268111317
54.0006572685002,1514.71457598973,7118.05368384755
78.0095433647058,66.9415634035886,7118.05486848818
173.372114177393,37.8815069590477,7118.0594890038
181.798931154555,446.78200028514,7118.05989730067
196.009167718815,634.219676776127,7118.0605858163
206.208676694439,1295.63992867787,7118.0610800038
223.777256700514,1458.08476403886,7118.06193123818
254.476075941605,970.336810901529,7118.06341866005
338.555270655192,29.8939970000411,7118.06749247255
354.91389242016,232.297139857174,7118.06828508192
357.724336384669,131.97494486139,7118.0684212538
6.57844405827048,906.258290633843,7118.0688502538
20.8309259481866,884.773532217054,7118.0695408163
28.7943340993538,967.855129374584,7118.06992666005
55.782012938254,2475.46250164987,7118.07123426943
175.310209205095,27.5214625394815,7118.07702566005
180.726320000205,806.566646804896,7118.07728808192
195.824998685033,934.350707915144,7118.07801964442
205.389537606648,1419.64140443207,7118.0784830663
224.782406917668,1391.40821087125,7118.0794226913
253.895897126304,2341.66108725731,7118.08083330068
338.835800391329,30.5544999024132,7118.0849488163
349.424869428847,132.614044745516,7118.0854618788
359.356072057862,854.350257206704,7118.0859430663
5.87668896661796,94.0224217926833,7118.0862590038
11.9748524311096,1096.03481845966,7118.08655447255
27.0012948192843,105.198440236709,7118.08728253505
30.1829172573865,424.704882373561,7118.0874366913
40.3769439713303,2420.44539966457,7118.08793061318
68.9322152263473,1711.5132644463,7118.08931417568
174.017019329014,171.970521156695,7118.0944057538
183.895979679584,528.184440629076,7118.09488441005
192.71493660649,1323.19033507855,7118.09531170692
205.916812127463,1119.37470403944,7118.0959717538
220.521768491775,1541.47017372708,7118.09667939443
238.988787571206,742.525374519687,7118.09757416005
352.53813928558,25.2517555476839,7118.10307586318
354.648149029949,104.301581260735,7118.10317809755
2.29874818206817,158.436361252789,7118.10354878505
8.45592613061004,270.697297910516,7118.10384711318
14.1651744676273,120.437090855852,7118.10412373818
24.1486194877143,1329.53659193191,7118.10460745693
39.4643295109376,942.041000762117,7118.10534953505
47.9633828598361,832.248214788223,7118.10576133193
176.754595945959,32.9581258118328,7118.11200153505
191.382771150748,488.56446666079,7118.11271030068
199.147529476736,760.130791643832,7118.11308651943
207.387306048957,852.236448078969,7118.1134857538
230.173991921841,910.890474159487,7118.1145898163
250.514962809439,1935.71025874917,7118.1155753788
346.995584034354,52.9552235395414,7118.1202500663
352.125974390042,177.243275611971,7118.12049864442
357.998399432187,84.0515226863126,7118.12078317568
6.69223277449108,323.677862290594,7118.12120441005
11.7452271329112,1403.45524091146,7118.12144923818
29.7223937611435,106.087708062752,7118.12232026943
32.3822378987049,1439.82681333199,7118.12244914443
53.3327026355087,1627.97375580226,7118.12346423818
177.913893260769,37.5702351174123,7118.12950045693
182.186477476391,339.985040120894,7118.12970747255
193.90069154264,687.00750643913,7118.13027505067
207.368571047087,1410.29299349782,7118.13092759755
220.249208047319,1405.16787094924,7118.1315516913
252.749742687299,1543.80852546154,7118.13312641005
354.820465415763,265.369753948974,7118.13808097255
3.29210760642991,217.941623081863,7118.1384914413
11.0668629602921,74.8272485640022,7118.13886814443
13.1049588564474,1351.06892340531,7118.13896689443
24.6489016010655,199.392807820331,7118.13952622255
37.6249937008843,1292.85260275225,7118.1401549413
63.4675334928479,58.1147109601776,7118.1414070663
72.2455351131074,2249.46639093559,7118.1418323788
167.822879899864,50.0832222916081,7118.14646330067
171.543372357967,278.227607619641,7118.1466435663
185.557861433337,288.570223272444,7118.14732259755
189.327371347616,1116.14728570686,7118.14750523818
198.591033101319,1039.15365201601,7118.14795408193
216.018042850378,78.2036727042801,7118.14879845693
224.722840678499,1755.90342266219,7118.14922022255
237.844372792024,1936.95237626912,7118.14985598817
349.576852341479,22.872597912893,7118.15526966005
350.729408490898,82.8696139487661,7118.1553255038
358.484492312535,206.975561689582,7118.1557012538
10.820132134208,1044.92370311959,7118.1562989413
18.4020422979258,1183.09084751189,7118.15666630068
32.600024469986,25.3214133688617,7118.15735422255
40.4537882885631,338.434114066644,7118.1577347538
47.1678952843416,1987.2075096572,7118.1580600663
181.381991333638,146.866435679627,7118.16456301943
186.089928282603,633.745445011158,7118.1647911288
198.541984680013,121.369525540871,7118.16539445693
205.806571040946,1154.28089308978,7118.1657464413
219.53404977051,1418.79397119737,7118.1664115663
247.260860846954,817.671763631012,7118.16775498818
342.554742633698,32.40114773706,7118.17237217568
358.937550734628,224.398027937056,7118.17316595693
2.89732591366009,177.878184404179,7118.1733578163
8.11736673389879,28.6913288266577,7118.17361073817
10.264462103308,129.966523654268,7118.17371476943
19.3633347219767,1087.22242320169,7118.1741556288
33.6216213595539,970.956204326967,7118.17484647255
41.4889294016302,796.817001269545,7118.17522766005
58.9662465883314,69.5569019049103,7118.17607447255
70.1670669144653,3156.94137498213,7118.17661717568
169.844085895438,58.0742849642935,7118.1814525663
175.402734367966,1040.31028236307,7118.18172189443
187.256261326905,541.394595821032,7118.18229622255
192.921651908361,551.844070439955,7118.18257072255
207.089965632947,2089.84740623919,7118.18325720693
226.53120742818,1540.68968694077,7118.18419917568
256.856268232744,1031.60457953777,7118.18566848817
351.395216156576,84.7749162535827,7118.19024909755
356.859699473442,94.8679260148744,7118.19051386318
1.00909498280696,166.192073991489,7118.19071491005
8.15436246925719,648.747389142557,7118.19106111318
14.5550154940253,906.258290633843,7118.19137123818
27.4675783435994,1255.09691528691,7118.1919968788
43.8484515286428,100.353843290879,7118.1927905663
62.0726405413523,1960.40139677223,7118.1936735663
180.939745614962,799.077470858833,7118.19943292568
195.000349772677,646.426301376124,7118.2001141913
210.851705031174,267.485422700275,7118.20088222255
215.140413433228,1738.00662750523,7118.20109001943
237.085094828957,1698.81952949424,7118.20215328505
350.355498309512,24.9476463792808,7118.20764147255
358.218291622936,211.643411129891,7118.2080224413
7.67221867893422,420.078721807826,7118.2084805038
13.82165700147,272.495997988287,7118.20877845692
23.0263043086648,82.4149082312431,7118.2092244413
29.6543081856845,2151.09285939263,7118.20954558193
65.0817033283676,1623.53597232823,7118.21126211317
177.43044889509,231.486885216015,7118.21670564443
185.261316396714,57.7091603670699,7118.2170850663
191.250480387952,1068.81714589946,7118.2173752538
204.640318885627,1375.76416925356,7118.21802401943
213.796593633524,199.204250317386,7118.21846766005
228.947490180404,1703.06124758213,7118.21921116005
355.722213780942,95.9999787997212,7118.22535366005
10.6041835007282,123.136958962711,7118.22607472255
14.3114541462293,244.589709597065,7118.22625434755
20.6850185362889,1343.92985629006,7118.22656316005
34.5866383441728,35.2146679871712,7118.22723672255
39.1578423258392,874.520900140396,7118.22745820693
56.2568863098188,1094.38791362493,7118.2282866913
175.545154846226,90.5615304969132,7118.23406645693
184.413774313897,84.1632180614837,7118.23449616005
189.820210604656,178.405554218664,7118.23475811318
197.999682748902,889.517626223579,7118.23515442568
208.843836245343,965.989732648609,7118.23567984755
221.548719699807,1093.28857078594,7118.23629542568
243.96841937931,164.943780855964,7118.23738170693
260.335748228229,1886.63329403482,7118.23817473818
343.859626324485,95.8040660692383,7118.24222164442
347.694277956456,32.2376431105553,7118.2424074413
353.139089778639,144.805070712017,7118.2426712538
359.985737536587,1003.23893637011,7118.24300298818
12.4000632994519,357.44243676028,7118.24360448817
18.6004540691348,208.963138459417,7118.24390491005
26.1139977679743,316.160403412979,7118.24426895693
34.5105012881584,1490.70811250596,7118.24467578505
47.4230641377325,120.124674096722,7118.24530142568
62.3892020979323,2420.44539966457,7118.2460265663
176.456139870176,55.9737707572783,7118.25155334755
182.028977688334,1005.03516620165,7118.25182336318
196.86064000802,818.406786784465,7118.25254198818
213.55399970613,1453.95528949877,7118.2533508163
228.309233411408,1703.06124758213,7118.25406573818
354.976475010743,21.4689845762228,7118.2602171913
357.584076832316,72.5321677719215,7118.26034353505
4.33978418178763,163.915367390466,7118.26067086318
16.96985145175,1096.58326863382,7118.2612828163
25.3134677590679,210.218203955392,7118.26168708193
37.4291737934303,164.715782680069,7118.26227411318
46.9230887732156,2353.95325454135,7118.26273411318
90.7769784446218,319.941212412189,7118.26485892568
173.378553655083,31.8159769363557,7118.26886114442
179.147461485655,211.820894158166,7118.26914066005
184.841553056641,229.530630613262,7118.26941655067
193.652125498205,878.636274848077,7118.2698434413
207.102913358275,1363.47244605872,7118.27049516005
224.305152067848,878.636274848077,7118.27132864443
243.852813410943,2368.21384724806,7118.27227576942
349.139169825246,69.9609190024653,7118.27737711318
353.808086233284,90.9238864754691,7118.27760333192
357.120637041191,184.514611922815,7118.27776383193
5.35460890329297,350.863810227864,7118.27816278505
12.2763952941816,860.660709367522,7118.27849816005
21.4242854441103,1505.95669268228,7118.27894139442
36.3481780411126,1218.14558440292,7118.27966448817
54.2024784490689,56.099506984264,7118.2805295663
67.4384922975276,1740.77197101496,7118.2811708788
173.592006832724,33.9929785708737,7118.28631423818
176.691073535402,131.117963708682,7118.28646439443
185.73286662345,804.327215941925,7118.28690248818
197.617352011328,144.285111636222,7118.2874783163
203.709710765701,1462.20247021489,7118.2877735038
218.343690643066,1254.13857077206,7118.28848255068
239.984915095659,144.285111636222,7118.28953111318
251.762980898133,1949.32914254764,7118.29010178505
344.657262781936,21.3317991742956,7118.29460270692
349.839250594275,204.417940907753,7118.29485378505
355.911937853964,91.2333264491139,7118.29514801943
2.68505933379236,94.669660999358,7118.2954761913
11.3508366209863,1448.1543741951,7118.2958960663
32.460930679584,1504.35874868293,7118.29691889442
41.3179407270164,742.930106323314,7118.29734803505
65.1794642285299,2763.73790519813,7118.29850417567
170.786062115476,47.8038685025606,7118.30362155068
173.123100226115,442.046871329538,7118.30373478505
183.535448259922,140.324099562328,7118.30423928505
190.640082850622,875.208128192639,7118.30458351943
197.226486373949,1520.26158328766,7118.30490264443
218.16405174659,746.563033615644,7118.30591711318
231.940547969872,1670.26592556851,7118.30658461318
247.81770188161,1298.42125939916,7118.30735389443
351.395218033677,48.3898442149577,7118.3123724413
356.123471449288,128.658833586925,7118.31260153505
2.99882019676584,336.429523128956,7118.31293466005
13.0258005239751,1323.19033507855,7118.31342048818
24.7516239729195,328.05991256879,7118.3139886288
32.4476932729639,1333.14947969865,7118.31436151942
52.2417321036583,1520.26158328766,7118.31532058193
176.766165646737,36.2012676780044,7118.32135405067
184.368714800624,80.9194655726486,7118.32172241005
191.812924464015,364.108604378188,7118.32208309755
198.723101472208,788.473175639126,7118.32241791005
211.406701039625,1452.30028003596,7118.32303245693
231.83441994286,1496.34404866816,7118.32402222255
359.978731068756,167.431069009183,7118.33023108193
5.90920309946695,115.580996162823,7118.33051842568
9.39396010734985,87.0709754297039,7118.33068726943
16.5347127900637,1257.01171693748,7118.3310332538
33.8585278135294,381.644049696206,7118.3318726288
38.9873058143946,1386.21314427212,7118.3321211288
63.8230520317101,1915.72824270736,7118.33332447255
174.219159811531,213.587564301676,7118.33867339442
185.089112036298,331.251664986709,7118.3392000663
193.002857721785,1424.7145685431,7118.3395835038
208.177642535038,171.751876609783,7118.3403187538
214.732120209023,302.555674958072,7118.34063633193
222.002511242533,1551.57808823247,7118.34098859755
242.643630067703,2628.14192630856,7118.34199626943
344.445551922563,33.9929785708737,7118.34692878505
347.649748229179,71.6197795513906,7118.34708403505
358.703193550636,202.014044381471,7118.34761959755
3.32373751200118,561.831747791786,7118.34784347255
14.9763572063499,1589.10018477343,7118.3484080663
30.37655799351,55.8897858549123,7118.34915423818
38.0187725852028,1428.92842003306,7118.34952451943
56.1578259370971,238.522618323245,7118.35040339443
73.0446757597719,2695.00821659108,7118.35122159755
162.409375459729,39.697932441296,7118.3555515038
173.805620751231,660.685783859805,7118.35610367567
184.206036991444,277.686845739922,7118.35660759755
189.160028866943,1306.72983544855,7118.3568476288
208.424227247567,953.460088659597,7118.35778101943
223.351667190362,1411.99740788522,7118.35850428505
240.020518141613,2600.54444645164,7118.35931192568
353.185147008727,201.081803985481,7118.36479498818
357.503846381778,75.3277717979728,7118.36500423818
359.630947695439,146.225392905208,7118.36510730067
9.8175573444416,1341.24289452586,7118.36560086318
20.4791851645935,1122.59279649862,7118.3661174413
33.6358680248141,663.863242156282,7118.36675491005
48.4272198971892,101.840653965457,7118.36747158193
53.3280020738405,1777.68288978086,7118.36770903505
179.166878452458,177.349246399672,7118.3738061913
185.837772627096,158.673366112971,7118.37412941005
193.281014907628,1133.25393513719,7118.37449005068
204.710153543957,189.636792380377,7118.3750438163
215.046073000898,1275.05805913586,7118.37554461317
234.566968270351,1414.55003266344,7118.3764904413
350.079922219902,34.5582833183311,7118.38208728505
357.401588148999,74.260125826342,7118.38244203505
5.65329662743896,146.096829078957,7118.38284184755
10.4825448295337,427.175128603352,7118.38308151943
18.8087469689525,1201.2467687228,7118.3834849413
29.9863484546102,1101.50688570343,7118.38402651942
39.9301279993492,76.6260874196512,7118.3845083163
47.9996332123977,704.720060085151,7118.38489930067
64.2831164195094,165.398791884819,7118.38568826943
184.260209755818,50.3171462828966,7118.39150141005
194.500996599154,424.350832251008,7118.39199759755
199.260853415667,630.892893482837,7118.39222822255
217.772375260164,778.882958130112,7118.39312514443
231.967455095936,1450.6432721717,7118.39381292568
255.999249881538,1462.20247021489,7118.3949773163
347.798055259169,95.5094267562906,7118.39942516005
355.95688848833,664.315880083421,7118.39982047255
6.40148489500124,224.062851605922,7118.40032653505
10.5008954902463,128.877700178442,7118.40052516005
14.1114210546941,1214.1906369223,7118.40070009755
24.3128649086628,37.7261902273496,7118.4011943788
39.2748105511073,295.009433548543,7118.4019193163
45.4494025549225,2820.58598699564,7118.40221848817
184.810980679366,162.649588242303,7118.40897084755
187.725264303888,174.034023303626,7118.40911205068
198.415915637093,1078.8954174501,7118.40963003505
215.813579387117,1082.23385808515,7118.41047298818
226.964414724047,881.369255356645,7118.41101326943
244.945128660531,1503.5592770829,7118.41188447255
349.823865835535,39.7275060071145,7118.4169660663
358.578003643356,102.75898187917,7118.41739022255
4.24952138337034,227.722618539872,7118.41766501943
12.3970676407323,330.342891929902,7118.41805978505
16.6790039122662,1093.28857078594,7118.4182672538
26.9197907180598,978.973124787785,7118.4187634413
40.7069289036359,647.355724581189,7118.41943145692
52.0512544026731,75.8249921184451,7118.41998111318
62.6554801686805,1923.2457848517,7118.42049491005
182.914190692762,78.8616116853547,7118.4263305038
188.9391504402,1015.1542939596,7118.42662242568
199.329569652539,210.575404335778,7118.42712586318
214.737509990621,1667.38367557429,7118.42787241005
227.771326630565,148.140236189143,7118.42850392568
234.256147820663,927.893539781621,7118.4288181288
264.082971613602,1055.22990345719,7118.43026330068
341.620265568928,35.5135261476125,7118.43402014443
352.608891658673,100.447414275173,7118.4345525663
359.614846289975,203.496719475282,7118.43489201943
5.43373899712464,40.1976715802554,7118.43517395692
7.44377880062807,417.566481392129,7118.43527134755
12.3003807357369,824.992185677331,7118.43550666005
25.0465420954548,80.0440061454744,7118.43612423818
28.9830984715525,1393.99847221,7118.43631497255
55.1323201415479,55.0002404731131,7118.43758195693
57.0346504532642,1724.11362964198,7118.4376741288
179.634179816112,57.8717213040036,7118.44361433193
181.896401779792,177.561007563831,7118.4437239413
192.769256303305,155.564172654721,7118.4442507538
198.731009248937,1304.888086473,7118.44453961318
201.91617899529,163.456206903057,7118.4446939413
221.388701742987,1342.13906655134,7118.44563742568
235.920131904264,1652.89693043746,7118.4463415038
351.913263800663,37.4449984907876,7118.45196161318
357.758277684577,158.791729765184,7118.4522448163
1.62453267990939,94.0723679510036,7118.45243214443
11.5847588595201,1021.05979227218,7118.45291473818
19.6987668000923,750.57904336262,7118.4533078788
35.9957943057871,1430.61051893767,7118.4540975038
55.1658274556654,115.336899753071,7118.45502633193
64.8148570285921,1998.06993173013,7118.45549384755
177.620884225209,135.070732376619,7118.46095953505
185.240847471911,959.118673371506,7118.46132873818
198.394627958301,267.625838157315,7118.4619660663
204.843976028348,213.587564301676,7118.46227855068
209.906322405138,1725.5078477163,7118.46252383193
235.824645839547,686.131762517306,7118.4637796288
249.144827853335,1930.73401710819,7118.46442501943
341.074954088548,32.2194250446106,7118.4688681913
344.914442972696,78.7423945491916,7118.46905422255
359.907347044081,236.465680369946,7118.46978066005
4.43985297080038,1133.25393513719,7118.47000026943
19.963564912657,1257.96795202859,7118.47075242568
34.0012727909611,377.684994390393,7118.47143258193
43.7744584905466,1868.70141583029,7118.47190611317
81.1028940761055,2000.47578502449,7118.4737147538
164.593233855572,64.3659153753973,7118.47776003505
174.554427493126,286.479118205563,7118.47824267568
181.89286261816,676.868228133287,7118.47859823818
186.574355941921,1091.63744710372,7118.4788250663
203.532797126828,847.992898123096,7118.47964673818
216.45148713496,1690.30411889537,7118.48027267568
242.90932552379,1042.04267437069,7118.48155461318
352.44246742539,88.4624803965117,7118.48686172255
2.6526183257659,66.8362240552334,7118.48735642568
9.02457028591973,630.892893482837,7118.48766516005
17.5716736705928,1007.42536535137,7118.48807928505
30.2704299664985,319.235693435616,7118.4886945663
39.6230971377069,669.275246334422,7118.48914772255
58.0436786112696,1842.78203807509,7118.49004023818
177.71667003248,26.0303219951075,7118.49583864443
183.788712320207,813.24796896709,7118.49613284755
196.570669361041,344.813982922076,7118.49675216005
205.382209223006,140.858671948685,7118.49717909755
209.648988728509,1463.02447934232,7118.49738583193
225.186245006491,2132.00146426118,7118.49813864443
254.896329737711,762.105656360035,7118.49957816005
338.572742539259,21.9691157626878,7118.50363245693
355.594390450888,176.286624187227,7118.5044571913
0.737680208279734,181.537535004495,7118.50470639443
5.29114757360778,37.6326921014414,7118.50492701942
17.6619381044345,938.203736922105,7118.50552641005
25.6301835828613,1491.51457851104,7118.50591248818
42.7721331980287,24.853325994445,7118.50674051943
51.8523018174995,1508.35022250106,7118.50718047255
177.515102239452,38.8910431636802,7118.51326909755
183.481047427755,219.487927832773,7118.51355816005
191.104880506232,283.843559767405,7118.51392755068
197.645168872129,269.026301236153,7118.5142444413
207.814686839213,1480.18441947784,7118.51473717568
225.970186863521,858.562387850981,7118.51561684755
246.994500289342,1510.73997756157,7118.51663551943
348.33398077615,59.866507584605,7118.5215456288
0.896326515653989,159.146307243674,7118.52215430068
5.37788010785281,513.172893068514,7118.5223714413
14.2110263428465,1365.23514715492,7118.52279942568
27.685677977814,739.685868111906,7118.52345230068
39.1312632114728,471.658323508706,7118.52400686317
50.741637617708,382.627429740268,7118.52456941005
62.6799777514803,1684.60323468622,7118.52514784755
176.913639499562,55.7635777831411,7118.53068270693
182.38682993792,801.33155666573,7118.53094789443
187.109278680953,171.970521156695,7118.53117670693
199.570364535668,269.445049605466,7118.53178047255
211.219759445289,1613.13329360979,7118.53234491005
230.1327732579,310.644843182217,7118.53326128505
236.968779053553,1137.49043517686,7118.5335925038
266.753357445752,1552.35302390366,7118.5350356288
342.641793118378,31.1822061227485,7118.53871258193
348.072415670016,244.589709597065,7118.53897570692
357.383805011054,184.514611922815,7118.53942686318
5.17565197175044,1423.02547523343,7118.53980439443
17.090128330626,193.656424229971,7118.54038167568
29.0265335109692,1351.06892340531,7118.54096001943
41.7701150203797,975.897584964969,7118.54157747255
61.3016522521269,2806.91048182291,7118.5425238163
173.917070998277,142.97697747967,7118.54796009755
182.173294205369,828.628166082979,7118.5483601288
196.161984589955,967.233737547701,7118.54903791005
204.441749123505,1016.92954057597,7118.54943908193
219.419818952383,1543.02937094286,7118.55016480068
240.393502529663,2216.07510120236,7118.55118101943
343.385066083898,22.022501877661,7118.55617117568
357.958096636411,101.192866586164,7118.55687726943
2.19682008680358,89.0446605339434,7118.55708264443
7.19692711973153,493.157792380572,7118.55732491005
17.3387115176876,426.823132393395,7118.55781630068
22.7777186672934,1851.89508172812,7118.55807983193
38.5336187511192,101.192866586164,7118.55884323818
46.67697276581,68.399244601558,7118.55923780068
61.5750666720287,1109.66424937686,7118.55995964443
172.397820176327,63.9632791177291,7118.56532923818
183.068800052391,168.326436122967,7118.56584626943
190.870966451859,214.465459280611,7118.56622430068
201.89764566213,982.651182646066,7118.5667585663
210.255451202452,423.641788316331,7118.56716351943
224.411510534838,1226.99783666746,7118.56784941005
358.899717565778,62.5148682820154,7118.57436564443
4.46030099173534,110.256394292296,7118.5746350663
7.6990030355427,40.6045960743562,7118.57479198818
15.006479694094,563.967983424618,7118.57514605067
23.6996681019774,238.049524536876,7118.5755672538
31.9242879832514,356.178642135774,7118.5759657538
38.8628434949928,1279.76484964876,7118.5763019413
52.7847797695225,27.0480304820353,7118.57697648818
64.7718149110316,1572.36423881102,7118.57755728505
174.179510742048,47.9755193905085,7118.5828583163
180.2096301901,260.798993512168,7118.58315048818
190.096007605611,672.859046257912,7118.5836295038
198.697288222158,150.780207763823,7118.5840462538
202.688666839635,1391.40821087125,7118.58423964443
220.774187894075,1290.99109180686,7118.58511592568
236.698424383644,1509.94383663061,7118.58588748818
357.275870748134,144.154826964282,7118.59173008193
3.49174069474467,76.6260874196512,7118.5920312538
6.27993331426208,110.085850157926,7118.59216634755
14.34266639679,1237.73125082494,7118.5925570038
27.6196356269795,225.066881798242,7118.59320030068
32.5874943245844,349.145989897437,7118.5934410038
44.4813317308331,345.031891946235,7118.59401728505
56.3500153807184,88.9390922020894,7118.59459234755
61.0486003488554,2062.04320285508,7118.5948200038
175.45995052105,46.179539359148,7118.60036347255
178.823776224544,501.319707968406,7118.60052645693
186.225418076299,148.393700105665,7118.60088508193
198.153116247777,211.288014861921,7118.6014630038
202.881369738471,1417.94620489577,7118.60169209755
220.308701898427,1331.34425706061,7118.60253648818
232.610803478394,898.930818671317,7118.60313255068
357.129432311354,68.5707116088174,7118.60916573818
2.26304752685257,128.585794789693,7118.60941447255
12.4699736049593,301.560415527646,7118.60990901943
20.198936249831,784.651121854552,7118.6102835038
31.4590935084545,1226.01739871442,7118.61082908192
53.426348772697,1586.07038613923,7118.6118934413
186.480794093614,98.8446824390365,7118.61834020693
191.964626456725,1008.61818896902,7118.61860591005
205.19967284724,342.627454186228,7118.61924717568
217.222826118305,1376.63791477394,7118.61982972255
237.275819202153,1829.68462603128,7118.62080133193
261.400489237034,21.7542529129533,7118.62197022255
2.18529804093226,302.803976337529,7118.62685345692
6.57655623415913,121.137100350666,7118.62706622255
11.5692461646042,193.656424229971,7118.6273081288
18.4610416220378,1296.56774205955,7118.62764205068
38.7749238749281,1416.24911798033,7118.62862630068
54.344732257169,1275.05805913586,7118.62941158193
80.3862444353773,244.435999219306,7118.63067334755
176.83590719381,50.7354991352571,7118.63534653505
186.418505142661,221.70244806663,7118.63581083193
191.785275995615,936.279165308918,7118.63607086318
200.793853290395,258.773918959676,7118.63650734755
214.272374719595,107.669879956251,7118.63716041005
216.292733999412,1315.89994456505,7118.63725830068
233.918716059631,1636.81357356893,7118.6381123163
350.613894568533,27.6704006929585,7118.6437664413
354.690408809283,140.190137276619,7118.64396395693
1.56608004274246,126.077273621128,7118.64429709755
13.5379584933045,1102.05256032003,7118.64487716005
23.1750561600118,1064.87219042606,7118.64534409755
34.9386102059593,643.629927132849,7118.6459140663
51.3343175959686,98.6544179681914,7118.64670847255
64.9850452626855,3075.1292623421,7118.6473698788
177.350882473784,849.409764747122,7118.65281423818
186.818353790823,147.504716774272,7118.65327295693
199.536136571908,1693.14728903913,7118.65388916005
209.747577416209,1193.21164060437,7118.65438392568
231.972174541242,189.339321998716,7118.6554607538
239.86689374155,2822.29106751686,7118.65584326943
343.909108663537,25.6668800796556,7118.66088433193
351.456190604082,152.883927739822,7118.6612500038
358.505680467423,120.670876069262,7118.6615915663
7.63099682392127,1105.8650661866,7118.66203370693
20.8541112706752,1367.87503546287,7118.66267439443
34.9282598020577,690.499268873879,7118.6633563163
44.0487388688389,69.4217114349804,7118.66379822255
58.8658894319976,128.950572442221,7118.66451614443
79.1659048627814,3147.78625387646,7118.66549972255
165.701134150594,30.5160445523978,7118.66969253505
172.632917494272,784.651121854552,7118.67002839442
181.898827400428,179.036313552317,7118.67048436318
194.799135857801,1573.89312693823,7118.67110941005
209.402802353273,1179.01832741296,7118.67181698818
226.081650294856,89.0446605339434,7118.67262511318
228.747621590976,1097.13138574108,7118.67275428505
262.56001925373,3003.91778118581,7118.6743925663
342.100580844497,32.7615712336637,7118.67824647255
347.62923838357,301.311087191891,7118.67851434755
354.174364001643,125.329926992102,7118.67883147255
5.68444601857422,1614.62354597575,7118.67938916005
20.1552492658952,1076.6638691706,7118.68009030068
27.1008994692225,442.386766108527,7118.68042683193
41.7674502054343,91.5930178924107,7118.68113745693
47.6247184815491,282.516537941646,7118.6814212538
54.3726862800984,2983.02915702209,7118.68174820693
173.714164590437,143.632536420135,7118.68753055068
184.946588279932,385.757342735715,7118.68807478505
194.635283290664,1452.30028003596,7118.68854422255
214.994313280583,760.526197574052,7118.68953066005
222.168604242544,1155.32217126457,7118.68987826943
256.736903301237,1561.62083264633,7118.69155317568
345.436642013732,96.0488980017438,7118.69585086318
349.416411173429,25.643993872837,7118.6960436913
354.661283226507,43.264909016516,7118.6962978163
3.85690096377143,1098.77429377292,7118.69674336318
13.2253698729731,193.559376859831,7118.69719728505
23.3926304757317,77.5401479136129,7118.69768991005
30.1576898811152,1604.16302463773,7118.6980176913
39.2423732667804,1117.22409101844,7118.69845786318
79.0839228821016,586.441450955988,7118.70038826942
173.635447646573,86.4755142493401,7118.70496948818
189.336203078123,811.767986164114,7118.70573022255
200.745347733787,558.073642853429,7118.70628301943
216.007203086201,66.4132013272756,7118.70702248818
218.665757242295,1377.5111051828,7118.70715130068
238.858063181292,2550.11611827172,7118.70812966005
350.088650801353,22.6144328957512,7118.71353123818
353.136120122464,92.1044282509165,7118.71367889443
359.173011701037,379.867581834503,7118.71397139443
9.58277992207798,877.951711331093,7118.71447576943
16.8818720202028,390.019988527612,7118.71482942567
25.7230803671838,1906.92017731919,7118.71525780068
46.2736655282376,55.552590305652,7118.71625351943
53.0454971016836,1638.28228760821,7118.7165816288
179.98436479021,33.3653625561592,7118.72273208193
187.432766771357,85.272136574055,7118.72309297255
194.15977316884,1010.40498190486,7118.72341891005
207.897248851194,864.14658762024,7118.72408451943
221.572162741247,1503.5592770829,7118.72474709755
247.669142057713,107.669879956251,7118.72601155068
253.331307816899,1372.26352503461,7118.72628589443
344.431936301174,53.0881102966951,7118.73069991005
354.434085358001,140.324099562328,7118.73118453505
359.642194309563,420.078721807826,7118.7314368788
5.58137338668081,153.006773917497,7118.73172464443
14.8105294407346,1271.28019222766,7118.7321718163
26.6934023987075,76.8708985354749,7118.7327475663
29.3190632475167,695.271840100986,7118.73287478505
45.7483089543157,917.467435357366,7118.7336708163
58.94014252369,2049.17371959823,7118.73430998818
175.85428736196,63.1131050199407,7118.73997472255
184.897692842371,896.251406423687,7118.74041289443
196.80088226699,752.978346341138,7118.7409896288
203.37954616431,710.244030255325,7118.7413083788
221.203855601269,43.857976278483,7118.7421720038
225.29875143032,1955.48799375445,7118.74237041005
263.123166625636,2225.82086095713,7118.74420308193
341.96522891215,25.9851706124747,7118.74802314443
347.424230042421,102.85036017299,7118.74828764443
351.6465068204,369.639652220144,7118.74849222255
5.38398254029586,1276.00086052837,7118.74915783193
13.6327886449056,1086.66919906852,7118.7495575038
25.4311708764836,347.852052717812,7118.75012916005
34.6700014348886,53.9221202411344,7118.75057680068
40.2405818511783,1617.59972083786,7118.75084670693
60.7937468625394,256.293375411332,7118.75184255068
81.8743793466369,3098.50278767954,7118.75287845693
160.87155618875,53.7038989667504,7118.75670603505
169.112622667354,106.35303748785,7118.75710533193
174.272036611179,180.603643151755,7118.7573553163
178.119587532229,1008.0219992048,7118.75754173818
195.134785799318,864.842086834017,7118.75836616005
207.053454438407,1415.39968634419,7118.75894364443
225.505961761311,134.582983646325,7118.75983770693
229.402207690099,2955.49051898547,7118.76002648817
347.566621141701,24.853325994445,7118.76575180067
354.489697514056,119.575988000165,7118.76608723818
2.32056494059584,93.6720562227933,7118.76646666005
11.9499230188391,285.953954959339,7118.76693322255
16.4056778827122,986.924986179361,7118.76714911318
28.8757933448997,1841.47652682043,7118.7677533163
50.997518230321,110.596691527132,7118.76882516005
57.1330898058345,65.2357612374033,7118.7691224413
75.8497111575922,1970.19134340337,7118.77002930068
174.709615818802,230.510832643915,7118.77481926943
179.288881837371,85.1067133433858,7118.77504114442
191.033086912159,117.994225501405,7118.77561017568
193.694865928065,1417.09799450496,7118.77573914443
203.537385588014,923.346565873118,7118.77621603505
218.301648825681,59.5912555412248,7118.77693139442
231.532180487544,1928.2411223287,7118.7775724413
249.083346363261,1772.26322506385,7118.77842283193
347.718802433423,65.6663612375041,7118.78320192567
356.930221871139,146.994319494276,7118.78364823818
1.14121178994498,529.889188083388,7118.78385226943
6.75435998032919,555.373691479844,7118.78412423817
14.9828496182931,24.2676156947397,7118.78452292567
16.6771781240021,58.6777709754571,7118.78460501943
22.8137171199171,2013.65657481745,7118.78490234755
47.9171246367945,993.603754828598,7118.78611866005
76.2627816183563,2164.46771617029,7118.7874920663
166.522373083419,34.2853558044087,7118.79186533192
175.929540010026,796.062105123951,7118.7923211288
189.301641891363,792.276688699189,7118.79296903505
196.138524541979,1231.88814704633,7118.79332198817
209.796346862739,846.573644519566,7118.79398373818
229.129234194223,1556.9938671689,7118.79492045692
250.765298908659,167.767383318917,7118.79596876943
356.92300576161,76.5033869587484,7118.80111233193
0.165577599649431,51.0124893715602,7118.8012694413
4.61198044515266,268.18694487396,7118.8014848788
16.7831536553144,1165.6839937757,7118.80207459755
24.2144640296274,164.601693386501,7118.80243466005
36.0870175112868,1077.22220032969,7118.80300991005
54.4298804640592,1002.63941593681,7118.80389866005
176.818183123546,79.3958648825921,7118.8098286288
185.344647555592,96.4880328413464,7118.8102417538
193.505093177117,749.376449782346,7118.81063714443
203.20604258005,908.908170949019,7118.81110717568
220.682714794789,147.759263158243,7118.81195395693
226.361972160809,1195.22547414874,7118.8122291288
277.617503683971,2366.18169502378,7118.8147125663
347.115605845684,22.2611651334859,7118.81807989443
348.176899100646,263.5224538583,7118.8181313163
357.781425983591,253.343984679688,7118.81859667568
4.6848307861792,1362.59026284336,7118.81893116005
15.2406840304309,168.103045372625,7118.81944261318
21.5987692060203,36.4276248054907,7118.81975067568
26.3147682669726,1687.4560637703,7118.81997917567
57.0580902731295,2185.47713259909,7118.8214687538
183.015963077792,760.526197574052,7118.82757167568
194.476060143061,47.9510355033685,7118.8281269413
196.95628090308,767.99983039777,7118.82824711318
217.704548506454,1273.17045794939,7118.82925241005
227.642845751971,2055.0332546776,7118.8297339413
357.834567198749,50.6891854878955,7118.8360447538
4.95403599441513,124.049090444167,7118.83638970693
12.1670250113232,926.596632755405,7118.8367391913
19.5280339297869,329.659632924972,7118.83709584755
31.4857230722614,1285.39012766993,7118.83767522255
54.2330660308628,1981.14702421037,7118.8387773788
178.197023218454,49.0885630755056,7118.8447836913
181.44475479465,672.4121814905,7118.84494105068
193.392769395231,144.285111636222,7118.84551995693
203.866066828975,1213.19987389512,7118.84602741005
217.909256931418,1421.33438352232,7118.84670783192
232.970849991204,413.587830649931,7118.84743759755
254.711076889176,2080.62056472613,7118.84849095693
340.76064596846,23.4806132870524,7118.85266023818
346.824948705265,174.034023303626,7118.8529540663
354.413953485485,114.519470295615,7118.85332176943
6.84440343478197,333.512772954236,7118.85392405067
13.8039204226736,1651.44131702988,7118.8542612538
29.5169302088817,472.61339286564,7118.85502258193
43.9058226551991,953.460088659597,7118.8557197538
55.4849161089709,342.408018605411,7118.85628078505
68.3839346599619,347.419676360872,7118.85690576943
176.123423199575,33.5583782984372,7118.86212597255
186.405810396604,111.020602433509,7118.86262417568
191.648102599376,236.783287421716,7118.86287817568
197.547938687127,178.510817239186,7118.86316403505
209.156700625914,949.035627861861,7118.8637265038
222.116346090862,1083.89919262208,7118.86435442568
244.427368783092,1026.93142878252,7118.8654354413
352.071724709101,23.405475474414,7118.87065103505
355.102102385836,104.211479723393,7118.87079786318
2.51341877948381,216.904619265712,7118.87115695693
9.53517507369558,915.499287490462,7118.87149717568
16.4792128471169,126.449295478892,7118.8718336288
24.2794443306976,35.3810106212826,7118.8722115663
30.0557692262104,1343.03479448761,7118.8724914413
47.6843312118208,160.088012290949,7118.87334558193
54.2426786424956,692.238544264256,7118.87366334755
75.1689570808797,2211.73013237319,7118.87467726942
168.603277534129,36.3630965616313,7118.87921258193
177.83759332634,811.767986164114,7118.8796600038
189.627913483473,619.836348914049,7118.88023126943
194.895036919084,1021.64843251984,7118.88048647255
211.324927560304,1587.58595159014,7118.88128253505
229.03991507557,1315.89994456505,7118.88214086318
255.451960830494,1439.82681333199,7118.88342058193
347.617752439047,56.1413554533985,7118.88788620693
353.385692736592,254.084531192689,7118.88816567567
0.462271234640337,159.382257391982,7118.88850855068
8.06998008914187,1343.03479448761,7118.88887716005
21.6165455723225,339.099665014331,7118.88953351943
26.2786898873811,20.4894209238082,7118.88975941005
36.3662970534624,784.651121854552,7118.89024817568
44.522550357232,1749.04180028079,7118.89064336317
177.564741323491,37.130062913171,7118.89708953505
188.182188939642,626.589613528239,7118.89760397255
200.647144626131,726.150140017978,7118.89820792568
216.318876507085,789.235343745531,7118.8989672538
227.416179584103,1626.49593793418,7118.8995049413
350.955748449085,20.9569202269666,7118.9054906913
0.169102802687711,116.55228171481,7118.90593709755
11.0000344865264,196.354252302022,7118.9064618788
16.549653464208,263.665006494662,7118.90673076943
20.4226805900609,1169.80314324167,7118.90691842568
39.6607578314622,1395.72264856724,7118.90785055068
60.8437331586745,264.802735294722,7118.90887691005
78.890878681691,44.2046885207326,7118.90975133192
173.834220947467,37.130062913171,7118.91435153505
188.399189387992,287.26507284027,7118.91505723818
204.898413952033,1244.51338123777,7118.91585666005
221.77290695379,770.735086863539,7118.91664741005
237.543641280123,145.193801426302,7118.91741153505
246.247149126778,2096.74055895448,7118.91783323817
342.143107735328,27.0480304820353,7118.92247959755
347.038730136281,139.518410713357,7118.92271680068
359.904210370482,125.029736564031,7118.92334016005
3.29383472721734,198.069172174797,7118.92350439443
12.3665862442051,1668.82530017176,7118.92394398818
29.3030984950183,76.8708985354749,7118.92476459755
33.8820421026909,1318.63853169989,7118.92498645693
60.3856731254272,2659.07318386382,7118.92627061318
173.269096356853,203.311992241773,7118.93174005068
182.242200494041,196.927557594151,7118.9321748163
188.637693780653,1025.75969940233,7118.9324846913
203.01497676919,108.970811540932,7118.93318130068
211.035142040081,1355.51170288295,7118.93356989443
221.174991559692,2302.30279285593,7118.9340611913
261.878217184395,977.12893332158,7118.93603334755
347.436643831014,148.013365453004,7118.94017883192
352.206175226962,82.1866116829106,7118.94040992568
3.12063010416818,768.39118401395,7118.9409387538
9.39196726412069,255.264948068046,7118.94124261318
18.6353125511781,1145.91647282225,7118.94169047255
33.8355735316921,290.387602852604,7118.94242695693
38.5235165375344,100.540901992741,7118.94265409755
47.4611474420455,2014.85073070273,7118.94308714443
52.8482347616449,97.4568134526343,7118.94334816005
82.804374419399,1772.26322506385,7118.94479959755
169.844935335338,142.450357065727,7118.94901689442
173.474809908488,215.165177341881,7118.94919276943
184.438927288917,88.5686246565598,7118.9497240038
189.652518464616,1177.99792143103,7118.94997661318
197.578518579845,1302.12052251721,7118.95036064443
219.580924553241,735.201677315445,7118.95142670693
234.123641611233,2240.89680145312,7118.95213133193
349.347911802748,26.5882593719624,7118.9577117538
352.848147987559,116.148569928587,7118.95788134755
7.4047318676579,135.209760054877,7118.95858664443
11.8927350668542,317.109838388063,7118.95880409755
20.6842809481548,1547.69819182832,7118.9592300663
46.6467846241061,1616.11235505177,7118.9604880038
58.0968846990433,1071.06501445742,7118.96104278505
178.495141573234,179.664894073284,7118.96687633193
181.380401609617,325.530130629303,7118.9670161288
194.572235254076,1008.61818896902,7118.96765530068
210.91086303838,1355.51170288295,7118.9684469413
220.518937192034,896.922036641712,7118.96891247255
247.768795106358,2746.27898200208,7118.97023278505
345.252340111689,141.656741892149,7118.9749560663
351.454988208156,75.7630139180954,7118.97525659755
354.958449215237,178.72121838014,7118.97542634755
2.17692049382503,1257.01171693748,7118.97577609755
14.7125000470601,65.5589818543412,7118.97638347255
24.922006013016,908.908170949019,7118.97687814443
35.3172624775307,1586.07038613923,7118.9773818163
49.2188822854146,543.334599534262,7118.9780553788
69.9419961324249,2976.57232195547,7118.97905945693
172.770705542597,109.82953435601,7118.98404172255
177.37899507422,653.364917724275,7118.9842650038
189.678839252319,848.701664502016,7118.98486095693
205.821074650854,1923.2457848517,7118.98564308193
226.006285935807,1527.36379099849,7118.98662109755
240.246513471065,1112.91043047856,7118.9873110663
349.291415313829,105.287702167889,7118.99259451943
355.258327960076,121.137100350666,7118.9928836288
5.79128488737446,1045.49890966865,7118.99339397255
14.429973577402,80.8032876720155,7118.99381253505
26.0713063374937,1278.82493483611,7118.99437658192
39.4292189858273,1384.47708852851,7118.99502380068
59.1020039886093,208.24257596086,7118.99597698818
75.3013189177653,316.635467845217,7118.9967618788
177.810144438375,35.7113748294946,7119.00172403505
181.613192631902,87.6087813406201,7119.00190830068
185.903513463862,238.365022164899,7119.00211617568
198.035988656619,776.56370223167,7119.00270401943
208.044587357986,878.636274848077,7119.00318895693
224.249707034803,1237.73125082494,7119.0039741288
275.10697141212,1403.45524091146,7119.00643826943
342.191284362806,96.3418858579423,7119.00968864443
356.366370217913,88.4093770414651,7119.01037545693
0.481582476067093,994.208604332414,7119.01057484755
11.0932253820994,44.5750485134067,7119.0110890038
18.4568141884124,691.36946168058,7119.01144578505
30.2703531860215,327.371879604854,7119.01201817568
42.8133499168236,1938.19360561065,7119.01262591005
61.3677620589382,1252.21943925169,7119.01352491005
176.424724247435,98.0334841083064,7119.01909966005
185.681613833076,683.057832517875,7119.01954817567
201.470407299271,1203.24716856857,7119.02031317568
213.423904123991,184.616391618597,7119.02089234755
221.314753492524,1626.49593793418,7119.02127467568
245.870584018077,1080.00930421071,7119.02246445692
350.670312765909,28.6503702706664,7119.02754222255
358.560517162481,120.359069932796,7119.02792451943
11.7142976864128,415.039030920994,7119.02856184755
18.4103456174136,895.580332116452,7119.02888628505
31.660548736418,1363.47244605872,7119.02952828505
48.5235347466541,1513.12606888609,7119.03034533192
183.439677483538,55.2983457635658,7119.03688230068
186.613237847195,764.861896040969,7119.0370360663
197.989166672051,815.462863901217,7119.0375872538
211.338049712912,1375.76416925356,7119.03823403505
228.646385521907,1412.84872690051,7119.03907266005
1.71080277854909,80.1612873302382,7119.0455256288
11.3633796221846,155.201407281425,7119.0459933163
18.094578224797,1250.29731012916,7119.04631945692
37.4048918003928,551.026280160016,7119.04725508193
42.8306771373966,649.210629699581,7119.04751797255
63.5886191324954,290.646284817342,7119.04852373817
72.7319945913138,2115.01327562758,7119.0489667538
170.472881382351,361.415286587174,7119.0537025038
184.032346192153,593.068094634219,7119.05435948818
194.346659238523,1408.58680275358,7119.05485923817
217.687049373916,1521.84276291933,7119.0559901288
234.866714252517,872.455885314594,7119.05682251943
351.242311594309,56.5581505240775,7119.06246116005
356.552325327538,25.5292557926889,7119.0627184413
1.84814979022178,156.166898857002,7119.06297503505
15.7978196338803,149.151455075547,7119.06365092567
21.9308113590864,1218.14558440292,7119.06394808193
33.9359055653731,1119.37470403944,7119.0645297538
48.4618535025122,56.8893855634744,7119.0652335663
67.3661602311735,1665.94060768688,7119.06614951943
176.059877505925,604.116923152986,7119.07141595693
191.565207934565,97.93761635013,7119.07216722255
193.835491897605,1017.52062331428,7119.07227722255
204.053704947511,1229.9343765676,7119.0727723163
222.594895201939,171.204009302706,7119.07367067567
231.744075333335,1559.30901524215,7119.07411397255
357.363017962184,102.300848348058,7119.08020047255
6.03565390018413,56.0157129014804,7119.0806129413
10.9712642624658,887.487583423052,7119.08085208193
18.046875265029,200.707686581758,7119.08119491005
29.9313606529078,245.509806928723,7119.08177073818
37.2430296667562,32.1281785897742,7119.0821250038
40.3356466498111,1399.16456198819,7119.08227484755
50.7092967037552,1183.09084751189,7119.08277747255
177.11735652181,30.879458712274,7119.08890220693
188.318176847944,257.171589579386,7119.08944491005
192.428229367942,934.993971135611,7119.08964405068
207.380500506035,184.921467027976,7119.09036851943
214.970150295759,41.2074541156215,7119.0907362538
220.068614802104,1418.79397119737,7119.09098328505
251.142482386106,2989.47200327859,7119.0924888788
344.286689028216,139.383671271531,7119.09700191005
355.803865661649,987.53405453067,7119.0975599413
3.72857583295392,195.587240847672,7119.09794391005
8.13660310949169,25.8037705785918,7119.09815748818
12.2153747521098,118.312262764597,7119.09835511318
24.3978348589866,1677.44995671626,7119.0989453788
44.7884682122655,1430.61051893767,7119.09993334755
61.9484615961823,318.292614487348,7119.10076478505
186.316813088176,60.4132438519756,7119.1067906913
189.273664561876,520.155141181533,7119.10693395693
194.546915156046,504.904840159526,7119.10718945692
212.513117373544,773.460573366691,7119.10805995693
224.711701666854,1623.53597232823,7119.1086510038
243.709528654299,1199.24303820795,7119.10957148818
349.498636846422,26.1203923074271,7119.1146971913
352.425819797564,102.300848348058,7119.11483901943
358.941599416602,292.707635907163,7119.11515472255
10.9292795300732,1080.56585901295,7119.11573555068
18.5960028686252,287.26507284027,7119.11610701943
29.6681522643638,2337.54926526331,7119.11664348818
51.0468750804669,77.7820863273604,7119.11767933193
58.4978569119214,112.950079844687,7119.11804034755
78.8633365463789,1014.56187895366,7119.11902709755
167.143033718329,65.809274696349,7119.12328995693
180.526744982362,631.369179160401,7119.12393842568
190.952637389836,188.742979578826,7119.12444358193
195.430643598699,238.994796175618,7119.12466055067
207.655349106316,1221.10344058513,7119.12525286318
221.859780960457,602.622174383782,7119.12594109755
228.253339331182,1155.32217126457,7119.1262508788
357.371550724441,64.2197892086749,7119.13250692568
4.8983161983401,149.779993963151,7119.13287161318
11.8465462895167,205.335040637245,7119.13320826943
19.2336763847452,31.8159769363557,7119.1335661913
21.5184721418545,1103.68814087991,7119.13367689443
29.4593064620498,657.949972282523,7119.13406164442
46.5989833793208,878.636274848077,7119.13489209755
59.1510096425117,1703.06124758213,7119.13550026943
173.879038645528,46.204956527518,7119.14105908193
181.736027286375,312.81469081712,7119.14143976943
190.047395220828,960.371560054796,7119.14184247255
207.652093318916,70.9608899418512,7119.14269545693
213.104322318666,1622.05393561266,7119.1429596288
231.287233426121,1356.39866005732,7119.1438406288
251.250253559437,1006.82828740872,7119.1448078788
343.433136812367,52.0606439902149,7119.14927433192
355.825856239745,124.200469353575,7119.14987478505
359.344473975315,162.995783536957,7119.15004526943
2.87760350495375,355.122015127662,7119.15021645693
15.7921012704151,169.992520060447,7119.1508421913
19.5254930175969,1253.17922705648,7119.15102308193
39.72618351702,1406.02340881202,7119.15200184755
52.8754493498418,127.999971732962,7119.15263895693
72.0358079953689,57.8311253052188,7119.1535673163
174.433356877327,38.1286946460335,7119.1585286913
190.632994367549,413.951123379164,7119.15931359755
207.843617637547,132.755653692307,7119.16014748818
210.102937189854,883.413397989585,7119.16025695693
220.518510121014,1420.48806051065,7119.16076161318
245.578382405854,698.291979794874,7119.1619758163
352.552048905593,94.0224217926833,7119.16714247255
357.441544147988,70.2958247167373,7119.1673793788
4.498451113811,123.36562327242,7119.16772130068
11.1851470264418,389.055343497091,7119.16804528505
17.5132412685764,21.8619462810654,7119.16835189443
21.1315064590302,551.844070439955,7119.16852720693
31.0643214804094,1415.39968634419,7119.16900847255
47.4132687785688,98.4637787970755,7119.16980061318
54.4821076881534,117.755125095265,7119.17014311318
79.6229233535947,1102.05256032003,7119.17136123818
175.273471932489,262.09256986931,7119.17599570693
188.379524869086,829.353419273815,7119.17663072255
200.521674566195,545.818723551861,7119.17721903505
205.121257126494,615.944073523167,7119.17744189443
227.609323308418,1647.06659422365,7119.17853148818
261.217911407836,1010.40498190486,7119.18015989443
341.540173047784,69.8937435705815,7119.18405167568
348.532583305419,116.310225339866,7119.18439047255
356.557908352009,283.843559767405,7119.1847793163
0.153922122387691,101.470998270514,7119.18495355068
6.53264628814615,558.612045509221,7119.18526261318
14.1519645253438,90.3538216467936,7119.18563178505
17.9827463630835,375.489722648226,7119.18581739443
24.1928115995753,1406.87828054098,7119.18611828505
46.0523573720307,582.841996887851,7119.18717742568
52.9109369986556,1862.25546094931,7119.18750973818
173.320803255542,35.6125892664316,7119.19334384755
180.981721921517,178.72121838014,7119.19371503505
190.24312623581,299.559987926301,7119.19416376943
199.599340790353,786.946563469115,7119.19461709755
211.485438533054,1589.10018477343,7119.1951930038
234.340168497461,1032.18722458109,7119.19630036318
251.91326326973,1468.76677487029,7119.1971518163
348.618332973066,35.2146679871712,7119.2018373788
353.528467168087,182.36363807933,7119.20207528505
0.84916567678242,101.378370975791,7119.20242998818
10.4343435134832,1339.44855207346,7119.20289441005
22.1885455410608,332.157940041711,7119.20346392568
35.6676548572296,1385.34539395607,7119.20410109755
48.720175533914,1051.80575360464,7119.20473351943
65.1732850156097,81.5555054045625,7119.20553070693
78.325453109636,2489.02676247553,7119.20616795693
174.094353180154,125.704155418127,7119.21080816005
178.448525748341,226.896029742463,7119.2110191288
182.66757770405,1083.89919262208,7119.21122355068
204.051137809871,936.921207284058,7119.2122596288
211.302824881726,1376.63791477394,7119.21261098818
229.55700482789,2157.7908349002,7119.2134954413
4.34415411085568,96.2443180707595,7119.22002616005
7.89373023782404,182.054302189094,7119.22019814443
14.7326384073076,1102.05256032003,7119.2205295038
30.9935476708214,20.6322060131159,7119.2213173788
32.5437259941229,358.072627104633,7119.22139248818
41.1140481441881,1387.94697956968,7119.22180773817
57.7029232103229,1941.91240865393,7119.2226115038
175.493900748921,216.210521708504,7119.22831872255
181.02094589563,124.200469353575,7119.22858651943
191.986675705965,119.103657492126,7119.22911783193
197.094814754203,1503.5592770829,7119.22936533193
211.635274447869,1237.73125082494,7119.23006984755
226.439848132846,740.904115836827,7119.23078716005
242.649805024297,490.713358836103,7119.2315725663
342.13145788937,20.3022980371781,7119.23639266005
357.593575496869,145.581491306501,7119.23714183193
2.16510196451638,141.125194863534,7119.23736333193
10.7560631047507,128.219962425291,7119.23777958193
15.8461430506693,331.931621078141,7119.23802620693
24.5577130093116,970.956204326967,7119.23844830068
39.4806381483703,1097.67928080373,7119.23917134755
51.8069259516734,950.301948243748,7119.23976858193
91.2502084586924,108.278927490879,7119.2416796913
176.034238992877,71.1591896518371,7119.24577559755
184.930914515657,182.466652898228,7119.24620666005
190.057435152196,327.142257727786,7119.24645505068
202.856161276341,992.392723553337,7119.24707517568
218.01159704335,1328.63176016684,7119.24780948818
228.829629400568,1363.47244605872,7119.24833364443
253.878537274673,131.689908977606,7119.2495473163
350.549423726799,42.3874581267913,7119.25423122255
354.060301873905,82.471890427982,7119.25440133193
6.02766552073084,219.316662053437,7119.25498117568
9.67237429884661,196.162780463638,7119.25515776942
15.8821170868994,896.251406423687,7119.25545864443
32.2945936353036,92.5115262173648,7119.25625386318
37.9909426457,1684.60323468622,7119.25652986318
56.7427147066114,618.865625412468,7119.25743842568
84.5017740808368,894.908702697705,7119.25878341005
168.373289436856,87.2864974743592,7119.26284716005
177.75788253249,187.644760840655,7119.26330186318
185.353014546352,964.12056116435,7119.26366986318
201.874168006945,1174.93148543701,7119.26447034755
216.400760916046,147.37729092662,7119.2651741913
225.673452202138,1593.63400253909,7119.26562347255
359.198723451533,105.287702167889,7119.27209305068
5.84252902900451,120.046445006849,7119.27241495693
9.67976047374144,69.8265056886527,7119.2726008788
14.2780530901162,487.640650082,7119.27282367568
24.8616399034966,1267.49089002232,7119.27333647255
38.8303363074183,69.5569019049103,7119.27401328505
41.5720912459829,206.065775554265,7119.2741461288
55.6452723194218,334.637623167211,7119.2748280038
67.6458517595142,1936.95237626912,7119.27540945693
173.304999039775,133.531810608822,7119.28052886318
182.793431832965,216.557854981758,7119.28098859755
190.234094225648,1120.44840072656,7119.28134911318
197.297450911094,204.968708672482,7119.28169134755
207.815573558343,1181.05636381927,7119.28220097255
225.743722655315,756.960272241258,7119.2830696288
233.129240395722,1900.6038964875,7119.28342747255
345.952138888501,25.0181524802384,7119.2888887538
352.963575668857,70.2289684739732,7119.28922847255
1.91636333939953,211.820894158166,7119.2896622538
7.8858558359538,248.249615308893,7119.28995148818
13.6109058734225,460.695509518771,7119.2902288788
21.6700916476995,68.261757357746,7119.29061936318
23.459552767014,1354.62430161937,7119.2907060663
37.4827488512494,1111.82951734179,7119.29138551943
56.5450725468826,277.009387650295,7119.2923091288
64.0453943955781,426.118224039485,7119.29267253505
177.558627942855,59.8272612006845,7119.29817248818
184.157930792803,168.994832017155,7119.29849223817
192.258394472334,285.164392099801,7119.29888472255
195.924709698562,215.688480964538,7119.29906236318
216.47368242971,1433.12983702515,7119.3000580038
240.099470481003,772.293673456659,7119.30120272255
254.745382264588,1515.50816340773,7119.30191234755
353.191540565483,170.323782855419,7119.30668226943
358.877892548005,718.659576293135,7119.30695778505
5.70519129725072,275.103662072951,7119.30728858193
14.0043048019609,1411.99740788522,7119.3076906913
28.9914042007689,83.2090160662879,7119.30841684755
38.89003600848,1676.01554856844,7119.30889645693
68.0822121958498,1801.87020859535,7119.3103108788
173.014804116748,166.869032480754,7119.31539508193
180.879209860078,125.029736564031,7119.3157761288
185.082460152878,702.155944498628,7119.31597978505
199.577127175096,1548.47501487865,7119.31668208193
220.464062661655,1470.40335463089,7119.31769409755
238.362865797135,2258.00311781654,7119.31856133193
352.971898336565,30.0311685241805,7119.3241143788
355.045467465398,126.820234869207,7119.32421484755
7.2340547683747,367.191693717572,7119.32480541005
14.6721372356662,1415.39968634419,7119.32516580067
25.8371618806841,109.915042345587,7119.32570676942
36.2778885306658,1483.43037853493,7119.32621264443
57.0402574600488,979.587189142705,7119.3272223163
178.079611509263,105.287702167889,7119.33308692568
191.591671255252,190.625015772383,7119.33374161318
195.088360131813,815.462863901217,7119.33391103505
209.849076061229,229.530630613262,7119.33462622255
219.939263115159,1525.78838452655,7119.33511511318
245.323553781743,1546.14354652693,7119.33634503505
351.749244457779,183.493484295916,7119.34150158193
4.97848610063358,85.6568635465571,7119.3421425663
9.0920860039662,947.767753167739,7119.3423418788
16.7049545590824,1478.55860888058,7119.34271073818
44.3466299747116,890.193363467517,7119.34405003505
58.2208386994481,1821.78094831897,7119.34472226943
177.371729259052,85.711680808398,7119.3504953788
185.966560155977,855.053750026258,7119.3509118163
195.713302230358,773.460573366691,7119.3513840663
206.478769785607,296.026730906007,7119.35190567568
218.203625776608,1584.55337739838,7119.35247376942
231.554443770898,146.866435679627,7119.35312064443
246.940455287512,1676.01554856844,7119.3538661288
349.851397947127,165.057648104927,7119.3588523788
355.516788528583,51.1963214877564,7119.3591268788
2.95616101488337,248.703307947906,7119.35948733193
7.23745223937092,1344.824362981,7119.35969476942
23.1458870660307,279.306022754611,7119.3604655663
30.7822969476045,222.379406555895,7119.3608355663
37.811470344299,1484.24073032061,7119.36117614442
51.5408839522076,778.882958130112,7119.36184136317
180.036735680589,50.3171462828966,7119.36804011318
190.100156585792,184.514611922815,7119.36852770693
193.299838126214,173.276643034015,7119.36868273818
202.1919988828,719.07774179536,7119.36911358193
212.426658530035,1232.86392206268,7119.36960947255
229.695651349664,998.43289191881,7119.3704461913
258.327028695565,968.476188134559,7119.3718334413
346.060606691619,42.7735555308395,7119.3760843163
354.681558802851,140.324099562328,7119.37650201943
3.64918071590065,301.311087191891,7119.37693651943
7.23745486027346,163.226154814566,7119.3771103788
15.4207968362934,1192.20344707571,7119.3775068788
28.1285826270459,83.1525473476979,7119.37812259755
35.1129308102357,1097.67928080373,7119.3784610038
51.7798468831419,2496.74458885352,7119.37926855068
180.023805388838,174.034023303626,7119.38548223817
187.419642605558,589.509163706481,7119.38584058193
195.965456046306,1163.6190899722,7119.38625464443
212.729439611163,181.019296774387,7119.38706689443
221.270415799736,1551.57808823247,7119.38748072255
237.69514674034,843.015157681037,7119.38827653505
351.684688477775,27.4787605863969,7119.3937995663
354.479330666748,81.0354838787219,7119.39393497255
0.696490557283838,145.064335543843,7119.39423620692
10.5054720130693,799.077470858833,7119.39471147255
19.6994773204275,169.438962860369,7119.3951569413
30.6426332247057,98.4637787970755,7119.39568716005
35.4827884874008,1556.22137398836,7119.39592167568
74.6545399006257,1648.52620443412,7119.3978196288
176.143330195372,763.681895499246,7119.40273697255
187.217736955437,310.644843182217,7119.40327355068
197.823252665369,158.791729765184,7119.40378741005
204.871130136345,1548.47501487865,7119.40412889443
215.07741124249,1052.37729641772,7119.40462341005
239.278832340218,2325.17027853874,7119.40579601942
345.43722342001,31.667998084961,7119.4109256913
0.355311306892832,260.22201060627,7119.4116485038
7.56991275370672,136.11001214997,7119.4119980663
12.5068130223712,1235.78669519731,7119.41223726943
28.5497234520032,238.049524536876,7119.41301458193
34.6456295521687,53.3528915491743,7119.4133099413
36.8101389768511,1267.49089002232,7119.4134148163
63.1167325667719,2782.8164217425,7119.41468942568
173.008798624849,28.8749215510142,7119.42001392568
174.834377873718,137.620123630278,7119.4201023788
179.938324641743,923.346565873118,7119.42034967568
199.54467802045,584.901571620833,7119.42129964443
204.73634033714,1300.27222322582,7119.4215511913
223.692566895808,2521.66487690886,7119.42246966005
352.607291211712,30.1287675363859,7119.42871584755
7.26352243406803,233.909225322293,7119.42942597255
15.5636034342639,275.103662072951,7119.4298281288
21.0748468805221,363.488822374691,7119.43009516005
31.4478519625038,1846.69313174624,7119.4305977538
52.9981360817041,1229.9343765676,7119.43164191005
67.4299188256393,129.386959479838,7119.43234116005
178.35618950397,52.2857243612229,7119.43771576943
185.441475048426,184.921467027976,7119.4380590663
189.502187626267,852.941661744211,7119.4382558163
205.480278861729,907.584118969851,7119.43902998818
219.51089208599,1477.74525949274,7119.43970980068
232.901375518086,1674.5800301976,7119.44035859755
352.805265137341,33.3653625561592,7119.4461681913
357.441288275634,172.297981437808,7119.4463928163
5.37793035315849,190.526414090009,7119.44677736318
11.4141769597692,949.669010097409,7119.44706983193
21.8242676292495,1340.34605636657,7119.44757422255
36.1796217963192,1220.11822867307,7119.44826976943
58.1675160131887,79.2181806263947,7119.4493351288
64.333078559699,1834.93487071473,7119.44963386318
170.60114861633,25.0650472599645,7119.45475834755
182.426296996635,836.571589779567,7119.45533130067
194.9205987197,900.935104297673,7119.45593667567
206.158827119314,247.035669698192,7119.4564811913
218.306459078102,1750.41625638528,7119.45706976943
247.94753233494,1687.4560637703,7119.4585059413
353.820808692393,262.808497186739,7119.46363572255
2.23924114667059,69.4217114349804,7119.46404361318
4.5666047154164,241.963782343646,7119.4641563788
12.2388102781062,1429.76974704112,7119.46452811318
31.8235572837845,272.358052777477,7119.46547703505
37.9184958884643,1596.64936827397,7119.46577234755
52.8201371404759,938.203736922105,7119.46649436318
87.2097803171125,1583.0348143453,7119.46816061318
165.033117160301,55.2983457635658,7119.4719313163
168.288910810943,181.537535004495,7119.4720890663
177.335218665184,165.96581053907,7119.4725273788
180.854158924278,552.116297125593,7119.4726978788
187.703386494991,1230.91170589618,7119.47302973818
208.803161077275,1020.47081895762,7119.4740520663
215.847813725982,1378.38385150246,7119.47439339443
239.824463859307,1611.64170897621,7119.47555511318
348.051869971775,82.3008466932507,7119.48079895693
351.530177260034,25.643993872837,7119.48096748818
1.82385139132004,135.764469111344,7119.48146623818
9.38770249026023,1306.72983544855,7119.48183272255
24.1890513529676,225.066881798242,7119.4825498788
31.2230620018377,1297.49477828511,7119.4828906913
48.3685436292279,1025.75969940233,7119.48372142568
64.6168760521019,2997.50579912939,7119.4845086913
167.985100379153,161.954991084734,7119.48951709755
178.592873453412,84.7194814301844,7119.4900310663
181.720318734723,952.198098147505,7119.49018259755
188.509886849424,1284.45443170477,7119.4905115663
210.514885498421,934.350707915144,7119.4915426913
217.711105356934,1466.30863007147,7119.49189136318
241.630030950134,3103.15617646495,7119.49305028505
345.887664855695,53.1765187439248,7119.49810178505
350.449194295468,165.96581053907,7119.49832280067
1.68645527468069,1366.11566503575,7119.49886726943
14.9173093474407,404.771466344656,7119.49950833193
18.9970484104604,277.416062344216,7119.4997060038
30.2204425675663,1371.38689293437,7119.50024980068
48.0450744905068,2598.6941487588,7119.5011134413
177.66055547499,60.0232225034247,7119.50739358193
184.700370796437,52.1507906303675,7119.50773467568
189.780131341126,151.277837479036,7119.50798080068
193.9514557095,842.301617343111,7119.50818291005
208.946939668735,1516.30152878113,7119.50890947255
226.063075259548,610.551720292563,7119.50973878505
248.242847208618,2095.59325448083,7119.5108134413
352.746858526694,124.578083959825,7119.5158768788
4.04797116704843,1306.72983544855,7119.5164244413
18.336893710043,297.546098870782,7119.51711676943
23.4308434501937,235.350627875164,7119.51736358192
35.981902292983,1578.47068749106,7119.51797170693
52.2489387901391,1944.38776190964,7119.5187598788
175.248025242756,38.0978859571002,7119.5247194413
183.015040970612,734.383387435145,7119.52509576943
191.130983827072,215.688480964538,7119.5254890038
198.748689671905,1164.65193045201,7119.52585809755
214.883185481976,1525.78838452655,7119.52663984755
233.06899892572,943.316647017411,7119.52752098818
270.059794204307,1467.94787436733,7119.52931326943
338.521346894448,31.3886486247306,7119.53255228505
347.611834990232,259.498977861483,7119.53299273818
353.679362549306,84.107380782239,7119.53328672255
359.095795830398,336.20609074525,7119.53354916005
4.81471867176646,257.463661501589,7119.5338262538
13.3131270111606,1329.53659193191,7119.53423801943
22.741255376375,479.245754192448,7119.53469483193
28.6801120050541,1361.70741349417,7119.53498258193
53.2852825103061,250.509890609152,7119.5361747538
64.2510123206403,970.956204326967,7119.5367060663
177.24988466986,64.693479739919,7119.54218109755
189.697748711972,276.058148562797,7119.54278422255
194.232834564083,946.498102116777,7119.54300395693
214.051059655656,67.4657760213471,7119.5439641913
218.099195317773,1086.11575289075,7119.54416033193
227.946552304981,1452.30028003596,7119.54463745693
355.86254508314,99.8846838573542,7119.5508352538
1.2435051690975,153.497173305261,7119.55109597255
6.88503193811481,72.5321677719215,7119.5513693163
11.8841715881832,404.028088762942,7119.55161153505
22.2852327252748,1401.74050144992,7119.55211548818
38.9914917875478,231.161992325646,7119.5529249413
52.0552993609473,1934.4674750954,7119.55355791005
175.050193608435,98.4637787970755,7119.55951726943
188.609980866676,134.513150618076,7119.56017426943
194.536260617173,1296.56774205955,7119.56046141005
203.23976850137,897.592111748224,7119.56088311318
221.974448917906,355.122015127662,7119.56179084755
234.117888558939,1911.95836940494,7119.56237922255
353.20557235428,83.4345162403771,7119.56814926943
356.939931559405,216.210521708504,7119.56833020692
0.520788638836844,92.1044282509165,7119.56850370693
12.3236856741513,275.103662072951,7119.56907558193
15.6762244058461,1467.12852977515,7119.56923801943
29.7929407488652,30.879458712274,7119.5699220038
40.9692522905981,399.538735429417,7119.57046351943
53.9063238870313,1886.63329403482,7119.57109034755
178.488130702425,38.9513837850686,7119.57698039443
182.558491237262,760.526197574052,7119.57717739443
188.229812917771,141.921779883702,7119.5774518788
203.519492158759,1309.48751841942,7119.5781918788
217.044530616205,132.117247697572,7119.57884647255
219.957834329802,1553.90145195611,7119.57898747255
247.866018657939,1871.27380257834,7119.5803381913
339.269632192065,24.4243774510933,7119.5847620038
355.396434268667,99.1293991337017,7119.58554251943
359.218531246341,325.760918240547,7119.5857275038
6.77684983935452,846.573644519566,7119.5860933163
18.9637185217152,45.8221446897333,7119.58668314443
22.6427975971818,1245.47916424689,7119.58686120693
35.094394664358,2096.74055895448,7119.58746384755
58.8237443830156,721.165016592806,7119.5886123163
168.828724816824,25.2749956380915,7119.59393641005
182.369905222371,143.50165500332,7119.59459178505
186.54325159355,41.235945213991,7119.59479376943
189.066242373682,175.21756268124,7119.5949158788
194.605845508137,954.720413837151,7119.59518398817
209.749278464814,720.748072335908,7119.59591691005
219.621710662725,1253.17922705648,7119.59639472255
235.674905334219,20.2588709696805,7119.59717167568
242.251791821535,2343.71433371905,7119.59748998817
347.446463603381,167.767383318917,7119.60258126943
354.853370478168,79.7500537830231,7119.6029397538
359.220097722835,245.662795661516,7119.60315109755
4.30030023111184,1326.82054232447,7119.60339697255
22.6224109701382,1123.66349558357,7119.60428373818
29.2861413456961,427.878316111574,7119.6046062538
44.5745291812256,2557.64986967222,7119.6053461913
180.092547605469,143.50165500332,7119.61190508193
187.359019313798,103.306058152342,7119.61225676943
192.374331150121,1024.58685979911,7119.6124995038
205.739241156186,931.773214141174,7119.61314634755
213.697880783693,531.305610618205,7119.61353153505
230.577689845793,2718.11129159971,7119.61428620693
351.553402549038,110.851224033315,7119.62014126943
358.658777317663,87.0709754297039,7119.62048516005
3.98562924842653,159.146307243674,7119.62074297255
9.32959169078018,1275.05805913586,7119.62100161318
23.1551937284817,64.9109307970797,7119.6216707538
25.5861751864572,948.401912559405,7119.62178841005
38.8484223108997,882.05115433837,7119.62243028505
58.9145120602224,287.26507284027,7119.62340145693
66.4327985873696,532.153709986716,7119.62376533193
175.027293208859,54.1394637454395,7119.62902116005
184.584634088258,138.097130952808,7119.62948372255
188.171703916735,171.313727093114,7119.62965733193
198.674964510775,647.819964338936,7119.63016567568
209.259903559141,427.878316111574,7119.63067797255
213.769325826463,983.874204329993,7119.63089622255
238.916909527104,1478.55860888058,7119.63211333193
347.082027600003,115.336899753071,7119.6373483788
353.833893118926,63.2989008431117,7119.63767516005
1.14782222081695,896.251406423687,7119.63802914443
11.6401063006721,99.5077631404939,7119.63853695693
16.2292699705076,999.034965865064,7119.6387590663
22.878472495058,330.797583769638,7119.6390808788
39.5715351002208,170.323782855419,7119.63988880068
45.6554456597001,2987.86240193749,7119.6401832538
176.488094296692,45.8989617146965,7119.6465153788
180.721165943493,310.644843182217,7119.6467202538
188.190380867234,698.291979794874,7119.6470817538
197.359668631782,999.636595722109,7119.64752553505
211.98042438742,1366.11566503575,7119.64823316005
229.931915402738,911.550335214173,7119.64910198818
251.639321205567,2390.45094829748,7119.65015259755
339.972085348049,108.278927490879,7119.65442778505
346.858574915578,89.1500970268133,7119.65476108193
351.595921921536,88.5686246565598,7119.65499036318
0.11175819067609,1231.88814704633,7119.6553391913
11.4269602098573,352.146700688394,7119.65588683193
22.5607264332251,839.441516298223,7119.6564256913
30.1671481037379,1303.04367296219,7119.65679383193
44.4027563222432,187.944909635362,7119.6574828163
63.4732090695811,3070.43324099254,7119.65840580068
165.227380111646,45.1248934052462,7119.6633305663
181.169517972748,824.26310221706,7119.66410214442
186.343989696963,187.644760840655,7119.66435258193
193.563003974146,600.122673777292,7119.66470197255
206.42363869622,1199.24303820795,7119.66532441005
216.80648021311,2279.20571305162,7119.66582692568
247.045888582568,68.7759155182377,7119.66729047255
273.698872920237,1966.52583106527,7119.6685804413
345.101933098515,57.6277081609788,7119.6720362538
349.528708498356,315.446446741419,7119.6722505038
358.165311073585,143.370662564202,7119.6726685038
6.23662164616071,1208.23384630597,7119.67305914442
14.6469137677642,1335.852650719,7119.6734661913
24.6891595633662,488.871998438611,7119.67395222255
35.9262343898773,312.09307360669,7119.67449608193
40.9554283181038,64.9471032510007,7119.67473948818
57.0899785267874,2088.69610496265,7119.6755203788
175.537535015984,137.004352307457,7119.68125308193
186.107946288509,61.6066087033573,7119.68176467568
193.757305602606,1320.46118483942,7119.68213489442
202.179219959916,512.293429899557,7119.6825425038
215.96834111824,215.688480964538,7119.6832098788
227.292905479346,1715.72367424488,7119.68375797255
253.411913184655,1279.76484964876,7119.68502209755
344.863952675833,57.2597351478077,7119.6894482538
353.166416369148,105.821705564946,7119.68985008193
0.800279419081917,352.573248374455,7119.69021955068
5.18928257167056,386.730286683346,7119.69043197255
15.3661524534612,1446.49270339414,7119.69092451943
29.5656026345579,1438.15548359072,7119.6916117538
43.3418102644686,870.385985507482,7119.6922785038
74.5710445932252,329.203386773003,7119.69378995693
173.520236609108,26.4110018577401,7119.69846983193
182.86095218119,164.601693386501,7119.69892191005
186.565858388651,98.0813902318189,7119.69910122255
193.657351102956,235.829161754353,7119.6994444413
203.415820950341,927.893539781621,7119.69991673818
213.932640794315,1064.30741997343,7119.70042573817
234.90494110955,1516.30152878113,7119.70144076943
354.944419244462,142.318379303674,7119.70725051943
3.85478974204727,379.273584760753,7119.70768176943
7.88544101540373,109.22913962208,7119.70787684755
12.4197219263972,189.933790917252,7119.70809630068
23.1964276384075,1528.15082810065,7119.7086178788
37.3332469661642,201.081803985481,7119.70930208193
55.1178298863423,1678.88303259645,7119.71016283193
87.427930933065,2455.95477288418,7119.71172659755
168.373158568547,103.578520760372,7119.71564423818
177.737764220812,830.078061841988,7119.71609747255
187.868790918883,1273.17045794939,7119.71658780068
200.724583049011,657.03548157714,7119.7172100038
215.071248077908,1667.38367557429,7119.71790436318
227.170304421288,2193.16653726764,7119.7184899413
1.60487346698302,83.547030405029,7119.72499639443
3.77661485361054,183.186035784821,7119.7251015038
9.2090352812985,366.166874599116,7119.72536442568
21.2716107453016,1424.7145685431,7119.72594823818
38.3517578642418,1575.42046075321,7119.72677489443
55.7612013107333,520.155141181533,7119.72761748818
183.37029746998,44.4959451229021,7119.73379359755
185.878437594719,155.805535140274,7119.73391498818
190.029185178424,224.732704667829,7119.7341158788
201.806370521949,793.035193069613,7119.7346858788
210.32158545654,1349.2876815846,7119.7350980038
228.147814727594,1394.86078243323,7119.73596076943
256.646433010918,127.926558235458,7119.7372710663
344.175649544278,24.4844040875325,7119.74150736317
357.04822938161,149.528889270556,7119.7421303788
2.7118028924539,109.572628748111,7119.74240448818
6.4351109793794,178.931341965338,7119.7425846913
14.7737327101031,1222.08776431876,7119.74298826943
30.1686576060464,108.625414219077,7119.74373336318
34.1741273937626,1125.801785129,7119.74392722255
48.3267658652346,442.726411087335,7119.7446121913
68.5494327666992,543.334599534262,7119.7455909413
169.842266205941,26.1428621806115,7119.7504933788
182.229295405549,92.4607335139882,7119.75109289443
186.277702836849,137.004352307457,7119.75128883193
194.234728292096,289.610141424035,7119.7516739413
204.580120403703,789.99679020697,7119.75217464443
214.028018644969,1161.55041141042,7119.75263191005
234.170621414702,1306.72983544855,7119.75360678505
356.963274849414,43.6970286343819,7119.75954978505
0.45575269515151,136.592320787443,7119.7597188163
4.10351628757295,310.160591654451,7119.75989536318
13.367718914412,246.73124654484,7119.76034373818
23.279860411387,382.823828193324,7119.76082347255
28.2247931871218,1317.72626144055,7119.76106280068
42.8642736266094,1906.92017731919,7119.76177133193
84.7895037765403,472.61339286564,7119.76380045693
173.225899364134,52.2857243612229,7119.76808066005
179.894472331639,104.750971785528,7119.76840341005
183.203254450199,610.059114336536,7119.76856355068
197.390436749236,690.063783892469,7119.7692501913
206.925824525097,1076.10520494461,7119.7697116913
224.463112414018,1941.91240865393,7119.77056047255
0.42794074041165,45.6681185923014,7119.77714098818
6.4492204465509,277.957379335447,7119.77743241005
13.3579859971682,292.193658157913,7119.77776678505
22.3635941238464,1428.08653791349,7119.77820264443
36.0642749681121,160.907481783212,7119.77877701942
45.2451850059491,35.5795948259185,7119.77922136318
47.646142423921,1282.58059728381,7119.7793375663
83.5171632499909,2735.75007092575,7119.78107367567
165.858994605889,34.2853558044087,7119.78505891005
168.925324285139,21.2352444656227,7119.7852073163
172.775831092973,747.770123599167,7119.78539367567
182.13656271678,824.992185677331,7119.78584672255
194.125530775675,1406.02340881202,7119.78642697255
210.108023582195,48.6319179371364,7119.7872005038
212.914790272961,1420.48806051065,7119.78733634755
222.866963873385,2143.25246439273,7119.78781801943
259.731039078441,1490.70811250596,7119.7896021913
343.122421631677,102.667520318622,7119.79363822255
350.075416193753,60.6460506813455,7119.79397473818
357.053592203886,388.668763839917,7119.79431247255
8.86887256146514,1022.82482483673,7119.7948843163
23.9312727477538,1652.89693043746,7119.7956133163
37.8398446076557,255.706206209183,7119.79628647255
49.5737694656283,348.930662141811,7119.7968543788
54.5655139134045,48.5594203736284,7119.79709597255
66.5535134839765,1913.21580800263,7119.79767617568
173.131552503106,33.4356778375344,7119.80283441005
175.597400705782,187.744861324113,7119.8029537538
188.786040387533,150.280940469649,7119.8035920663
192.862212040223,1327.72648431256,7119.80378934755
207.652781393552,845.152059447685,7119.8045051913
220.716159331039,1626.49593793418,7119.8051374413
246.082951037162,1760.00769513962,7119.80636516005
346.024055451384,64.657161569226,7119.81120217568
358.480817952476,157.961296820552,7119.8118050663
3.1019426765438,421.150808671555,7119.81202872255
9.51708661538646,1219.13235062721,7119.81233920693
29.9977022954912,664.315880083421,7119.8133304413
36.5700690328296,1660.15612368398,7119.81364853505
67.3227922989851,233.748492783903,7119.81513692568
78.2089405739603,2839.28280886414,7119.81566380067
169.256678044342,157.006838086282,7119.82001084755
174.150925006828,197.118293909782,7119.82024772255
183.743778239698,1205.24434876756,7119.8207120038
195.973584565642,485.478102163484,7119.82130391005
203.439571069697,1388.81317557349,7119.8216652538
222.530362673145,2506.35845411296,7119.82258922255
269.724010846092,782.73315606836,7119.82487333193
345.33205568298,102.667520318622,7119.82853266005
351.773349558202,95.8040660692383,7119.82884441005
0.0509546454288756,333.061772606058,7119.82924503505
5.01913181740822,95.951038781017,7119.82948548818
9.656721406712,776.950725978054,7119.8297099413
25.2663345581592,890.868490088792,7119.83046542568
33.1300593985416,1207.23808727519,7119.83084601943
51.2920417237706,2283.42256214376,7119.83172503505
175.254019861783,33.4181120276167,7119.8377246288
180.498547691867,651.060261258607,7119.83797845692
189.43700525281,756.563034443047,7119.8384110663
204.724101758048,1396.58395958975,7119.8391509413
222.192947675777,1503.5592770829,7119.83999641005
251.659155430835,1099.86819651908,7119.84142253505
352.439642574452,97.0704627789587,7119.84630017568
355.146974728116,39.697932441296,7119.84643120693
3.14887484117566,343.722467155416,7119.84681848818
16.0262971952875,195.491151044891,7119.84744173817
19.316354667581,1315.89994456505,7119.84760097255
34.5143474659642,1265.5920755833,7119.84833653505
50.5271871920398,72.9840840540952,7119.84911153505
57.5531434377036,208.24257596086,7119.84945158193
74.413436904808,1532.08035147401,7119.85026759755
168.211873934668,43.8311921480139,7119.8548073163
173.53420607787,677.312150809684,7119.85506491005
182.35159880256,207.700523446874,7119.85549166005
193.424348344847,178.510817239186,7119.8560275663
200.756679288619,1366.99562780507,7119.8563824413
210.215554081654,1207.23808727519,7119.85684023818
234.75006554411,285.164392099801,7119.85802767568
244.727097750623,1781.73698017758,7119.85851055068
347.262286622277,34.3195923069306,7119.8634133788
351.106336665904,73.7523583871358,7119.86359942568
355.839163846718,314.969578196767,7119.86382848817
8.09512018420862,239.936320811651,7119.86442166005
11.7674196159163,1175.95455595421,7119.86459939442
22.1396074230069,1157.4019520566,7119.86510139443
35.0215495646804,57.4644568041016,7119.86572486318
43.590355890238,80.0440061454744,7119.86613958193
47.8631367985193,746.160300213461,7119.8663463788
70.7844191580767,2227.98091087384,7119.86745573817
173.092260079841,213.587564301676,7119.87240730068
178.618949610716,183.391066221894,7119.87267478505
192.014852295441,1368.75377698686,7119.8733231288
200.435475209709,810.285227803575,7119.87373067568
212.444136478359,145.323142408671,7119.8743118788
219.431997672386,1665.94060768688,7119.87465008193
236.269692352016,756.960272241258,7119.8754650038
271.215266921662,2489.02676247553,7119.87710067568
336.567904662482,26.5440551483476,7119.88025789443
341.017959349496,121.9101625205,7119.8804728788
355.258845738227,264.092220314538,7119.88116086317
358.988301388918,329.203386773003,7119.88134103505
4.64215745150083,1539.12804723433,7119.88161417568
24.1135318280118,94.8183961901883,7119.88255484755
32.5718376297117,1447.32370532807,7119.88296347255
46.1186461818984,2696.79234499165,7119.88361792568
176.583614199498,35.9081341050338,7119.8899207538
181.95641078037,216.384243856282,7119.8901803163
190.901800132196,886.131612531926,7119.89061247255
204.208301182691,1483.43037853493,7119.8912553163
216.320703753033,124.578083959825,7119.89184047255
226.005127488098,1473.67085201466,7119.89230833193
258.218943402721,1034.51458510762,7119.89386459755
344.948920547373,54.1394637454395,7119.8980545663
350.976983533733,145.323142408671,7119.89834578505
5.22724938677726,582.325965226005,7119.89903422255
10.6589099387868,144.285111636222,7119.8992966288
17.2397124619051,1376.63791477394,7119.89961455068
35.0305516703423,72.7261931232626,7119.90047403505
38.5860027058314,383.412329663102,7119.90064580068
55.2471863823283,1418.79397119737,7119.90142770693
86.2429700281865,1935.71025874917,7119.9029251288
176.824335445439,868.311145207912,7119.90730116005
187.897561753449,266.076854993358,7119.90783611318
194.221561939267,1113.99045543692,7119.9081416288
207.421331592008,1385.34539395607,7119.9087793163
217.571816006159,940.124311732404,7119.9092696913
240.386148803003,1409.4401201703,7119.91037186318
356.271600628129,160.907481783212,7119.91597034755
359.696709946007,78.3836606732535,7119.9161358163
3.40029129677659,80.3368829793705,7119.91631473818
12.3789937509202,1249.33519085602,7119.9167485038
25.7362731456035,286.479118205563,7119.91739380068
31.5065634637039,955.350021314416,7119.9176725663
50.653538929668,1488.28616097774,7119.9185975663
177.667523404773,39.3413565613621,7119.92473367568
191.799090946931,281.71734389737,7119.9254163788
200.826954589752,1201.2467687228,7119.92585251943
221.024102824918,1321.37156771961,7119.9268282538
247.806581580982,1575.42046075321,7119.9281221288
346.826847046754,22.5233772604971,7119.93290584755
353.833928486943,186.43932231388,7119.93324436318
0.20062123939292,91.5930178924107,7119.9335519413
6.25714593684004,1166.71516892097,7119.93384453505
26.0820278724945,699.15245815011,7119.93480228505
33.1657619191419,1510.73997756157,7119.9351445038
55.1838134041633,1838.86261773125,7119.93620820693
179.115846362913,55.3408013859169,7119.94219542568
185.115199233497,860.660709367522,7119.9424929413
194.794771614984,807.311772987873,7119.9429605663
205.091445757803,634.693464451885,7119.9434580038
221.216950871713,1250.29731012916,7119.94423703505
234.02084382978,2333.43033784195,7119.94485559755
351.743693778023,25.2517555476839,7119.95054284755
353.609877005677,118.86680528761,7119.9506330038
0.363713850690699,224.565421813594,7119.95095928505
10.8017263685981,889.517626223579,7119.95146355068
17.637714111157,275.513140080008,7119.95179380068
24.2783508987197,1700.23461976143,7119.95211461318
38.277636136653,45.9501048322153,7119.95279092568
54.9290362317457,775.013664355839,7119.95359536318
55.1428225336594,1596.64936827397,7119.9536056913
178.249465607295,75.5767878835023,7119.95955303505
182.041666440003,383.999915198885,7119.95973623818
196.972749567355,311.128345309442,7119.9604575663
200.703175473701,1201.2467687228,7119.96063778505
214.331164667778,1223.07142191858,7119.96129616005
224.644010215102,57.5053130114078,7119.9617943788
250.515390521685,2382.38873073726,7119.96304423817
349.397875392145,190.427770774271,7119.96782130068
355.664952118136,219.830084691175,7119.9681240663
0.0739313563770594,92.5622842262719,7119.9683370663
5.69609135919691,1101.50688570343,7119.96860867568
17.7509236451585,1376.63791477394,7119.96919105068
28.9590196685596,780.810416323163,7119.96973251942
46.669325097311,324.836768594849,7119.97058811317
60.681224110581,2598.6941487588,7119.97126503505
175.625822013078,35.5465760992768,7119.9768180663
178.747878684899,108.36564978689,7119.97696889443
182.743516099552,827.902246758327,7119.97716192568
200.042743722432,665.220378781584,7119.97799766005
204.704967555848,868.311145207912,7119.97822289443
216.400794029231,2274.98087035372,7119.97878792568
249.314832933689,788.473175639126,7119.98037801943
338.839521514997,21.7002058683358,7119.98469884755
354.263186483561,156.046536803345,7119.98544397255
357.904669552171,69.2862503481884,7119.98561989443
7.1404977747165,236.941938291935,7119.98606608193
13.0314270279685,632.79603779165,7119.98635067568
19.0404076922497,341.748906951267,7119.98664097255
27.8551318577094,32.6358766400414,7119.9870668163
34.7955870179583,1729.68417366803,7119.98740211318
54.2152127946257,1480.18441947784,7119.98834028505
75.6844059161154,554.018775300591,7119.98937747255
171.612370107912,60.8007602598271,7119.99401180068
178.394992095116,134.722524802733,7119.99433947255
184.134233328614,326.452309629133,7119.99461673818
195.916738659671,1243.54671005023,7119.99518595693
213.138019989335,1421.33438352232,7119.99601792568
226.721052561412,715.305259468835,7119.9966741288
241.586156271028,2262.25971289296,7119.99739226943
352.50018646339,80.0440061454744,7120.00275058193
357.933140739809,283.843559767405,7120.00301305067
4.7374324979091,180.082726508601,7120.00334176943
11.165576707967,1456.43441751275,7120.0036523163
24.9355510263814,310.886677512556,7120.00431755068
36.311829980448,1347.50410829554,7120.00486714443
49.9637528501812,860.660709367522,7120.00552667568
67.4146685304663,260.077570590767,7120.00636973818
180.523485503011,75.5146153941233,7120.01183408193
187.160888017203,203.127056841446,7120.01215473818
195.185799455234,688.755552591402,7120.01254242568
202.073859153435,733.973937183663,7120.0128751913
215.446663128071,1100.4146482918,7120.01352123818
236.991861956163,1327.72648431256,7120.01456209755
252.894201303845,1216.16972048599,7120.01533034755
348.236436250015,75.0779230451748,7120.0199363788
351.788006112277,132.117247697572,7120.02010795693
358.275337762227,222.041204867018,7120.02042136318
6.85525271708077,399.914795723433,7120.02083586318
11.1853153687997,1111.82951734179,7120.02104505068
26.4572923176097,1732.46283985407,7120.02178284755
44.6336583877952,740.904115836827,7120.02266095693
55.24696917001,312.333797714004,7120.0231736913
69.5648316339533,62.8146978876032,7120.02386539443
78.9769284894177,2078.30730403202,7120.02432009755
167.626220720196,30.4389846661479,7120.02859133193
178.169994342551,862.056814820988,7120.02910070692
184.869495214207,158.436361252789,7120.02942436318
191.182175424402,679.527822899928,7120.02972933193
211.001558993665,1769.54706443411,7120.0306868163
223.228131877113,1284.45443170477,7120.03127748818
243.499668701022,46.7607515208801,7120.0322568163
356.337775874172,40.6335069758068,7120.03770808193
3.46258536959246,29.4786452192941,7120.03805228505
6.70431064560567,114.190865097008,7120.03820889443
16.2693892075806,262.379173943117,7120.03867098817
19.6288425011729,439.66016938235,7120.03883328505
33.9855163585208,1329.53659193191,7120.03952686317
48.9499126634942,1570.83401841618,7120.04024980068
185.90706383523,98.6544179681914,7120.04686626943
195.055889731349,992.392723553337,7120.0473082538
202.591777032641,147.632045477408,7120.0476723163
211.387742307125,1107.49476256444,7120.0480972538
227.83602917607,1596.64936827397,7120.0488918788
355.213547461533,98.939675896581,7120.05504555068
8.77652741822503,114.84714568244,7120.05570078505
14.7774224179056,186.338514063245,7120.0559906913
23.2396093175287,1485.86021264663,7120.0563995038
43.6605702187784,115.092282926277,7120.05738605068
47.6125447734932,667.926325359502,7120.05757697255
69.1722978505792,2461.82341179235,7120.05861853505
173.318583773486,579.739034556326,7120.06364989442
183.000743603791,236.30669643282,7120.06411764443
187.258681571527,649.673537189699,7120.06432334755
204.937937915677,2116.15014400479,7120.0651774413
219.104873406617,653.824827612226,7120.0658483163
234.551178401731,878.636274848077,7120.06659453505
271.644238762707,1858.37711885739,7120.06838651943
339.50603590539,31.2198426832833,7120.07166495693
344.902766161918,152.514778584134,7120.07192567567
352.962607895431,105.555043872219,7120.07231505068
358.318909565391,232.943303535293,7120.0725738163
5.25418990330761,1387.94697956968,7120.07290886318
19.0477745039279,56.8067606843137,7120.07357523818
24.3002556184027,352.786383439607,7120.07382898818
37.676617297512,1593.63400253909,7120.07447520693
62.1375253355587,2178.86442221982,7120.07565692568
174.831059897902,37.6638858989864,7120.08110120693
177.770702783513,676.423916878832,7120.08124322255
192.823718532773,727.391091803753,7120.0819704413
203.73458370761,1450.6432721717,7120.08249755068
217.684384363416,823.533297111823,7120.08317147255
232.066285658481,1341.24289452586,7120.08386626943
352.108442382328,37.0984250264161,7120.0896655663
1.86046269064072,145.452386246525,7120.0901366913
8.88630302180543,160.556803963097,7120.09047611318
13.319539404457,327.60139045962,7120.09069028505
23.2753198011207,80.2784019815483,7120.0911712538
25.834934040766,1395.72264856724,7120.09129491005
47.9597169988452,959.745283246605,7120.09236376943
59.7493377764997,1309.48751841942,7120.09293333193
170.566015960118,55.6792806305495,7120.0982869413
179.909869304827,610.059114336536,7120.09873834755
189.038966129619,744.950601205829,7120.0991793788
197.071963269903,195.202604080791,7120.09956745693
206.583676076523,64.657161569226,7120.10002697255
211.660858889038,1500.35683876837,7120.1002722538
232.800801633447,1472.85472706926,7120.10129353505
2.53432052255535,242.274200701331,7120.10753216005
7.82431938132972,67.2565753090382,7120.10778772255
11.099357797313,209.142897444892,7120.1079459413
18.2445432639161,1204.24614724612,7120.1082911288
35.0479548475166,198.069172174797,7120.10910291005
39.6487272233251,1387.08033947665,7120.10932517568
71.0381235461405,1152.19545016032,7120.11084161318
169.938073507863,33.9929785708737,7120.11561951943
183.113909447296,268.326999508517,7120.11625605068
195.673613805748,812.508227365782,7120.1168628163
204.62191396219,1134.31464221492,7120.11729511318
218.448811740433,1225.03618360525,7120.11796309755
243.652635334946,106.264663735089,7120.11918070693
250.169722420393,1753.16205996978,7120.11949555068
345.471528742343,100.260189039858,7120.1240996288
354.975802784219,65.487289202526,7120.12455878505
357.843967923356,137.141423217635,7120.12469734755
10.3224917528736,1324.0987195573,7120.1253001913
23.030973251159,1126.86937558948,7120.12591414443
32.9980736234462,208.24257596086,7120.12639566005
48.6070632204878,106.793782150838,7120.12714973818
55.5070898318207,2078.30730403202,7120.12748308193
180.171041727212,59.3147267413663,7120.13350566005
183.285659558985,761.711083097083,7120.1336561288
199.914096196424,1343.92985629006,7120.13445945693
213.953810020925,249.758741466266,7120.13513772255
222.191860898666,1658.70683854763,7120.13553570693
249.494412951375,2327.2381799444,7120.13685470693
347.692522767752,124.50265818309,7120.14159870693
357.931626588537,98.2727649256887,7120.14209336317
2.30664582460411,1129.00155890827,7120.14230472255
14.1140551622756,975.281300163999,7120.14287514443
23.5769303242765,509.645825541583,7120.14333230068
36.7847856416181,375.089209692092,7120.1439703788
41.5272198236179,226.564572658461,7120.14419948818
56.341545226697,3059.44758416388,7120.14491517568
174.966642152438,134.513150618076,7120.15060339443
187.493356802022,185.02305243473,7120.1512085663
190.142237348159,1121.52109821295,7120.15133653505
202.899233210569,217.423745674239,7120.15195283193
212.436496886009,923.346565873118,7120.15241358193
223.96575762189,2452.03479742884,7120.1529705663
352.36272294775,24.0854714644856,7120.15917348818
355.620943059371,73.0484145394783,7120.15933089443
4.29238830078055,175.002984326156,7120.1597498163
10.3948398758824,375.689812592839,7120.1600446288
15.2769952021557,119.575988000165,7120.16028048818
24.8284897707913,1728.29317524048,7120.16074192568
46.3381114411969,135.971914283495,7120.1617810663
51.3247342228121,1604.16302463773,7120.16202197255
178.348098086927,28.6913288266577,7120.16815853505
186.699672415569,764.468766067949,7120.1685620038
195.014052468666,216.03664690506,7120.16896367568
204.441350472981,174.465331070905,7120.16941911318
211.045439847203,1551.57808823247,7120.16973816005
229.092434493083,770.344843470383,7120.17061001943
245.479593410827,1230.91170589618,7120.1714016913
350.317046328009,85.0515075034863,7120.1764664413
357.145918586318,78.4435572054321,7120.17679634755
2.41780541632156,64.3294167934627,7120.17705103505
6.99011611869425,305.275860146281,7120.17727192568
13.2536351402117,327.830734780932,7120.17757451943
22.7776382910661,1144.86653490786,7120.1780346288
35.6135506646946,1370.50981674491,7120.17865473817
73.760341574649,167.879349310951,7120.1804976288
180.885405282978,61.1089998048264,7120.18567289443
194.265001235458,260.798993512168,7120.18631926943
199.945701853617,301.809521818797,7120.18659370693
203.401860293748,461.998744816228,7120.18676067568
218.708767500388,1358.17046498232,7120.18750016005
229.160040580532,1012.18855519392,7120.1880050663
251.161475223187,380.263098787026,7120.18903830068
353.062196097026,43.5085058259066,7120.19396117568
359.424360889349,207.519515460497,7120.19426853505
6.55240469579152,214.29016894281,7120.19461289443
14.3602954455821,994.813231791625,7120.19499009755
23.140736140113,214.114725949344,7120.19541428505
32.6074924753413,67.9514014501059,7120.1958716288
36.8172395853588,1351.95865613724,7120.1960750038
59.0988854608281,1095.48625726319,7120.1971514413
177.444658930242,82.1866116829106,7120.20286878505
183.90158828249,130.902844119873,7120.20318072255
190.897026353606,189.438520425966,7120.20351867568
202.587354535903,927.893539781621,7120.2040834413
210.555019045352,1227.97738644209,7120.20446836318
227.90534840587,908.908170949019,7120.2053065663
256.883907666525,1336.75248648046,7120.20670653505
347.561978155013,76.6260874196512,7120.21108723817
353.753696074258,72.2076357040358,7120.21138636318
358.48933820311,192.781249297447,7120.21161514443
4.00217939701021,335.310723631466,7120.21188147255
13.5588487879781,1275.05805913586,7120.21234316005
28.8903366077823,705.998703942612,7120.21308383193
33.90153996491,1076.6638691706,7120.21332592568
55.4700256441052,362.453539404228,7120.21436791005
71.023385468076,257.755400356885,7120.21511930068
180.713561707137,140.190137276619,7120.22041848818
184.029998965343,117.275467115263,7120.22057870693
193.865463895609,90.0413632543007,7120.22105386318
201.231551186028,859.961823973521,7120.22140972255
208.56367843662,835.132962784257,7120.2217639413
225.178854474171,163.80069522981,7120.2225666288
235.07059600206,1543.02937094286,7120.2230445038
353.865288452748,48.6560583490281,7120.22878353505
357.029714260099,79.1588669613041,7120.22893641005
0.463232673679119,191.999957599442,7120.22910228505
14.2625902723834,178.826314867209,7120.22972326943
17.4884675373413,1113.99045543692,7120.22987911318
29.2263397151522,953.460088659597,7120.23044617568
42.8653254537505,95.705957048331,7120.23110508193
49.2032330640104,97.6494163307251,7120.23141126943
61.8551146088743,1977.50171793132,7120.23202248818
176.92940740443,175.002984326156,7120.23758178505
180.224498360494,42.9379691524456,7120.23774097255
187.732570812903,163.571128863893,7120.2381036913
197.556392298792,1419.64140443207,7120.23857828505
209.415550236306,212.529327470179,7120.23915120693
219.260071162132,1430.61051893767,7120.23962680068
242.703472633439,128.877700178442,7120.24075936317
248.216313827339,1729.68417366803,7120.2410256913
345.778239522654,59.5123811342191,7120.24573895693
355.899615363513,90.4577315830046,7120.24622792568
0.202509990901074,299.308994256009,7120.24643580068
11.9057753043329,1274.11459160953,7120.2470011913
27.2686356774933,260.798993512168,7120.2477433788
33.4199249725183,1639.74966937985,7120.24804055068
64.300891480718,2452.03479742884,7120.24953242568
170.35249553109,103.396957662483,7120.25465583193
183.476906301781,860.660709367522,7120.2552898788
192.677804228845,886.809792266519,7120.2557343788
206.164131616731,114.519470295615,7120.25638591005
211.202179567088,2136.50896974116,7120.25662930068
241.38745104558,1008.61818896902,7120.2580875663
257.514573315002,1774.9751668461,7120.25886667568
336.164332717306,32.40114773706,7120.26266628505
349.909403066758,129.168939433377,7120.2633303163
354.560953749103,366.166874599116,7120.26355503505
0.916649957032121,331.931621078141,7120.26386208193
9.34584714778735,1448.1543741951,7120.26426930068
28.5254888538648,959.745283246605,7120.2651958788
39.3409426065718,375.889819270725,7120.2657183788
47.1261934051155,187.844906296419,7120.26609448818
62.6126034803919,2426.39974779024,7120.26684264443
174.375851718363,201.081803985481,7120.27220722255
185.823608456556,147.122078408835,7120.27276026943
194.362124493883,1351.06892340531,7120.27317276942
203.625444171862,816.936185366046,7120.27362028505
217.170312175087,208.783240696064,7120.27427464443
230.999797364496,2016.0439984096,7120.2749427538
258.806251234041,1247.40862084138,7120.27628609755
345.017772275212,56.3918009510722,7120.28045101943
349.598492073287,94.8183961901883,7120.2806723163
353.186932817644,70.8946651384323,7120.28084567568
6.64285794548029,1010.40498190486,7120.28149573818
15.9022964502321,1195.22547414874,7120.2819430663
27.4742497527454,281.183298866949,7120.28250211318
38.639976678269,110.935947927882,7120.28304153505
44.6069116757749,2133.12922880959,7120.28332980068
76.6227892618873,88.0900075106439,7120.2848765038
176.237516500092,28.3827007035997,7120.2896889413
186.650624973732,311.369791061722,7120.2901920038
195.220190208617,541.116929042573,7120.2906060038
206.708052064624,1342.13906655134,7120.29116098818
220.081179470363,1313.15569529278,7120.29180705068
238.263367300389,855.053750026258,7120.2926854413
2.58286774515282,236.147629228967,7120.2986913788
6.12958621618466,66.2361485104235,7120.29886272255
12.8378196522983,1005.03516620165,7120.29918680068
26.2287355804018,1007.42536535137,7120.29983372255
36.7987069337801,323.213150688062,7120.30034436318
50.8080184605799,95.3125078861916,7120.30102116005
56.9515454844544,287.787849106991,7120.30131795693
72.1158207045519,1921.99478554755,7120.30205055068
166.746512609959,28.7526565057039,7120.30662220693
175.637565913123,180.291254148202,7120.30705173818
184.517946065216,559.149948564652,7120.3074807538
194.913912803392,1453.12806232312,7120.30798298818
212.498727943414,600.623384361398,7120.30883251943
224.023137250413,1357.28484007558,7120.30938926943
244.982606757574,2510.19383057383,7120.31040183192
348.030020473213,110.171156919581,7120.31535701943
357.257439524752,134.373401294852,7120.31580280067
3.79749006785183,1225.03618360525,7120.3161187538
16.4661898794257,195.491151044891,7120.31673078505
20.0177597793396,1209.22860613604,7120.31690236318
40.2488680543318,1365.23514715492,7120.31787973818
55.5784152875223,367.600838657722,7120.3186203163
73.6431984934199,3029.42915197946,7120.31949303505
163.408229983466,53.6163648201526,7120.3238296288
177.017460248915,231.649158188851,7120.32448709755
179.46064019539,138.64027981203,7120.3246051288
189.603685769494,1375.76416925356,7120.32509514443
202.452858743011,142.450357065727,7120.32571589443
205.183566717939,918.777165459517,7120.3258478163
219.743353801434,1397.44482652304,7120.32655120692
246.291670246748,2469.62650329863,7120.32783376942
344.965543637627,61.2625436491321,7120.3326007538
352.924475582619,121.21462167336,7120.3329852538
1.31712536003331,93.0178850611085,7120.33339070693
3.81043675084095,956.607904001316,7120.33351116005
23.0013985078459,84.4974160085776,7120.33443828505
26.0571522931767,1270.33383812147,7120.33458591005
38.1420634080855,2249.46639093559,7120.33516973818
63.9817477302101,116.793838489393,7120.3364180663
179.3409811054,51.8798788651242,7120.3419911288
186.939613588708,161.257410202786,7120.34235822255
190.902584687944,562.9008925645,7120.34254967568
205.587215235616,218.80203204816,7120.34325909755
212.208122876548,1100.4146482918,7120.34357895692
226.871083690976,1884.08200152423,7120.34428733193
253.336602414193,686.131762517306,7120.34556589443
342.75750580941,39.8750268915116,7120.34988586318
351.307665328767,103.940682449899,7120.35029892568
358.948666947605,105.198440236709,7120.3506680663
3.73120620976628,347.203293893372,7120.35089911317
12.7965875592349,1118.2998971293,7120.3513370663
25.7463468901713,79.455012014229,7120.35196267568
28.7018377868378,1117.22409101844,7120.35210545693
53.8036112981683,1703.06124758213,7120.3532991913
81.3125107750911,105.198440236709,7120.35462816005
173.645889106892,33.8545129430212,7120.35908883193
178.754767866214,204.417940907753,7120.35933564443
186.841454117651,171.532940629326,7120.3597263163
192.775722837391,244.743281196946,7120.3600130038
198.057959349711,1236.75925056688,7120.3602681913
215.446776710184,764.468766067949,7120.3611082538
222.626892547573,1074.4277689767,7120.3614551288
244.454121150682,1493.12606723129,7120.36250961318
348.452923620512,35.6455490124752,7120.36753384755
353.415936082269,212.706074975699,7120.36777361318
359.738966012433,133.531810608822,7120.36807908193
7.34018586925555,1138.54703442939,7120.36844630068
18.0298258644786,835.852553837668,7120.36896272255
26.7080630837314,43.6163327677264,7120.36938197255
40.4845059865393,1528.9375321359,7120.37004751943
53.308451559992,2165.57838328413,7120.37066705068
173.16819449763,48.3655684946349,7120.37645753505
180.662036056842,176.393191719804,7120.3768195663
190.684442771098,834.412650085881,7120.3773037538
200.673536307732,1122.59279649862,7120.37778633193
210.391596613869,286.741325128403,7120.3782558163
217.824633615331,296.280472378285,7120.37861491005
226.145482215169,1999.27319144422,7120.37901689443
252.636551807205,1647.06659422365,7120.3802966913
345.046906101263,81.5555054045625,7120.38476108192
355.861389523011,316.160403412979,7120.38528353505
0.245141323534721,200.332889166432,7120.3854953163
8.06241153763938,262.522364957718,7120.38587297255
13.630882466958,1381.86895259906,7120.38614198818
27.0334418394393,1506.75483201468,7120.38678947255
43.3914921462392,216.03664690506,7120.38757973818
52.0884882564678,311.369791061722,7120.38799989443
77.4394718353031,1836.24504490609,7120.38922461317
162.526754949632,50.1769216454395,7120.39333522255
175.130467573802,258.046806145273,7120.3939187538
182.480059990961,903.600638757496,7120.3942738163
191.17252810341,169.217057033322,7120.3946937538
201.21692794436,893.564000570279,7120.3951790038
216.0102304764,1419.64140443207,7120.39589367568
236.229695344666,1804.53763043431,7120.39687048818
350.416176504193,22.7309716188673,7120.40238689443
357.740864877085,109.743963916387,7120.4027407538
2.06834011763801,334.188121620116,7120.4029498163
10.7213499368256,193.850380192373,7120.40336784755
14.7528879402673,450.801118656585,7120.40356261318
25.1679369628693,1569.3022437091,7120.40406576943
38.0746802584195,1303.04367296219,7120.40468930068
53.1121714277264,271.390521167092,7120.40541576943
68.7690284137322,65.7021242966849,7120.40617216005
180.095753567478,61.0705583325988,7120.41155041005
188.331863896257,157.961296820552,7120.41194830068
192.922610020851,147.886355938986,7120.41217008193
200.329125860186,215.688480964538,7120.41252789443
206.386620813288,1115.06937017225,7120.41282053505
220.172766611512,311.128345309442,7120.41348655068
229.521471422755,276.466266546649,7120.4139381913
241.987704908038,1711.5132644463,7120.4145404413
351.347337083261,35.4141854730372,7120.41982366005
358.061068735157,321.113607926193,7120.4201480038
9.54601978654699,130.543506560166,7120.42070284755
15.0944381004808,1366.11566503575,7120.42097089443
32.0340130862298,401.415373163516,7120.4217892538
38.0362017726673,1401.74050144992,7120.42207922255
55.9224523655827,77.2974531604298,7120.4229433163
185.381557336125,61.4539322207897,7120.42919755067
193.222761263537,231.486885216015,7120.42957636317
196.289188237591,172.515945973117,7120.4297245038
202.88066391178,172.515945973117,7120.4300429413
208.317499323774,306.749459166866,7120.43030559755
221.949369615775,1592.1242102479,7120.43096416005
238.048030136456,332.157940041711,7120.43174189442
268.818707504777,1407.73281920303,7120.4332284413
346.149142064945,26.5661659337724,7120.43694655068
350.205584037349,252.303539172161,7120.43714251943
358.172601722246,128.8047862813,7120.43752741005
9.82120763121765,1515.50816340773,7120.43809016005
24.6009261699176,187.143425756098,7120.43880417568
31.1571480798712,503.712682675683,7120.43912091005
44.6551189497869,1040.31028236307,7120.4397730038
58.7604887609215,1854.49067213739,7120.4404544413
175.284065256071,42.3320094256052,7120.4460837538
181.459611733158,169.77130812279,7120.44638209755
191.182200037076,180.707643293587,7120.44685180067
199.359122925963,1247.40862084138,7120.44724683193
209.940737723719,952.829259937005,7120.44775803505
219.179153432735,106.35303748785,7120.44820434755
233.565259294478,1765.46499641717,7120.44889934755
353.13229934368,25.4370899344103,7120.4546756913
356.461673733021,120.748716581076,7120.45483653505
8.44599856581493,111.779571709825,7120.4554155038
14.0354922908693,111.358561261099,7120.45568553505
19.7126352045553,1398.30491630022,7120.45595980068
43.5454447861415,398.408500634773,7120.45711117568
48.6892538785968,1673.14317955913,7120.45735967568
81.1382023972756,2529.28322730384,7120.45892730067
170.072022280018,57.0131060417811,7120.46322373818
176.271825901516,338.211958439416,7120.4635232538
181.199908067792,377.485959157653,7120.46376133193
191.793166309926,425.058654940358,7120.46427309755
195.155206977032,1133.25393513719,7120.46443551943
205.204781677967,1926.99345369363,7120.46492101943
229.330617616744,914.84231301564,7120.46608655068
242.497074091862,1841.47652682043,7120.4667226288
346.184091351178,27.9658969593033,7120.47173180068
350.31039398985,56.2249621860467,7120.47193114443
4.15152254833206,219.830084691175,7120.4725998163
8.65591324635568,1035.0956758387,7120.47281742568
23.1846511699444,914.184894451608,7120.4735193163
36.9109625907681,1538.34656124729,7120.4741824413
53.0778666222051,260.510668592673,7120.47496347255
73.9262521523762,1965.30236529213,7120.47603676943
170.064121548163,106.705783098349,7120.48068123818
176.8137538265,126.15176958608,7120.4810073163
187.121424589143,1145.91647282225,7120.48150528505
199.708296934275,267.485422700275,7120.48211336318
202.997566205802,238.207314984251,7120.48227226943
215.524280855386,1995.6611918559,7120.4828774413
236.062322874359,1538.34656124729,7120.48386964443
264.047632787988,834.412650085881,7120.4852216288
344.573601706813,92.359078718296,7120.4891118788
352.007285570479,132.614044745516,7120.4894710038
0.318754743655578,76.8097668801815,7120.48987253505
2.23312890433217,887.487583423052,7120.48996501943
17.1208726028469,284.636758607348,7120.4906842538
22.3193410997623,1387.94697956968,7120.49093539443
41.5290617100911,380.065395821916,7120.49186342568
50.9686499833365,892.217244530258,7120.49231945693
176.812146185191,30.9743827808795,7120.49839901943
191.445028133019,207.519515460497,7120.4991059413
196.894153851595,176.180015021288,7120.4993691913
204.662586345777,206.065775554265,7120.49974448818
212.772236054867,1033.35151546702,7120.50013626943
229.064953806136,1209.22860613604,7120.5009233788
250.322301099369,808.799860418929,7120.50195033193
349.397549400704,91.3362371846027,7120.50673670693
353.349200524316,22.2215648659763,7120.50692761318
0.859536919136623,227.557542253898,7120.5072904413
6.61236218362644,481.436279731184,7120.50756836318
12.8406274785602,135.348648955258,7120.5078692538
17.2208215746112,99.3187615483393,7120.50808086318
22.1783357452818,1370.50981674491,7120.50832036318
34.816309828052,43.23775712467,7120.50893091005
45.1611748285889,1563.92920835913,7120.50943067567
72.4055097347131,2042.11958454437,7120.51074686318
170.381100647066,109.22913962208,7120.51548011318
182.566921512844,801.33155666573,7120.5160688163
192.644957924867,927.893539781621,7120.5165556913
199.278155872381,835.852553837668,7120.51687614443
209.669140401989,71.4884887398348,7120.51743620693
214.511513966246,1950.562600328,7120.51767014443
239.431367236781,1701.64859980559,7120.51887403505
264.575679922649,1063.7423164539,7120.52008876942
345.081919770147,106.793782150838,7120.5239780663
351.462519947039,154.716406353117,7120.5242863163
357.603136090993,232.943303535293,7120.52458297255
2.24304336661261,368.417713003666,7120.5248071288
11.8569596485105,1211.21590535012,7120.52527158192
23.0789631716575,1267.49089002232,7120.52581372255
38.4030121137614,24.0854714644856,7120.52655403505
40.4118274409134,200.520378079716,7120.52665108193
50.8249358769018,1925.74511892474,7120.52715414443
176.834027560603,26.764340743668,7120.53324170693
188.630763747204,283.313483784298,7120.53381161318
197.548661643596,211.643411129891,7120.5342424413
202.92792677121,1092.18811772394,7120.5345023163
211.553445172616,23.4681076655141,7120.53491901943
216.293615299248,1289.12680530391,7120.53514801943
241.067925665668,757.754081703865,7120.5363448788
253.457830013248,1773.61958453304,7120.5369434413
338.178668399646,21.537247679726,7120.54103634755
353.909914012046,156.527429906461,7120.54179633193
355.001485623471,158.08020170649,7120.5418490663
2.84689415521269,222.717122522198,7120.54222808193
10.7356420781394,1288.19377387401,7120.5426091913
19.7298691498882,767.608310248136,7120.54304370693
39.9266939539514,1668.82530017176,7120.54401942568
62.3700541380406,100.072609920954,7120.54510367568
70.5935506914828,1850.596009767,7120.54550095693
173.682224967488,37.5389615225874,7120.55048122255
185.864488128792,248.098180888334,7120.5510697538
189.214561958071,981.426717672207,7120.55123159755
201.348310792903,220.683124552146,7120.55181778505
211.870738188419,1683.17504378734,7120.5523261288
234.494894927903,185.327447832506,7120.55341911318
238.582062666763,1587.58595159014,7120.5536165663
352.67991676217,26.521927015688,7120.5591925663
357.625787526115,192.976065682693,7120.5594315038
10.174495264742,384.977272283038,7120.56003773817
14.1536378437876,161.954991084734,7120.56022997255
19.8763842040261,420.078721807826,7120.5605064413
24.6899726260937,36.6205364643601,7120.56073898818
27.683304698162,1392.27218642901,7120.56088359755
46.2092971542635,1658.70683854763,7120.56177859755
69.0854048021648,461.998744816228,7120.5628837538
176.068806817258,60.52976175841,7120.56805217568
182.863072211188,42.5809457138548,7120.56838041005
188.78278660663,688.755552591402,7120.56866639443
195.827385828771,89.2027771093318,7120.56900672255
205.13178091787,703.866409601517,7120.56945622255
214.0098970899,1088.88009719976,7120.5698851288
225.526867481547,1807.20127751499,7120.57044151943
266.063149189171,112.616888037209,7120.57239984755
359.403037392582,136.385819304863,7120.57690914443
5.79204677813342,178.405554218664,7120.57721780068
10.534480884829,88.5686246565598,7120.57744691005
17.8248858620964,1242.57937272887,7120.57779911318
35.3527775422903,322.514820405573,7120.57864589443
41.752136610158,1257.96795202859,7120.57895505068
67.9560015295408,2404.49504751439,7120.58022097255
173.51761122517,206.430164628735,7120.58532070693
186.53043905627,793.035193069613,7120.58594936317
193.404914836435,1110.74738295969,7120.58628147255
212.825187475307,1509.94383663061,7120.58721967568
235.020154455451,1410.29299349782,7120.58829192568
271.667530183828,2803.48100289984,7120.5900623788
340.439455482685,59.0369073072416,7120.59338478505
345.133051944762,91.1818190396652,7120.59361153505
349.971544335792,94.7192602129832,7120.59384528505
0.838423257240191,389.827253810537,7120.59437026943
5.84024711240195,1351.95865613724,7120.59461191005
26.024781685187,1576.94635127825,7120.59558703505
38.496190030455,50.7354991352571,7120.59618953505
52.8282833122904,1630.92572780243,7120.59688192568
73.5383893975034,2986.25213446257,7120.5978824413
170.115982614678,131.76122692915,7120.60264492568
174.998461334401,482.060280582175,7120.60288080068
179.948536665024,20.5752116733127,7120.6031199413
182.377162287201,1026.93142878252,7120.60323726942
201.112089691638,864.14658762024,7120.60414236318
209.391862842704,1534.43313610779,7120.60454236317
233.076542146662,2904.60056007191,7120.60568658193
352.01192603493,89.4656709826691,7120.61143241005
0.0103163108348703,81.4978917684783,7120.6118188163
2.95804493635075,93.6219018976558,7120.61196122255
12.0353930859953,1396.58395958975,7120.6123997538
27.1327185573984,1052.94839514158,7120.61312911318
41.5935364766381,742.930106323314,7120.61382772255
55.4679782880465,189.240068060315,7120.6144980038
64.8347950904086,352.786383439607,7120.61495051943
180.764233206576,48.6077636474569,7120.6205511288
190.603902741172,169.217057033322,7120.62102648818
198.068635727092,454.784709891243,7120.62138711318
208.836868840083,689.627965844153,7120.62190733193
219.133219589451,1084.45374902288,7120.6224047538
241.763844913328,1327.72648431256,7120.62349805068
262.860124760146,81.7855644319465,7120.62451722255
349.639263055824,79.867765179209,7120.6287095663
359.335330197615,87.2864974743592,7120.62917798817
4.33812442138787,133.179578476472,7120.62941967568
7.09308957837754,1106.40852035715,7120.62955276943
24.1186966348991,84.3304800990374,7120.63037528505
30.009625850499,1218.14558440292,7120.6306598788
44.4733546120071,2199.73639303817,7120.6313586288
77.6823604602692,149.779993963151,7120.63296297255
178.507034264985,40.8353073577672,7120.63783386318
185.880560357801,199.204250317386,7120.63819008193
193.279313925985,158.317733922608,7120.63854751943
201.330099626286,899.599394976747,7120.63893645693
212.217031050163,1465.48828627857,7120.63946241005
230.217496183223,213.411566196697,7120.64039986318
242.278796978274,1731.07395085026,7120.64098255068
358.471506016135,62.4020557449256,7120.6465958788
0.650121316507501,114.765315306631,7120.6467011288
7.08441067985657,1165.6839937757,7120.64701197255
23.312442700147,227.557542253898,7120.64779595693
27.4976092723039,544.163936133657,7120.64799814443
40.4612759523779,1511.53578542562,7120.64862442567
56.6113616794528,227.887583803543,7120.64940464443
182.619483069847,38.5574697170377,7120.65549216005
199.539005477863,862.056814820988,7120.65630955068
211.907886954403,270.974798155521,7120.65690709755
219.362917082559,49.9423419286771,7120.6572672538
224.606665632577,1468.76677487029,7120.65752058193
241.134192519147,1024.58685979911,7120.65831903505
354.248507782778,82.9262838952793,7120.66378364443
1.04439033221931,128.8047862813,7120.66411195692
14.5177806266223,164.715782680069,7120.66476286318
20.6279945105269,1461.37979495364,7120.66505805068
39.1924749665827,1511.53578542562,7120.66595491005
55.8736304595203,241.652975407902,7120.66676078505
86.3797431817386,217.077786301978,7120.66823455068
181.226485444428,38.9212238827152,7120.67281664443
185.71017662721,72.4025353560087,7120.6730332538
189.59326092192,443.743791711526,7120.67322084755
198.007580394927,158.910024028458,7120.67362734755
204.849713290777,707.699843172094,7120.67395789443
215.822029847918,1286.32549056817,7120.67448797255
234.658190396675,1162.58513926937,7120.67539795693
247.278052488326,866.231419927033,7120.6760076288
256.82792990145,25.6210885840602,7120.67646898817
344.60549244179,31.8344274552462,7120.6807095663
357.267947797499,152.514778584134,7120.68138523818
1.30595434768256,216.03664690506,7120.6815803163
12.0974743117772,318.528647902383,7120.68210166005
20.7152304420333,1089.98399195315,7120.68251798818
30.0053946755889,755.767892712811,7120.68296680068
39.5678858263977,1343.92985629006,7120.68342876943
62.5665729960642,83.0960369957445,7120.68453984755
73.7542930482822,291.162982613002,7120.68508033193
179.700135881251,52.6884473550648,7120.6901986288
189.329576780754,190.329085825169,7120.69066383193
193.20748621548,96.9251900961865,7120.69085117568
204.063045048349,1087.22242320169,7120.69137561318
221.06504174736,255.41210812996,7120.69219698818
230.180877972263,1153.23861571426,7120.6926373788
258.403584507665,2035.04124662857,7120.69400083193
348.977511009565,85.8759383048913,7120.6983765038
352.192391654698,105.999112265387,7120.6985318163
356.865935539041,177.878184404179,7120.69875759755
7.12864967968526,1071.62623219637,7120.69925339443
15.5885725992445,1003.8380127142,7120.69966209755
25.9783942217812,368.621633217714,7120.70016403505
37.8220275416911,477.045236646489,7120.70073620693
45.1683856854795,1539.90908913215,7120.70109111318
67.5153640788276,3018.29428117628,7120.70217070693
173.125811456728,58.3969192446965,7120.70727280068
178.023814794057,781.580078434985,7120.70750942568
191.726515932674,989.966331133019,7120.70817141005
201.589472318374,1451.47205365959,7120.70864789443
220.899455817367,1701.64859980559,7120.70958076943
245.469682701986,328.974986141262,7120.71076776943
261.746875835649,1630.92572780243,7120.7115541288
349.965918441911,36.00610781751,7120.71581603505
352.402953235095,125.778873427684,7120.71593376943
359.207244917891,174.895570248523,7120.71626248817
4.72752495183931,1051.80575360464,7120.71652917568
14.610857308722,218.80203204816,7120.71700664443
22.369263514037,53.7912943354701,7120.71738145693
23.239286552397,721.998294483939,7120.71742348817
31.6422860497803,63.6688549104925,7120.7178294413
41.0207462965202,1433.12983702515,7120.71828251942
58.9800917914212,147.122078408835,7120.71915014442
59.6246850834895,2209.55409524493,7120.71918128505
174.297606016053,35.8098897756953,7120.72482958193
188.14973119436,754.57357029407,7120.72549878505
199.071592951371,1347.50410829554,7120.72602642568
212.538191192626,778.110686994182,7120.7266770038
226.524862730527,56.057627290107,7120.72735270693
233.199782989018,3124.7813225832,7120.72767517568
357.258923392009,68.2273404439826,7120.73366853505
359.58081757878,199.392807820331,7120.73378070693
9.60225396207728,161.373886475857,7120.73426484755
19.413138316831,1548.47501487865,7120.7347388163
38.1859068966704,1586.07038613923,7120.73564573818
58.3277488275193,58.5976683842304,7120.73661880068
64.2442289119387,1055.79955889112,7120.7369046288
173.45281989196,29.8743495219522,7120.74218055067
183.066412780408,708.124558990164,7120.74264498818
189.708019936581,170.43405575734,7120.74296584755
196.531717334906,147.37729092662,7120.7432955038
206.816101246446,1272.22565815543,7120.74379234755
229.562514001288,280.11210018164,7120.74489123818
235.68598844743,1441.49614467182,7120.7451870663
359.619638561691,108.625414219077,7120.75117436318
7.52552818243041,92.9168339491859,7120.75155630067
10.4295939856595,364.314939327315,7120.75169659755
16.4369574944294,289.610141424035,7120.7519868163
27.8028867661794,1415.39968634419,7120.75253591005
43.3361940500693,658.863130720277,7120.75328633193
50.7051921827568,426.823132393395,7120.75364233193
70.1238477037694,91.2333264491139,7120.75458045693
90.5978508539678,1983.57330560839,7120.7555695663
170.748965986812,36.00610781751,7120.75944170692
183.207113769842,712.357284271548,7120.7600435663
189.691858008626,1101.50688570343,7120.76035684755
200.582347136976,421.150808671555,7120.76088297255
216.910965439381,1836.24504490609,7120.7616718163
245.467450274339,880.00384756981,7120.76305139442
354.315949542565,92.9673699134881,7120.76838214443
4.81120891375064,153.619533760363,7120.76888917568
11.2991873882528,145.839396115122,7120.76920261318
14.8578726971126,684.376888493432,7120.76937453505
28.9525693948283,1102.59801289203,7120.77005545693
40.6108781615643,1248.37229442676,7120.77061867568
58.5792796520248,80.6287051013932,7120.77148673818
70.0451483436848,108.798248188435,7120.77204066005
184.684699480463,59.709376332151,7120.77763042567
191.723938770943,165.512339944662,7120.77797116005
198.54464432358,358.282459256287,7120.7783013163
206.89282636812,168.326436122967,7120.77870541005
212.207037258503,1144.86653490786,7120.77896264443
221.881270328027,1225.03618360525,7120.77943092568
251.58862257207,380.065395821916,7120.78086891005
351.060204142977,36.8124350447196,7120.78568383193
354.213610318766,66.0230550786345,7120.78583647255
3.29873842273562,153.986018380792,7120.78627623817
11.4813255406682,216.384243856282,7120.7866723163
14.6708849813017,335.758698621902,7120.78682670692
21.9567413949125,1106.40852035715,7120.7871793788
35.7821468964865,1123.66349558357,7120.78784859755
45.5580611549125,140.05605009082,7120.78832180068
59.3014761360446,974.047509316733,7120.78898705068
182.637780023738,44.8900708271971,7120.79495714443
184.827636447538,274.145817158455,7120.79506314443
193.653558390714,116.713375075683,7120.79549036317
199.860949226389,845.863157294957,7120.79579083193
212.393874645446,1077.78019842186,7120.79639748818
227.493360835001,873.833116976641,7120.7971283788
248.238893442693,1595.14246256265,7120.7981325663
348.435800434443,118.708626262176,7120.80298259755
355.327844192852,57.1365559032255,7120.80331620693
6.87300999577735,926.596632755405,7120.80387505067
13.6546571239226,104.930189537278,7120.8042033163
18.1424831462672,1106.9517524831,7120.8044481288
32.2835843413232,1411.14553375843,7120.8051326288
49.5522679623008,221.70244806663,7120.80596851943
56.092462687226,56.8893855634744,7120.80628509755
72.783339294281,3682.95305364086,7120.80709301943
163.63042435135,28.5271424538269,7120.81149047255
172.45215001127,283.048084970261,7120.81191748818
181.845549490969,1010.99983940145,7120.81237217568
189.981008154538,1101.50688570343,7120.81276597255
203.012332502188,1257.01171693748,7120.8133967538
215.039757399434,64.9109307970797,7120.8139789413
220.73874259123,1630.92572780243,7120.81425480068
236.754004516604,2463.77629409267,7120.81503001942
353.547854043951,122.141116665198,7120.82068342567
2.83085693096466,72.8552496109813,7120.82113276943
4.9193550031337,257.317667173851,7120.82123386317
10.9863290251064,1240.64236661781,7120.82152753505
26.7895131688937,1306.72983544855,7120.82229248817
40.0545427647414,807.311772987873,7120.82293458193
56.3370807680456,275.922035219978,7120.82372273817
74.7355547421585,45.7965089462053,7120.8246133163
181.286725226805,57.8717213040036,7120.82977092567
188.803381653809,64.0733438528329,7120.83013476943
199.597721160874,588.488313635338,7120.83065726943
207.689602204266,294.499480357757,7120.83104895693
218.962649971465,811.767986164114,7120.8315946288
230.522341722939,1328.63176016684,7120.83215417568
248.540883315859,1321.37156771961,7120.83302636318
350.179725520038,143.370662564202,7120.8379461913
358.341653570436,87.9833012001896,7120.83834126943
0.93016460723522,235.988451002811,7120.8384665663
7.59625023489173,1256.05470469026,7120.83878923817
24.1770529737959,316.160403412979,7120.83959183193
27.7988379323181,1279.76484964876,7120.83976714443
44.3541396834686,380.065395821916,7120.8405685038
55.4551365678041,731.923133212575,7120.84110584755
65.9027918364526,1536.7823680279,7120.8416115663
179.914899829219,72.9840840540952,7120.84716692568
182.316188435223,683.497813902534,7120.84728316005
193.69737331,252.452420079763,7120.8478340663
205.793231253371,95.0163489554789,7120.8484195663
209.452783512776,1254.13857077206,7120.84859670693
219.631548667458,1005.03516620165,7120.84908941005
244.048577047991,1492.32060042692,7120.8502713163
349.793722827698,76.0106075303746,7120.85538991005
353.206012402167,56.0157129014804,7120.85555508193
0.286892552251983,264.092220314538,7120.85589783193
7.1221239782813,290.128671087686,7120.8562286913
12.9992931719248,360.374036167954,7120.85651317567
18.7508942625287,60.6847627704354,7120.85679158192
26.0825878565793,1581.51491902458,7120.85714647255
43.5646404954894,799.829591446866,7120.8579926913
53.7298481382756,1460.55667560319,7120.85848473818
182.818721515648,88.3562251141612,7120.86473328505
192.950358328701,802.830746327032,7120.86522370693
203.1568840314,1046.0737831508,7120.8657177538
214.058715009082,240.718139865592,7120.86624545693
224.920519125618,63.9265515522958,7120.86677122255
229.19951925855,1665.94060768688,7120.86697834755
251.015447489464,1460.55667560319,7120.86803434755
351.136819917027,90.6652045107315,7120.87288072255
357.495602605608,77.5401479136129,7120.87318851942
8.01298208156988,1221.10344058513,7120.87369761317
21.6288922366694,1308.56903091114,7120.8743566913
37.5892786278142,712.779113509754,7120.8751292538
46.2050595875536,117.355541950914,7120.87554630067
57.4713286363828,83.3218424811655,7120.87609164442
74.2380626073154,3763.05475668914,7120.87690323818
165.04350680478,63.7425875971154,7120.88129867567
174.605729320739,1021.64843251984,7120.88176153505
188.141908478082,366.986968591831,7120.8824167538
199.412696685016,1808.5315467431,7120.8829623163
217.672367806308,1755.90342266219,7120.88384617567
240.744300130359,972.193880954819,7120.88496297255
264.513474452386,2644.56234688737,7120.88611351943
343.20619988087,157.245994003574,7120.88993853505
350.954624682764,236.30669643282,7120.89031359755
355.966697353982,1135.37423906962,7120.89055620693
12.3102440856585,585.415271814327,7120.8913473163
16.7325661919388,1157.4019520566,7120.8915613788
34.6536229919496,2508.27714154411,7120.89242884755
53.0072281471195,53.7038989667504,7120.8933172538
184.163617767013,36.6525906847492,7120.8996658788
194.958280073769,796.062105123951,7120.90018839443
209.676542758521,174.465331070905,7120.90090083193
214.099833226298,965.367008554097,7120.9011149413
230.294893264716,1933.22380326322,7120.90189886318
262.89709104798,1498.75289956469,7120.90347697255
346.975763764265,44.2046885207326,7120.90754680068
354.301324201751,288.830542816143,7120.90790139443
1.72759735390686,217.941623081863,7120.90826086318
11.7927379189856,1550.02732871168,7120.9087480663
25.8489434339528,494.071339396385,7120.90942845693
31.8913848672469,1431.45073572271,7120.9097209413
57.9782433139562,2335.49068973105,7120.91098367568
177.233421776605,104.211479723393,7120.91675622255
183.529904613203,146.225392905208,7120.9170610038
194.006611628636,1117.22409101844,7120.9175681288
206.347795458792,1031.02160142754,7120.9181655038
218.346814208638,1049.51669577247,7120.9187463163
240.386440972463,2408.49229449225,7120.91981314443
349.7798411351,59.2354845729837,7120.92510833193
354.196998483891,57.5053130114078,7120.92532214443
357.569906759019,199.957397861716,7120.92548541005
7.23800667197906,984.485049038142,7120.92595339442
19.1388951046893,1170.83054362865,7120.92652945692
36.3535417237621,72.5321677719215,7120.92739139443
44.8660275712984,2253.73875117896,7120.9278034413
69.7556310929796,1515.50816340773,7120.92900822255
176.869759993622,227.722618539872,7120.93419308193
186.237012923762,80.8032876720155,7120.9346465038
190.863665656607,1118.2998971293,7120.93487045693
200.978839798118,1115.06937017225,7120.93536008193
216.242952590361,1509.94383663061,7120.9360989413
237.897805015196,125.404867046264,7120.93714714443
242.801740616413,1334.95225984603,7120.93738451943
354.584808671309,103.124023209666,7120.9427953788
0.925191890197237,66.6250457581619,7120.94310228505
8.24558760777306,260.077570590767,7120.9434566288
15.7348062112943,1100.96098904222,7120.94381914443
26.5501275104288,280.915873895893,7120.94434266005
36.2153223013204,50.130094519929,7120.9448105038
40.8987873665447,1504.35874868293,7120.94503720693
68.7526378726472,21.3593066844542,7120.94638547255
83.0632076281892,1964.07845542979,7120.94707817568
172.896386632304,40.1684414896852,7120.95142655068
178.500469391145,197.308835936383,7120.9516978163
182.507674212884,993.603754828598,7120.95189178505
199.961966266198,1117.22409101844,7120.95273666005
209.381189570921,129.023403072637,7120.95319259755
223.294073112539,2070.19135167741,7120.95386605068
250.19276662106,2327.2381799444,7120.95516808193
348.365734952886,86.8008234733431,7120.95992014443
357.219740243771,158.199009447912,7120.96034872255
2.95746109794489,568.2164183618,7120.96062645693
7.62930544942417,1163.6190899722,7120.96085259755
23.8237198508793,49.4223412195183,7120.96163648817
29.8122541490192,1598.15494171767,7120.96192636318
55.0046414516702,1143.81581983736,7120.96314580068
74.0387031711608,3005.51850074271,7120.96406714443
167.534629841605,28.5682779516128,7120.96860380068
173.394690801901,798.324684136986,7120.96888745693
186.4754031266,835.852553837668,7120.9695206288
199.074501956362,1623.53597232823,7120.97013048818
219.169275345901,1410.29299349782,7120.97110317568
237.640378649396,825.720658514939,7120.97199726943
250.513855112727,2498.67038171203,7120.97262041005
345.773578398061,73.8160227387041,7120.97723145693
348.169056684771,113.530802814399,7120.97734741005
355.824193089747,319.000215132093,7120.97771795693
7.17051582328949,1819.13883956497,7120.97826717567
26.206514303352,97.0220639939789,7120.97918861318
32.5636830310528,2498.67038171203,7120.97949633193
56.2912164934757,65.2717532800828,7120.98064486318
83.4717119533183,1099.32141167945,7120.98196053505
168.655965196173,126.523569399239,7120.9860838788
179.836047403725,707.699843172094,7120.98662505068
191.898334442207,151.64998423689,7120.98720892568
195.289964949141,771.514685471431,7120.98737309755
215.556143659738,1190.18439548313,7120.98835408192
226.289797313279,1134.31464221492,7120.98887364443
244.19665103959,2178.86442221982,7120.98974042568
350.501850075646,149.025430884464,7120.9948861288
357.145662750045,184.616391618597,7120.99520772255
1.69452135843969,88.7805037819156,7120.99542791005
8.75377404191427,1461.37979495364,7120.99576961318
24.8384374500675,351.719570135245,7120.9965481913
29.799185308508,1098.22695382178,7120.9967883163
42.9367099280086,457.092447225804,7120.99742423818
54.6723261586467,228.052424167124,7120.99799230068
69.0610128383298,275.78578309928,7120.99868878505
178.533821123875,26.9174699890629,7121.0039878163
191.637452038794,316.398018895825,7121.00462209755
198.657323460506,191.411914096662,7121.00496189442
210.219274809823,709.820702216035,7121.00552155068
217.01480213682,1007.42536535137,7121.00585048817
235.134702081371,1050.08945983087,7121.00672758193
349.800127752292,22.7180513984182,7121.01228234755
353.600096787819,99.41330397778,7121.01246628505
0.960842091075644,97.4568134526343,7121.01282258193
11.1938371806033,1118.2998971293,7121.01331791005
24.7125853424854,40.1976715802554,7121.01397228505
26.8617693433351,938.203736922105,7121.0140763163
45.64824554062,2255.87193369847,7121.01498567568
71.8771347619113,139.653011377305,7121.01625528505
178.735931022903,65.7735810261073,7121.02142778505
188.054441575378,258.337878866755,7121.02187884755
197.322272989616,1030.4382902504,7121.02232745693
215.30950323791,76.6873647917166,7121.0231981288
220.968461530981,1948.09501863347,7121.02347205068
251.080278669738,1433.12983702515,7121.02492961318
352.919255179646,88.3030454312816,7121.0298591288
0.736113027664853,44.1515227156408,7121.0302375038
3.59480526446236,947.767753167739,7121.0303758788
16.084475900614,1162.58513926937,7121.0309804413
32.0794015581453,228.217139630615,7121.03175467567
35.6630964536721,153.374729583433,7121.03192814442
42.6368079328314,117.275467115263,7121.03226570693
44.2059252467594,197.308835936383,7121.03234166005
49.5824360267033,64.2563571795485,7121.03260191005
69.7976127617929,2574.5197085314,7121.03358042568
172.877744616597,46.9612265741048,7121.03857001943
186.360662275747,1143.81581983736,7121.03922266005
199.504320014233,655.20278091924,7121.0398588788
207.392838830137,164.258870394285,7121.04024072255
216.562862651774,1784.43448906052,7121.04068459755
237.989497423171,1300.27222322582,7121.0417217538
345.596860494917,22.1421561641399,7121.04693048818
1.5988877832446,225.400559328293,7121.0477050663
7.01574814886893,109.486857080565,7121.04796726943
9.49386251782572,148.520251652684,7121.04808722255
23.5281178416481,1116.14728570686,7121.04876655068
34.8308629925925,1601.16175873526,7121.04931366005
62.8499176507215,54.3127071095384,7121.05069639442
69.073125558555,263.379817955212,7121.0509976288
180.7461197453,53.396891075419,7121.05640316005
188.641740116843,218.97371416113,7121.05678534755
198.785320368176,515.51080071377,7121.05727634755
207.597362037344,970.336810901529,7121.05770289442
221.716835878525,1361.70741349417,7121.05838634755
249.213672631233,910.230169015591,7121.05971733193
339.507160500945,28.5888222817388,7121.06408798818
350.126543852765,38.2823807376642,7121.06460201943
355.591178272137,197.118293909782,7121.06486653505
359.212317593697,87.2326655354527,7121.0650418163
10.5350761376356,962.872559462369,7121.06558989442
19.4200700486122,163.571128863893,7121.06601997255
25.6774943855619,825.720658514939,7121.06632286317
39.4157447219406,81.9003476149049,7121.06698786318
49.6077445512473,199.392807820331,7121.06748120693
55.0798032883715,2402.49353744559,7121.06774608193
172.051836855146,27.4787605863969,7121.07340811318
176.334064984994,25.205207712653,7121.07361539443
179.99006644779,273.734285238802,7121.07379236318
187.347260992016,103.215082314367,7121.07414848818
194.789674016022,936.921207284058,7121.07450873818
203.093955678272,1491.51457851104,7121.07491070693
222.097997176746,674.643840792299,7121.07583059755
238.220750610316,1648.52620443412,7121.07661101943
349.08416937067,36.2336896597704,7121.08197736318
356.395203897186,192.488636141519,7121.0823312538
4.44834931577827,86.5298180330321,7121.0827210663
8.12630096971843,235.190922293071,7121.08289909755
14.6645589716504,38.1594825182852,7121.08321558193
20.9077802724782,1288.19377387401,7121.08351778505
29.6110392722617,577.661085632286,7121.0839390663
41.8915372113161,665.220378781584,7121.0845335038
55.0532716573821,1664.49642957645,7121.08517059755
176.425031577487,38.3436823958583,7121.09104559755
187.75373372242,142.97697747967,7121.09157448817
193.18415159994,397.275046193357,7121.09183734755
202.654376842592,1041.46546942019,7121.0922957538
216.719297911657,1365.23514715492,7121.0929765663
235.851167148591,1372.26352503461,7121.09390264442
258.834975795636,1377.5111051828,7121.09501517568
338.889335344099,43.427459545109,7121.09889020692
342.313245632313,26.5882593719624,7121.0990559413
351.328649566548,236.147629228967,7121.09949233192
354.302257666872,299.559987926301,7121.09963626942
6.3096692087031,248.40093870715,7121.10021748818
11.4201950343272,1252.21943925169,7121.10046486318
23.30688031818,871.076544228799,7121.10104023817
39.1830166661979,640.821340436304,7121.10180872255
45.3184237342956,303.547659230574,7121.10210570693
59.6461017231849,74.1335118292774,7121.10279923818
68.1695626850828,2406.49433713713,7121.1032118163
171.059889786715,41.5480184978723,7121.10819222255
184.548617765159,1014.56187895366,7121.10884514442
195.980804615444,479.559336685753,7121.10939851943
211.801097067735,1729.68417366803,7121.11016430068
228.191772178619,808.799860418929,7121.1109576913
244.455910787387,850.117309880716,7121.11174495692
341.775726035068,26.4554263912364,7121.11645572255
355.584346102986,100.353843290879,7121.1171241288
1.366935776103,229.038940591231,7121.11740403505
10.0789102924061,60.4132438519756,7121.11782573818
12.4889144149297,299.559987926301,7121.11794239442
22.7629048022568,1347.50410829554,7121.11843970693
48.3775109075102,562.366597733899,7121.11967958193
56.978120394474,1279.76484964876,7121.12009589443
180.397705926219,52.7775219361093,7121.12607001943
190.569369562839,701.727620455728,7121.1265623788
196.150533731461,157.365426245448,7121.12683253505
202.985765195069,977.743996877223,7121.12716339443
225.4973214255,853.646264786789,7121.1282530663
235.333598775336,1854.49067213739,7121.1287291913
347.940177611382,32.1281785897742,7121.1341552538
358.377180640518,145.064335543843,7121.13466045693
7.49652524876115,213.763437506564,7121.1351018788
16.0232142075763,1210.22269983229,7121.13551461318
28.7239941510826,587.465742718507,7121.13612939443
38.7907486770416,896.922036641712,7121.13661667568
49.7251821981167,222.885779277426,7121.13714595693
57.6001435021249,116.793838489393,7121.13752714443
64.7168541173629,2119.55675233355,7121.1378716288
177.633586084116,56.3918009510722,7121.14333736318
180.500671112899,810.285227803575,7121.14347614443
192.89931283724,268.046751461526,7121.14407630068
202.912805827428,52.6438510839444,7121.1445610038
206.573003686216,1622.05393561266,7121.14473817568
220.957816807177,807.311772987873,7121.14543447255
234.220586730025,808.056177525884,7121.14607645693
2.540879903649,150.530768405766,7121.15228780068
6.14717058970403,183.595846858786,7121.15246236318
11.2060488780157,27.5640985730741,7121.15270723818
13.7012714803198,197.689364878073,7121.15282801943
26.2387160199044,1332.24709042423,7121.15343489443
41.8898626738234,394.998395103485,7121.15419248817
54.8040116728407,55.9317939186066,7121.15481759755
67.5154438934383,1827.05384155213,7121.15543289443
171.331876245868,40.051333777269,7121.1604581288
175.132813642892,212.352441186781,7121.16064211317
182.97775483862,90.2497868104923,7121.16102184755
187.534037802346,233.265712301645,7121.16124239443
196.210504653187,1310.40556183848,7121.1616623788
207.59459472519,1003.23893637011,7121.16221342568
228.819481192399,79.5141036347147,7121.1632408163
233.653369786612,1931.97946529722,7121.16347480068
259.049119354331,2600.54444645164,7121.16470408193
338.550527239663,21.5644932466397,7121.16855234755
343.107455802773,92.3081958092986,7121.16877292568
349.117294692674,271.390521167092,7121.16906383193
358.233734178848,128.877700178442,7121.16950511318
1.87262740829615,1116.14728570686,7121.1696812538
12.4907195989275,1527.36379099849,7121.17019522255
23.9093489373167,803.579314201386,7121.1707479413
38.3726018196892,288.570223272444,7121.17144803505
47.1471990252447,1914.4723584219,7121.17187276943
67.3220261746538,1053.51927182085,7121.17284933193
175.222182099769,37.2248239177697,7121.17807464443
182.919282126463,150.15584609035,7121.17844722255
190.173181558486,882.05115433837,7121.17879834755
197.010995382049,793.035193069613,7121.17912933193
210.327672477631,1005.63324334502,7121.17977392568
229.129642947383,107.057362974672,7121.18068403505
235.283449372438,1915.72824270736,7121.18098191005
359.801836749962,53.2647780049356,7121.18700922255
1.84191528173567,248.249615308893,7121.18710797255
8.45732177115501,169.438962860369,7121.1874281913
19.8336647257136,206.975561689582,7121.18797886318
23.6659134297857,1554.67505535967,7121.18816436318
45.4166366490704,131.47571920058,7121.18921720693
50.5587965814339,2686.06958897522,7121.18946611318
86.1391216982852,85.1618914277097,7121.1911883788
177.022037258086,55.1707811380364,7121.1955875663
182.130303523447,703.43914027049,7121.19583483193
197.190731250931,921.391019037543,7121.19656383193
211.455463788455,1743.53298465491,7121.1972543163
226.391291774396,179.350881368556,7121.19797728505
242.976290909293,1758.6406775294,7121.19878008193
350.476162472844,27.9238750178212,7121.20398361318
353.179266498321,141.656741892149,7121.20411445693
1.44093886431254,122.064178209591,7121.20451436317
9.3346224377053,1319.55024684771,7121.20489645693
25.3750625887203,215.688480964538,7121.20567289443
37.8285798848697,1636.81357356893,7121.20627570693
52.9897203646019,1719.92364794704,7121.20700958193
182.335863142196,91.3876543884307,7121.21327058193
191.793176472336,862.753923858151,7121.21372836318
204.430688164785,1429.76974704112,7121.21434008193
218.06307883184,158.673366112971,7121.21500809755
231.802943091521,1651.44131702988,7121.21567317568
262.155889758649,2751.52833850711,7121.21714241005
343.576327230822,123.821689013148,7121.2210835663
349.50772639689,290.128671087686,7121.22137067568
356.400415717104,956.607904001316,7121.2217043163
3.30214335352926,103.124023209666,7121.22203839442
15.8085994233365,187.444379462498,7121.22264376943
19.3257980708886,2168.90749804577,7121.22281401943
44.6495638334518,56.9306546349679,7121.2240398163
48.1664397188908,2017.23637793805,7121.22421005068
79.8021826280985,2718.11129159971,7121.2257413788
166.365748394131,43.3462606086454,7121.22993148817
170.891042850501,661.595167539275,7121.23015053505
176.440895674496,826.448465218732,7121.23041917568
194.332255165918,702.583935474621,7121.23128520693
204.980044702717,1565.46631213672,7121.23180061318
220.15022349866,857.16067577124,7121.23253492568
241.291505522126,2979.80240482332,7121.23355826942
353.160114894073,41.604508033144,7121.23897326943
358.096007401722,324.373694571278,7121.2392121913
4.81632300180264,224.230509160428,7121.23953748818
15.2610730732257,1755.90342266219,7121.2400430663
31.4745325437572,292.193658157913,7121.2408278788
35.4213743116642,283.578660553729,7121.24101892568
44.9877931108798,1313.15569529278,7121.24148198817
62.5434435158254,1066.00073213059,7121.24233176943
173.760325232965,35.4141854730372,7121.24771522255
185.464630118977,138.843422869961,7121.24828176943
191.830191601084,842.301617343111,7121.24858989443
200.818157749415,969.71697338688,7121.24902495693
217.562941454046,1036.25674707786,7121.24983548818
232.570430445451,45.3843837511236,7121.25056192568
234.998834037667,1616.11235505177,7121.25067947255
258.88776614344,1426.40155242901,7121.2518358163
346.184323381446,159.146307243674,7121.25607523818
354.344637470963,180.082726508601,7121.25647023818
3.31000782876614,1111.82951734179,7121.25690420693
15.1537611294047,1234.81325164931,7121.2574775038
24.3980283164609,236.30669643282,7121.25792497255
31.8530304157089,323.213150688062,7121.25828583193
40.0352947339497,89.4656709826691,7121.25868189443
53.1431219697043,3046.84433238833,7121.2593163788
180.922729793326,61.4156989153791,7121.26550155068
185.885737249608,1003.8380127142,7121.26574178505
201.503958598021,793.035193069613,7121.26649778505
206.670651119063,299.559987926301,7121.2667478788
219.966023585304,2485.15874545774,7121.2673914413
271.279485876517,1573.89312693823,7121.26987526943
340.521429285492,69.0485654764039,7121.27322692568
343.027627002158,106.617707718026,7121.27334823818
353.158940977941,282.782464111619,7121.27383864443
358.890528675551,386.341403313395,7121.27411608193
4.01783993483035,294.75458185324,7121.27436426943
13.1801166390233,1560.07995411045,7121.27480776943
27.4041767160177,956.607904001316,7121.27549628505
39.0962153264795,1042.61954625429,7121.27606223818
68.7109247354111,2225.82086095713,7121.27749573818
173.989628568113,57.3007405413328,7121.2825917538
181.311315409299,919.431308865626,7121.28294616005
195.923054984931,1009.80968031905,7121.2836534413
216.343207983547,1717.12477570196,7121.2846418788
235.327236089026,1242.57937272887,7121.28556080067
356.698027647635,139.787487141163,7121.2914357538
6.33287945539658,186.640758403911,7121.2919021288
9.96628516524236,66.5897892382361,7121.2920780038
15.8779936628507,1102.05256032003,7121.29236416005
29.7217986341176,1231.88814704633,7121.29303426943
44.3374118060501,890.193363467517,7121.29374173818
72.842989929381,1678.88303259645,7121.29512155068
171.668667509855,185.631343629922,7121.2999033163
183.892998715913,419.720758149111,7121.30049503505
194.616645654168,1221.10344058513,7121.30101411318
207.053377479084,1263.69037456442,7121.30161611318
228.752775885591,966.611901631609,7121.30266647255
239.964815037152,1740.77197101496,7121.3032091913
344.678300893595,29.097741577333,7121.30827784755
351.999664972668,83.7155345045915,7121.30863223818
1.9750678622817,229.530630613262,7121.30911509755
5.84992582503339,1009.80968031905,7121.30930266005
18.5988026219787,51.4708310694889,7121.30991976943
26.4627888116253,1483.43037853493,7121.31030042568
48.5989319317052,921.391019037543,7121.31137192568
64.453763687962,1915.72824270736,7121.3121393788
170.97330002829,32.2011965703251,7121.31729545693
180.31021001288,164.829816462486,7121.31774741005
185.460762699649,999.034965865064,7121.31799672255
201.84595029093,991.180248988144,7121.31878984755
216.755308927622,1458.90910463464,7121.31951153505
233.045916923219,1163.6190899722,7121.32030008193
264.536078261236,1906.92017731919,7121.32182436318
342.522921567178,90.3538216467936,7121.3255993163
352.536091720096,146.866435679627,7121.3260840038
356.322503281306,61.7208784081669,7121.32626728505
0.714482479614222,1005.03516620165,7121.3264798788
13.8681468958085,1167.74534486552,7121.32711658192
27.0172922666328,146.738454720463,7121.3277530663
36.3364483809129,2102.46797749392,7121.32820416005
70.0448723277091,2347.81527552741,7121.3298358163
169.08842477672,76.1340990251824,7121.33463001943
179.077385178229,789.235343745531,7121.33511353505
189.617683244411,886.131612531926,7121.33562373818
202.53150936858,1567.7690257121,7121.33624883193
221.622706220142,113.033221671444,7121.3371729413
234.618195208034,1923.2457848517,7121.33780755068
2.65959158998267,211.110087744437,7121.34400539443
8.50641787565369,65.6305912394295,7121.34428841005
13.6969973859906,245.203496396229,7121.34453966005
21.7365852926875,1457.25975730926,7121.3449288163
36.0048686268202,218.45827924416,7121.34561947255
43.8443222277883,32.8867905130537,7121.3459989413
50.0036162476025,1671.70510767534,7121.34629708193
173.621399324504,31.5937449812953,7121.35228080068
184.9790199721,739.685868111906,7121.3528305663
197.881871019485,343.722467155416,7121.3534551288
203.080843284228,958.491508384895,7121.35370678505
224.683402534788,2210.64233585366,7121.35475245693
257.668115059201,1015.1542939596,7121.35634908193
355.316215113183,307.727926474044,7121.36107573818
1.10526066739947,225.233776074418,7121.36135595693
6.68351967637367,113.199324913715,7121.36162597255
12.388637949576,967.233737547701,7121.3619021288
31.485967920124,802.830746327032,7121.36282653505
39.261184908538,1356.39866005732,7121.36320289443
60.10936702905,2374.29920169063,7121.36421205068
175.982598825202,86.1489907189039,7121.36982089442
181.205458116819,983.262915532634,7121.37007370693
195.803963017825,899.599394976747,7121.37078034755
208.107379584678,1732.46283985407,7121.37137589443
222.905373154452,145.710499221963,7121.3720921913
234.78431132086,1427.24443374931,7121.3726671913
353.894231012009,74.8899969815753,7121.37843270692
359.694574517857,64.0733438528329,7121.37871347255
5.67071352391089,63.4841484936643,7121.37901191005
8.12235850603875,817.671763631012,7121.37913058192
23.0029881956375,445.434245044396,7121.3798508788
30.3185419178374,177.561007563831,7121.38020498818
41.8921139433206,1733.85039659024,7121.38076520693
58.8728624188335,1513.12606888609,7121.38158716005
176.309078447506,109.658331026719,7121.38727166005
185.929081619763,746.563033615644,7121.3877373163
191.226829801025,788.473175639126,7121.3879937538
205.827917099565,680.853706747087,7121.38870051943
219.349247621403,1691.72631458991,7121.38935501943
246.193065558115,1085.00808337908,7121.39065439442
356.813418029526,154.473336899663,7121.39600897255
359.238916424517,41.9978080090644,7121.3961263788
5.73940708798839,144.675244007075,7121.39644103505
17.6719296650166,1241.6112582514,7121.3970186288
29.2693886797949,293.476909440926,7121.3975800038
37.8541811321784,41.6327215757573,7121.39799555068
43.0060249801366,1495.54024719833,7121.39824492568
71.5835868710442,236.624525529194,7121.39962822255
178.995334832746,33.6806312006832,7121.40482748818
187.727322779622,335.534766637835,7121.40525016005
199.004889704926,1154.28089308978,7121.40579605067
209.659458035251,179.246090192819,7121.40631178505
225.027511539081,1308.56903091114,7121.40705567568
243.068326122837,2424.41644537905,7121.4079289413
351.121794986481,30.1482519504681,7121.41315926943
353.570534771383,103.306058152342,7121.41327780068
358.851820318681,752.179374341466,7121.4135334413
17.7958215630155,1262.7383583208,7121.41445042567
31.0046844258666,1956.71767677652,7121.41508980068
61.9544831384156,59.4334026438048,7121.41658792567
66.4536310076488,1738.00662750523,7121.41680570693
167.92131504955,40.5467118214098,7121.42171447255
181.089505376715,943.316647017411,7121.4223518788
192.736997967926,230.673799506143,7121.42291567568
197.019871697158,939.484601225615,7121.42312298818
212.530278775262,1493.12606723129,7121.42387376943
235.092837018779,1687.4560637703,7121.42496591005
350.971879171804,47.7547133781453,7121.43057503505
359.874626877933,160.673765958741,7121.43100597255
4.20043262795748,202.199965104732,7121.43121536318
10.3397131796202,736.835426007332,7121.43151253505
21.5236689834729,1319.55024684771,7121.43205389443
40.4634738318146,1546.14354652693,7121.43297067567
58.8990694698477,84.940977862491,7121.43386305068
69.1891997290257,221.193383054263,7121.43436114443
182.327370555691,55.7635777831411,7121.43983759755
185.589559400863,170.323782855419,7121.4399955038
189.232326189033,661.595167539275,7121.44017183193
206.707277272304,936.279165308918,7121.44101770693
217.60265229373,1387.08033947665,7121.44154509755
240.726232117514,1261.78578696567,7121.44266439443
350.935663700377,149.654497128004,7121.44799908193
358.891001526368,93.8223804203275,7121.44838416005
2.19612239233323,111.27417043344,7121.44854414443
9.23729844338537,131.547162052215,7121.44888497255
13.9701514856585,1326.82054232447,7121.4491140663
32.6691496428992,929.835375362842,7121.4500191913
52.5686306845069,1780.38672693503,7121.45098242567
176.551497431939,36.7805196022086,7121.4569838163
189.161248538792,663.863242156282,7121.4575941913
201.87138963578,28.4859479754429,7121.45820942567
204.533175638923,1404.31188899726,7121.45833826943
213.964019619813,880.686801263408,7121.45879476943
237.390060500033,1056.36888125815,7121.45992870693
257.471845983849,1296.56774205955,7121.46090833193
345.297871761696,70.562597431767,7121.46515955068
358.585174273223,86.4755142493401,7121.46580272255
3.2189285617071,995.417415161626,7121.46602701943
12.5577753444469,272.495997988287,7121.4664790663
21.0712295910583,904.930408385241,7121.46689116005
32.9556553522262,1544.58734691332,7121.46746642568
51.0119642460284,59.9449170857191,7121.4683404413
54.9988328750812,646.426301376124,7121.46853342568
181.474016990013,45.7708593248896,7121.47465545692
189.578809983497,355.33359588058,7121.47504776943
196.906629943668,803.579314201386,7121.47540247255
209.934080732596,220.000961892453,7121.4760330663
221.793651105394,1189.17364844151,7121.4766071288
238.478071718614,1422.18015142248,7121.47741473818
270.480835058924,512.586750822663,7121.47896383193
335.508983384176,27.1563535547692,7121.48211151942
351.616565382549,122.984275541249,7121.48289120693
355.102452723054,180.915463166009,7121.4830599413
0.297551391496569,31.7420742468322,7121.48331141005
3.10491896583066,180.915463166009,7121.48344730068
14.888631937172,1249.33519085602,7121.4840176913
28.2727736422246,961.622892425851,7121.48466555068
39.3308385057675,850.824299902797,7121.4852008163
61.7239281887991,102.941662138978,7121.4862847538
74.7152256753039,1766.82679597917,7121.48691359755
174.295267115903,48.073330038978,7121.49173376943
176.53063795803,221.70244806663,7121.49184197255
188.784666547834,149.403184268593,7121.4924351288
194.5756489002,1164.65193045201,7121.4927154413
204.653055778408,836.571589779567,7121.49320323818
219.474613537784,762.105656360035,7121.49392067568
231.149866714591,1671.70510767534,7121.4944858163
350.208461630541,20.2008219180039,7121.50024884755
358.831666908033,117.914580877176,7121.5006662538
8.06625017949401,194.527671748546,7121.5011132538
13.0728352935316,241.963782343646,7121.50135559755
18.7001594798628,1222.08776431876,7121.50162798818
34.1815709582244,1071.06501445742,7121.50238767568
52.232715056959,1519.47032733801,7121.5032614413
177.242399769858,34.353794114983,7121.50931253505
189.325345838296,875.894856644521,7121.50989741005
201.916374750922,793.792975795071,7121.5105068788
222.132842684778,50.3171462828966,7121.51148545693
224.414050707345,1583.0348143453,7121.5115958788
240.182695584746,1862.25546094931,7121.51235916005
348.230031291825,81.9576836952329,7121.5175891913
356.422625087466,163.111010809125,7121.5179857538
4.54420351460432,1105.32116792683,7121.5183788788
18.5109942289555,1205.24434876756,7121.5190549413
37.0921713630225,895.580332116452,7121.51995436318
53.5774261071679,2966.86075706987,7121.52075233193
172.03594098078,35.7770792158707,7121.5264863163
178.122282796364,561.296398249311,7121.52678092567
191.916054191198,986.315584761144,7121.52744861317
205.798272062731,1188.16201322147,7121.52812058193
219.464861318489,2065.53907311502,7121.52878211318
244.181122720962,816.936185366046,7121.5299785038
348.892671816833,59.9449170857191,7121.5350470663
356.320236130177,94.8183961901883,7121.53540659755
2.0218036819273,169.881955724982,7121.53568258193
11.4749206536533,206.793915324965,7121.53614016005
15.2813456830156,997.830595927951,7121.53632441005
34.4283863927255,1252.21943925169,7121.53725122255
53.1070483572802,1318.63853169989,7121.53815536318
77.7597186714256,2386.42328120875,7121.53934867568
166.894237904866,71.2910980249504,7121.5436718163
174.56099498601,610.551720292563,7121.54404292567
178.929732794406,847.992898123096,7121.54425439443
194.584107445242,906.921426846452,7121.54501214443
211.127142883264,1697.40332900403,7121.54581291005
232.387859890784,1026.34578613703,7121.54684203505
250.899958454499,2955.49051898547,7121.54773811318
344.24743090894,72.9840840540952,7121.55225659755
347.206190336181,92.2573059614074,7121.5523998163
352.290569537089,189.339321998716,7121.55264592567
1.23754050035642,1018.70167856788,7121.5530790038
8.40686705198189,928.541243894188,7121.55342603505
20.4036262791426,1135.37423906962,7121.55400673818
30.9222969162929,57.5869386898464,7121.55451589443
46.0856969562887,1550.02732871168,7121.5552498788
69.3952080496802,3123.24166529265,7121.55637817568
170.833270311169,340.206030013945,7121.56128828505
174.976695625774,465.886607070587,7121.56148884755
190.781171005907,1412.84872690051,7121.56225386318
203.087815569677,80.6869432379287,7121.5628495663
205.957160158723,1439.82681333199,7121.56298845693
222.641580771943,1387.08033947665,7121.5637960663
249.397275069228,852.941661744211,7121.56509117567
347.739066362157,38.3130437098256,7121.56985141005
358.886223226624,195.009994263806,7121.57039098818
7.6805110254822,756.16551908908,7121.57081667567
14.3017279093527,190.329085825169,7121.57113717568
25.2884545671235,1298.42125939916,7121.57166898818
41.3408382315752,69.4893448338618,7121.5724460038
45.7399189103654,1231.88814704633,7121.5726589413
91.2217263511035,31.667998084961,7121.57486048818
182.586901005226,127.999971732962,7121.57928301943
194.651447603971,80.3953431605109,7121.5798670038
201.198098285152,1083.89919262208,7121.58018389442
212.255840349003,1005.03516620165,7121.58071914443
226.872421920011,472.295258457933,7121.58142666005
251.157749003362,1873.84241456812,7121.5826021913
354.005965729668,70.2289684739732,7121.5875923163
357.00055565964,836.571589779567,7121.58773726942
14.6210883141019,889.517626223579,7121.5885901913
26.0100202687451,23.2670913785649,7121.58914147255
27.6895342880941,1636.81357356893,7121.58922276943
45.7532674620704,1298.42125939916,7121.59009714442
70.4966438507557,911.550335214173,7121.59129484755
174.277245700453,61.5303155648839,7121.59631834755
181.24676078362,635.640096113832,7121.59665570693
195.181594553962,764.861896040969,7121.59733022255
204.562404958419,941.402511500655,7121.59778430067
221.708748435696,2386.42328120875,7121.59861426943
261.311127084948,908.246422515191,7121.60053122255
336.888611792593,30.7651577824419,7121.60418955068
354.15019389551,260.510668592673,7121.60502509755
358.009557585794,75.8249921184451,7121.60521191005
2.25724637409968,230.347754759386,7121.60541751942
11.2432758370158,223.895083029113,7121.60585248818
17.5471829913673,1098.77429377292,7121.6061576288
26.1845913801381,1042.04267437069,7121.60657572255
44.6708661564084,72.8552496109813,7121.60747055068
49.4453600207074,2398.48607641591,7121.60770166005
179.259881618614,61.0320891047955,7121.61398533193
187.453443775751,1060.34558911006,7121.6143819413
203.552633019717,1006.82828740872,7121.61516122255
211.259094162315,695.704105435624,7121.6155342538
227.839896901219,1497.14740604878,7121.61633684755
250.837908584386,2296.02648005311,7121.6174500663
345.536610289452,144.545320157619,7121.62203395693
1.58802551725008,224.899848744187,7121.62281092568
5.06648850242357,165.96581053907,7121.62297930068
11.3258497126806,1670.26592556851,7121.62328228505
26.8130153632944,65.3436818542907,7121.6240319413
36.7868042920284,1950.562600328,7121.62451472255
60.6980018776262,185.327447832506,7121.62568759755
67.8234280469622,1781.73698017758,7121.6260325038
175.525047877122,54.2694465754945,7121.63124580068
178.027049235373,780.425279955921,7121.63136691005
196.539793398473,740.904115836827,7121.63226301943
202.635819129651,1428.92842003306,7121.63255809755
214.988300873861,1052.94839514158,7121.63315601942
244.892882226407,1461.37979495364,7121.63460355068
344.960993080621,32.1829576876986,7121.63944734755
0.643128317053039,93.0178850611085,7121.6402064413
4.59416648095258,786.946563469115,7121.6403976913
13.9385007832946,287.526558118145,7121.6408500038
24.6017845549822,254.232385143993,7121.64136616005
30.99413822361,1091.63744710372,7121.64167558193
39.2955146510558,159.970606206095,7121.64207741005
57.2927516522146,3045.26537320271,7121.6429485663
176.839738781471,666.574739849324,7121.64873523818
187.177320219547,726.150140017978,7121.6492356288
197.69825045454,222.210361222608,7121.64974489443
205.875672777405,1813.8428536929,7121.65014072255
225.531119130994,1461.37979495364,7121.65109214443
249.119849778174,866.231419927033,7121.65223395693
350.470111275083,49.1363824628444,7121.6571398163
354.276859066559,74.512715442232,7121.65732408193
6.44631473838722,311.369791061722,7121.65791314443
11.3147426365648,635.166919060737,7121.65814880068
17.3604120667763,31.3512167615659,7121.6584414413
20.8359698547241,1087.77531426796,7121.65860967568
42.2364580389835,990.573512105186,7121.6596455663
54.4849991091852,1847.99497926491,7121.66023845693
175.121269504825,63.1874899625906,7121.6660868788
182.214093130768,279.574974282326,7121.66643020693
192.296341929194,785.417009208089,7121.66691823818
204.511634856619,1458.08476403886,7121.66750951943
216.258226201619,1005.63324334502,7121.66807811318
241.595549438499,945.862721479784,7121.6693045663
265.401522662333,2016.0439984096,7121.67045689443
344.375157110175,100.727606811013,7121.67427961318
347.487890825434,138.64027981203,7121.67443028505
358.318383634923,370.452057918413,7121.67495453505
5.05322510839617,1249.33519085602,7121.67528053505
15.9418213738745,946.498102116777,7121.67580759755
31.272107614401,140.858671948685,7121.67654966005
36.3229159479981,63.0758847930402,7121.67679414443
41.4072951489064,1616.11235505177,7121.6770402538
77.9634362557173,103.215082314367,7121.6788097538
90.0224953348602,2473.51850113375,7121.67939347255
170.760216682448,72.01221563502,7121.68330158193
173.146656615368,805.820854488104,7121.68341709755
188.549895022547,822.802881383922,7121.6841626913
197.445541173036,205.335040637245,7121.68459328505
213.99793776454,1715.72367424488,7121.6853945038
226.489867885798,1953.02685135346,7121.68599917568
253.031870440616,934.993971135611,7121.6872839413
347.632441790968,94.6200340301573,7121.69186308193
357.729216425208,134.09347243698,7121.6923518163
3.0247050837851,983.262915532634,7121.69260814443
12.9371624844551,159.382257391982,7121.69308795692
22.7324445740704,1110.74738295969,7121.69356209755
38.6515129428812,1563.92920835913,7121.69433266005
68.6984478697012,310.644843182217,7121.69578708193
76.4852855342819,1684.60323468622,7121.6961640038
170.657182125776,192.683771715885,7121.70072239443
186.149835371149,1060.34558911006,7121.7014723163
203.484046841026,1462.20247021489,7121.7023113788
219.110660943845,86.3124086092348,7121.70306778505
230.052195945403,1592.1242102479,7121.70359741005
260.078794641958,2457.91254016581,7121.70505084755
346.156406469107,112.783601902144,7121.70923414443
349.716859974723,113.861309269936,7121.70940648818
359.448873775702,833.691837787143,7121.7098775663
6.0055311721697,1250.29731012916,7121.7101949413
21.7273704324772,45.1769108233968,7121.71095595693
28.7056010697423,147.122078408835,7121.71129373818
31.7973529553534,1829.68462603128,7121.71144339443
64.4570086703811,2994.29481209756,7121.71302428505
164.853404330897,33.7328880106735,7121.71788397255
176.122578539373,630.416219227214,7121.71842945693
185.454969365857,718.241133235153,7121.7188811913
202.493175773133,950.934442300877,7121.71970592568
211.274551734637,1877.68867121463,7121.72013098818
230.222426537693,738.872629746368,7121.72104816005
253.959321153598,1793.84407328342,7121.72219714443
342.172057993428,93.9224531482097,7121.72646708193
345.874865073317,42.4704889312455,7121.7266463163
355.972285344518,102.392642975513,7121.72713508193
2.71584233451122,285.690998635957,7121.7274615038
9.74830286904384,22.3795391940396,7121.72780191005
14.4788963510534,1569.3022437091,7121.72803089443
31.3085757357731,844.440350977749,7121.72884553505
57.1817424024368,2059.70929201271,7121.73009792568
180.338571014357,166.078970020855,7121.73605933193
185.101121365219,175.859785067622,7121.73628986317
189.72034981789,915.499287490462,7121.73651345693
205.697844517539,920.085008182525,7121.73728684755
220.879321189957,1497.14740604878,7121.73802170693
236.631503395816,676.868228133287,7121.7387841913
354.251713858366,78.5034190431411,7121.74447759755
6.6332473493604,764.468766067949,7121.74507692568
17.9321189040042,767.608310248136,7121.74562384755
25.3751775649725,241.186015603745,7121.7459841288
44.1965158659142,1367.87503546287,7121.74689517568
72.4146436868505,2018.42831337729,7121.74827428505
176.457034094876,740.498273810175,7121.75331045693
192.749578851045,901.60223731317,7121.75409909755
205.168879642921,1532.08035147401,7121.7547002538
224.396296874614,1353.73645626657,7121.75563095693
243.138549889918,2489.02676247553,7121.75653817568
347.794254977327,52.3754858927639,7121.76160403505
355.187925661247,117.435575153202,7121.76196192568
0.48857900215622,261.805688239747,7121.7622185038
9.77642384696714,1117.22409101844,7121.76266808193
18.5174501100543,1056.93798158057,7121.7630911913
32.2728086422019,1169.80314324167,7121.76375701943
43.6071878998858,48.8727877612227,7121.76430566005
64.6419468893882,1860.96360543786,7121.76532384755
175.485029381899,208.062053697056,7121.77068920693
187.526334590733,60.2575350727719,7121.7712720663
190.419566206652,1076.6638691706,7121.77141211318
201.187436326888,842.301617343111,7121.77193333193
219.397073871747,621.773355025113,7121.77281476943
228.883761748363,1813.8428536929,7121.77327397255
352.307220913987,32.40114773706,7121.77924828505
355.719833250569,68.399244601558,7121.77941347255
359.775134888169,76.5033869587484,7121.77960976942
12.4433123634387,190.920473874812,7121.78022297255
15.8423672257041,1017.52062331428,7121.7803875038
34.2540758744422,1093.28857078594,7121.78127872255
48.5481829208632,240.249348193444,7121.7819706288
66.634189160833,2186.57714157189,7121.78284608193
173.931989658083,41.6609212405827,7121.78803983192
180.554174941028,893.564000570279,7121.7883603788
194.222055395553,347.203293893372,7121.78902197255
198.483525767216,1168.77463263165,7121.78924964443
217.059538181373,1380.12756778494,7121.7901488163
240.577253422472,1873.84241456812,7121.7912871913
356.9905250444,136.729794153467,7121.79692217568
3.42387393567019,906.258290633843,7121.79723358193
14.3941378843201,63.2989008431117,7121.79776459755
20.7248372627706,1347.50410829554,7121.79807103505
36.9579873266046,209.501943571055,7121.79885680067
51.0474409843483,769.564023617164,7121.79953880067
65.3189523153982,2232.29457141372,7121.80022961318
174.209434391336,116.713375075683,7121.80550045693
176.975483868179,287.787849106991,7121.80563434755
194.142809137526,1292.85260275225,7121.80646533193
204.568191377759,423.286822259783,7121.80696997255
211.205870933172,1528.15082810065,7121.80729126943
241.047829596466,1377.5111051828,7121.80873576943
348.258797653055,39.0116342008362,7121.8139253163
355.770612084683,62.7398757946374,7121.81428892568
8.37455287224225,918.777165459517,7121.81489901943
16.1049010417134,159.146307243674,7121.81527320693
22.8187606855384,1124.7331954678,7121.8155981913
38.5741708507357,61.9108445065741,7121.81636083192
41.973225713001,1218.14558440292,7121.81652536317
61.0573210089238,2626.31139058556,7121.8174491288
171.776126597162,29.458720185449,7121.82280847255
178.406058997552,623.704310420692,7121.82312939443
188.036714484479,784.651121854552,7121.8235955663
200.780426486356,1399.16456198819,7121.82421242568
220.38132006783,1563.92920835913,7121.82516120693
243.60367588329,2343.71433371905,7121.82628528505
350.489212199968,79.6911286959912,7121.83148911318
0.594056788922099,985.095671701686,7121.83197823817
12.5782269032626,773.460573366691,7121.83255833193
20.9002623982434,127.485175194231,7121.83296116005
37.5033380904053,2942.44184573245,7121.83376483192
88.65959813426,181.019296774387,7121.83624105068
177.149617804885,46.8861512115115,7121.84052441005
187.195067701504,102.484354336241,7121.84101066005
192.231995761093,1028.10171487278,7121.84125447255
211.247658048469,1269.38692890377,7121.84217492568
233.675287035466,2212.8170407143,7121.84326053505
350.636345487878,23.1278815543412,7121.84892203505
355.275910170813,124.728824490994,7121.84914661318
5.85591226087043,167.094060810058,7121.84965873817
11.8599408314776,206.975561689582,7121.84994936318
18.2006469252145,1545.36561325358,7121.85025628505
31.1890391769152,21.0408045153709,7121.85088498817
34.4625259361409,868.311145207912,7121.8510434413
61.9600082882323,1951.79516992994,7121.85237445692
167.290682495517,28.6093527340769,7121.85747298818
181.979893433485,555.373691479844,7121.85818401943
186.678529933907,146.610362738997,7121.85841145693
193.297164457822,1015.1542939596,7121.85873183193
212.660802069646,1122.59279649862,7121.8596691288
223.292129010059,1009.21415668864,7121.86018373818
247.26886191799,1605.66149265406,7121.86134433193
347.115856636827,86.5298180330321,7121.86617742567
354.668666328676,78.8616116853547,7121.86654301943
357.859194243541,89.0446605339434,7121.86669745693
4.02365298326608,1093.28857078594,7121.86699584755
21.3869161999273,802.081512318864,7121.8678363163
29.930390592398,1270.33383812147,7121.86824986318
51.8157202309336,57.1776445634775,7121.86930922255
59.9463369742836,2812.04681762404,7121.86970278505
172.314385528772,56.5996624568577,7121.8751586288
177.575334845805,782.73315606836,7121.87541328505
191.901721673506,864.842086834017,7121.8761067538
198.557800661034,489.486562393893,7121.8764289413
216.202865829017,2362.11272763853,7121.87728305068
256.001827987389,950.301948243748,7121.87920951943
340.618603656142,32.0366719264165,7121.88330539443
357.502513013287,252.452420079763,7121.88412266005
5.13989551037579,198.448243948768,7121.88449234755
15.1456413831194,164.829816462486,7121.88497667568
20.2606863668491,1171.85716685952,7121.88522426943
35.9618665972003,1216.16972048599,7121.88598428505
54.6598963553658,55.8897858549123,7121.88688936318
60.560307014078,991.180248988144,7121.88717497255
172.414067712941,25.3677495676286,7121.8925892538
184.402111348425,566.096169940522,7121.89316953505
197.86275597916,192.488636141519,7121.89382109755
201.759887007905,1092.18811772394,7121.89400973818
220.091541934352,1166.71516892097,7121.89489708193
239.571709370583,1418.79397119737,7121.89584001943
354.644404056555,60.6847627704354,7121.90141011318
358.992805597108,273.596978406232,7121.90162059755
10.1635266511785,273.734285238802,7121.9021613163
16.378019004914,909.569419782486,7121.9024621288
22.8739905102795,1228.9562700829,7121.9027765663
45.4449415082034,56.7654014071994,7121.90386911318
48.5831762112164,1712.91780759475,7121.90402101943
177.834093831322,41.3212866701151,7121.91027741005
184.482102864134,117.275467115263,7121.91059920693
191.31281509448,980.200698386113,7121.91092984755
199.823686981136,91.3362371846027,7121.9113418163
213.558709283019,818.406786784465,7121.91200666005
218.935219987806,1450.6432721717,7121.91226691005
236.885935944789,1350.17863556186,7121.91312772255
353.432845549314,31.0501173383937,7121.91876917567
355.612695295406,63.1131050199407,7121.9188746913
2.57478606082051,437.947428322261,7121.9192116913
15.055095505912,187.444379462498,7121.91981580068
18.6258784889268,1008.61818896902,7121.91998864443
27.9782827459834,1455.60841158243,7121.92044134755
45.1194614657711,117.355541950914,7121.9212710663
56.8925221600212,366.782132443788,7121.9218409413
70.6869391542393,1797.86163734263,7121.92250866005
171.996205353349,29.3188667788158,7121.92741253505
177.688411789197,768.782315585526,7121.9276880663
192.935739147785,775.013664355839,7121.92842611318
203.335297638151,1439.82681333199,7121.9289295038
214.553469908699,552.660583963416,7121.92947251943
234.923266531191,1660.15612368398,7121.93045851943
2.53534259247621,165.625832493355,7121.93663558193
8.15491962378466,124.578083959825,7121.93690759755
15.346519203825,34.3024775251166,7121.93725570693
20.9628682382162,1408.58680275358,7121.9375275663
44.9718809274263,1516.30152878113,7121.93868972255
55.6109549101271,948.401912559405,7121.93920470693
171.918349022318,27.9238750178212,7121.9448345663
181.283665191887,216.557854981758,7121.94528789443
187.080780700817,144.934758639081,7121.9455685038
194.849864495088,904.265773371549,7121.9459445663
209.33409916953,1183.09084751189,7121.94664567567
220.741107831753,991.786652804194,7121.94719783193
248.133035511378,1754.5332964275,7121.94852373818
348.763185150068,89.88471772442,7121.9533925038
354.370495905826,70.4293359743424,7121.95366392568
3.00693589552191,950.301948243748,7121.95408197255
19.2071606538496,1231.88814704633,7121.95486614443
32.4286125167854,787.710230376604,7121.9555061288
43.6987551619153,1789.81740539541,7121.95605166005
77.3171187087122,73.0484145394783,7121.95767895693
175.527854266263,48.6560583490281,7121.96243284755
190.237078597226,132.046110157269,7121.96314484755
194.816280151172,824.992185677331,7121.9633665038
205.254574303917,819.141143804103,7121.96387176943
219.971545789903,687.00750643913,7121.96458414443
233.864738738218,1829.68462603128,7121.96525664443
349.827062610451,24.0488757380364,7121.97086980068
355.094790645854,54.6575562587748,7121.97112478505
1.68372782360194,132.259384000299,7121.97144372255
11.1236100831242,219.487927832773,7121.97190066005
15.8864833088352,1222.08776431876,7121.97213120693
24.431571662186,325.530130629303,7121.97254483193
37.0700517537101,1019.88140155385,7121.97315659755
53.8183862173714,1783.08623421941,7121.97396730068
178.447815824543,36.4920420270476,7121.97999998818
184.852758530834,521.309773127143,7121.98031001943
198.765642110031,1132.19233988104,7121.98098347255
219.387866174947,120.748716581076,7121.9819816913
222.796282153115,1598.15494171767,7121.98214667567
253.571124860733,933.707000605466,7121.98363633193
340.063998057955,32.2376431105553,7121.98782301943
354.782583542399,206.793915324965,7121.98853547255
358.008296285457,76.9930091903959,7121.98869161318
5.15309024840342,251.557746855369,7121.98903745693
13.1855766370395,920.085008182525,7121.98942626943
21.4588697167764,190.822024848103,7121.98982673818
28.8415652487559,1235.78669519731,7121.99018409755
47.7168106848518,78.1435818830722,7121.9910977538
57.3419786145976,1405.16787094924,7121.99156366005
180.061521048404,265.79424772244,7121.99751189443
193.720363224296,94.3714897894132,7121.99817305068
198.542631067185,1185.12188951314,7121.99840647255
211.910632900387,845.152059447685,7121.99905355067
225.061392232092,801.33155666573,7121.99969011318
253.919787712825,2289.73306981572,7122.0010870038
343.131904807375,49.5646995668508,7122.0054053163
352.092756007072,610.551720292563,7122.0058390663
1.28602125619931,114.683429419671,7122.0062840663
5.47463818943966,251.109188997845,7122.0064868163
15.2808953182594,1408.58680275358,7122.00696148818
28.0042710898724,61.7969286853537,7122.00757736318
30.6428156655254,1604.16302463773,7122.00770508193
55.5727688480441,1080.56585901295,7122.0089118163
173.415063807468,41.576273673849,7122.01461597255
188.832505288347,666.574739849324,7122.0153622538
202.413553302211,714.043268956743,7122.01601964443
211.397968691512,1022.82482483673,7122.01645453505
223.71461993299,140.725223141125,7122.01705072255
236.693651106366,75.5767878835023,7122.01767897255
245.041187551522,2043.29686503968,7122.01808303505
353.376781166179,199.769367714708,7122.02332701942
359.337554916301,123.213217406715,7122.02361555068
2.53647554799489,25.643993872837,7122.02377039443
8.39589087132911,1362.59026284336,7122.02405401942
27.4018692431108,1263.69037456442,7122.0249740038
35.9127410921884,841.587521893672,7122.02538597255
56.7499481359173,286.479118205563,7122.02639459755
70.7199668096072,322.747772951715,7122.0270708163
180.106911015988,43.7238925621308,7122.0323656913
187.607750333254,177.13724931312,7122.03272876943
193.217643448968,538.611100164843,7122.0330003163
199.303662540017,216.210521708504,7122.03329491005
211.010872623254,977.12893332158,7122.03386159755
228.586213583924,859.961823973521,7122.03471233193
239.748541921167,1403.45524091146,7122.03525264443
345.549120816143,27.9238750178212,7122.04038745693
352.468279523186,93.1188251507287,7122.0407223788
0.424908510365398,186.035770122217,7122.04110751942
6.28916590423255,256.146714949779,7122.0413913788
11.6734237264637,1038.57489275327,7122.0416520038
21.9951880923811,1031.60457953777,7122.0421516288
40.4837224664934,860.660709367522,7122.0430465663
59.1004073411791,2183.27489420744,7122.04394770693
179.258126827443,75.3277717979728,7122.0497639413
185.24956628523,128.950572442221,7122.05005395693
189.634121128207,968.476188134559,7122.0502661913
207.987080646414,996.021265464719,7122.0511545663
217.715543688363,1402.59814873644,7122.05162547255
233.079723595893,1023.99977386369,7122.05236917568
355.165510985208,68.1929096524314,7122.05827873818
5.27358357107987,91.2333264491139,7122.05876801943
7.91664730483843,332.836064265152,7122.05889595692
13.3357672683049,271.805605800424,7122.05915826943
18.5027826266171,315.208109613607,7122.0594083788
32.1806697964283,1310.40556183848,7122.06007045693
43.0292392007609,1249.33519085602,7122.06059558192
75.3541541908089,1257.01171693748,7122.06216026942
175.737960813662,197.879351793162,7122.06701934755
188.686003404525,920.738263410215,7122.06764609755
195.570622807603,753.776374651238,7122.06797934755
208.407623243976,1173.9076377637,7122.06860072255
227.856479335581,159.382257391982,7122.06954214443
232.031215957234,1567.00186160208,7122.06974422255
270.600320647185,1655.80449351665,7122.07161116005
351.156952720542,146.096829078957,7122.0755105038
355.699032572989,211.820894158166,7122.07573036317
5.95559188969878,1153.23861571426,7122.07622683192
16.1356521184345,1256.05470469026,7122.07673073818
29.081112386921,1179.01832741296,7122.07735736318
42.9165246037815,67.1867006474258,7122.0780270663
50.4393141497711,58.1147109601776,7122.07839120693
65.8638571862895,2637.27706339978,7122.07913783193
175.6672098384,491.325591323033,7122.08445286318
189.690812847553,194.334381919958,7122.08513167568
193.437197547618,1349.2876815846,7122.08531301943
212.213989829308,898.261687254376,7122.08622191005
220.662561788825,1228.9562700829,7122.08663086317
239.52037622946,1335.852650719,7122.08754367568
351.42643002744,31.1067942238008,7122.09296048817
353.931659382609,76.441963869911,7122.0930817538
1.73463691904088,302.555674958072,7122.09345945693
12.209729936015,989.966331133019,7122.0939665038
21.1318454733333,376.888187325619,7122.0943983788
30.7211829003472,1400.02387460925,7122.09486255068
53.383485534616,80.1612873302382,7122.09595951943
57.6192308094844,250.809734092527,7122.09616455068
183.615706701862,40.2560554335629,7122.10226341005
190.844750745514,161.490279482202,7122.10261333193
198.31718391538,101.007022190736,7122.10297503505
204.13883197541,976.513425676728,7122.10325683192
218.215373758221,862.056814820988,7122.10393820692
227.802128862858,532.436095213029,7122.1044022538
255.203740420499,2932.61726014293,7122.1057286288
342.475200536756,132.543198638757,7122.1099530038
354.325732593342,237.100478139851,7122.1105266288
1.25844877470213,1296.56774205955,7122.11086220693
9.35678577435077,22.5103408135752,7122.11125420693
17.6320156898166,1036.83672758592,7122.11165476943
32.2111527596338,1604.16302463773,7122.11236047255
50.6780597047147,465.563865237328,7122.11325436318
63.9634254180912,1970.19134340337,7122.1138974413
176.131764816404,52.5992201183545,7122.11933017568
180.37106092546,771.124997189787,7122.1195353788
186.076824760467,191.018853512581,7122.1198115663
199.176259354551,716.145254209266,7122.12044564443
211.378963169156,1573.89312693823,7122.1210363163
234.836960955807,1415.39968634419,7122.12217180068
260.218830211938,1123.66349558357,7122.12340041005
344.606097103644,29.6375597674814,7122.12748517568
350.772169841827,207.700523446874,7122.12778364443
357.544778578604,176.712450228322,7122.12811147255
4.68505338344558,1085.00808337908,7122.12845709755
16.9313348933839,133.3205768006,7122.1290498788
20.2590515498771,955.979184702471,7122.12921095693
36.6280992693074,2287.63163967471,7122.13000330068
56.1666930363769,925.947540864058,7122.1309490663
71.0915459455353,273.596978406232,7122.1316715038
179.454900108209,117.755125095265,7122.13691683193
182.438837723512,119.654522401369,7122.13706126942
187.460594310325,767.608310248136,7122.13730434755
205.869720561529,862.056814820988,7122.1381954413
213.503229537474,989.358817093944,7122.1385649413
231.621192683875,1722.71807930002,7122.1394419413
1.87019928477694,67.9168249417827,7122.14574664442
4.45580516192914,161.257410202786,7122.14587180068
7.13534499780311,196.736640867279,7122.1460015038
20.1811952188456,1058.6431731241,7122.14663298818
27.8027606813543,323.445603633843,7122.14700191005
40.1665403771959,1660.15612368398,7122.1476003788
60.9669484439607,63.4101174346036,7122.14860722255
183.355519689403,49.9893494654291,7122.1545314413
188.288184200135,254.527815490846,7122.15477020693
197.549559658117,736.427363534631,7122.1552185038
210.400117531228,1250.29731012916,7122.15584053505
221.115048877806,139.248806929615,7122.1563591913
234.072452697308,96.1955029521455,7122.15698639443
238.574182851339,1374.88986862166,7122.15720430067
359.228328195357,54.3991240942177,7122.16305761318
1.78133152911576,289.350488014151,7122.1631811913
7.84572319113313,162.880459120274,7122.16347473818
17.2275019570872,1189.17364844151,7122.16392886318
30.5993773865898,300.811792142142,7122.1645761288
39.2600271276937,1354.62430161937,7122.16499534755
58.2837593322063,52.1057398616964,7122.1659161913
66.8062519326075,292.450785810416,7122.16632872255
181.778233828753,43.6163327677264,7122.1718939413
188.410425789407,516.093612290547,7122.17221497255
199.164415635634,696.999236105,7122.17273551943
209.19889045547,1033.93327233192,7122.17322123818
229.635183325937,50.2237071375866,7122.17421045693
235.95006559465,1560.85055991184,7122.1745161288
275.462061044211,804.327215941925,7122.17642870693
343.720441270626,82.2437465353154,7122.1797327538
351.15898073591,175.966602400379,7122.1800928163
356.422835250169,70.6956160279049,7122.18034761318
3.67899424245552,82.3578913400347,7122.18069884755
6.05736425823968,1285.39012766993,7122.18081397255
22.9183549875856,1028.10171487278,7122.1816301288
30.8549705441924,553.204260178575,7122.18201430068
42.6076950457565,245.968551082498,7122.1825831913
55.1687038125229,68.6733933608075,7122.18319120693
64.2767505818696,2206.28626479424,7122.18363208193
175.852905612667,46.8610948656245,7122.18903292568
182.608406116097,930.48180271893,7122.18935992568
194.469913249466,482.683504277048,7122.18993408193
201.362602607259,181.951051447804,7122.19026772255
214.890389047774,1728.29317524048,7122.19092253505
231.528972518133,1093.83835322774,7122.19172792568
256.832724850123,1186.13618926844,7122.1929527538
346.319542415513,37.4763449439985,7122.19728436318
348.981005581386,57.5461414631384,7122.1974131913
354.00986368626,214.465459280611,7122.19765661318
6.3600858326275,432.768487712565,7122.19825442568
10.9154003972785,389.63440807116,7122.19847492568
18.8710610229617,1474.48653287086,7122.19886001943
37.207303843368,61.4156989153791,7122.19974689442
40.9995257614514,415.401046893749,7122.19993045693
60.8441313439866,1769.54706443411,7122.20089103505
179.03149650579,547.468570477605,7122.20661189443
197.668840410432,92.765045645038,7122.20751403505
201.017538896573,1457.25975730926,7122.2076761288
216.950164777279,1150.10623247258,7122.20844734755
243.01249063531,726.564031161558,7122.20970889443
264.599555650982,2020.80996380971,7122.2107538163
336.194690925258,27.6704006929585,7122.2142193788
345.732057940111,79.3366830564857,7122.21468103505
351.204439476927,230.836641468279,7122.21494592568
357.433780503746,254.084531192689,7122.21524745693
4.88910540268559,1248.37229442676,7122.21560833193
18.2642087539484,1067.69160179709,7122.2162557538
31.9382224401946,1369.63207442165,7122.21691764443
52.568516422247,49.4223412195183,7122.2179162538
56.609614986146,401.415373163516,7122.21811186318
84.8107953300483,117.515538966551,7122.2194769413
101.662102106221,24.5083710270766,7122.2202926288
181.583791996005,39.221778602716,7122.22416123817
188.053939789082,95.6077370051212,7122.22447442568
197.480910173671,695.271840100986,7122.22493073818
206.519878335088,98.1771261510112,7122.22536826943
211.570686631106,1119.37470403944,7122.2256127538
227.256695388682,626.589613528239,7122.22637203505
246.004758760858,1431.45073572271,7122.22727953505
346.898262151201,29.2587239159037,7122.23216328505
352.279292051672,55.1281971461481,7122.2324237538
356.749710936234,153.619533760363,7122.23264014443
6.97657290677592,221.70244806663,7122.23313517568
13.1500700002905,1245.47916424689,7122.2334340038
32.0724438531717,1298.42125939916,7122.2343499413
45.2141647935076,135.001163026338,7122.2349860663
63.8218113519822,2161.1317180259,7122.23588676943
174.757511079222,38.3436823958583,7122.2412587538
178.084582211489,677.755851441475,7122.24141980068
195.10051559035,1123.66349558357,7122.24224345693
213.830825054639,682.61757357746,7122.24315009755
219.058526266474,1755.90342266219,7122.24340314443
244.302883943708,1617.59972083786,7122.24462509755
347.971475127104,33.2948946191181,7122.24964317568
357.749648908215,88.3030454312816,7122.25011648817
5.80860468368017,205.883324277956,7122.25050658193
14.0593020104675,900.267527192966,7122.25090595693
22.7715993264622,1323.19033507855,7122.25132767568
37.6951610368538,419.720758149111,7122.25205005068
51.0570297134915,71.8162682100676,7122.25269683193
54.8260102416633,1760.00769513962,7122.25287926943
180.485808573332,41.3212866701151,7122.25896183193
185.321956727808,758.150764390564,7122.25919592568
202.432146902662,380.263098787026,7122.26002414443
207.171455901191,1159.47806911265,7122.26025355068
224.524389602874,1540.68968694077,7122.26109351943
251.229727524035,1446.49270339414,7122.2623861913
342.401869428068,34.7108557174902,7122.2667993788
352.709753519976,107.931316661869,7122.26729833193
359.255758639353,152.391543828401,7122.2676151913
6.40991368062398,1089.98399195315,7122.26796148817
18.4605800429392,1094.93714095521,7122.26854480068
35.2389346524597,139.248806929615,7122.26935695693
41.3210801472079,140.190137276619,7122.26965136318
45.2682447148067,2546.34091589878,7122.26984242568
178.469877661541,45.0728135370504,7122.27629005068
185.843212077618,698.291979794874,7122.27664695693
198.554967097907,821.340162548978,7122.27726226942
209.751834776693,1377.5111051828,7122.2778042538
229.906325658259,1392.27218642901,7122.27877983193
265.512151687707,1444.82914521404,7122.28050333192
347.776292508521,102.85036017299,7122.28448889443
352.461048772512,38.6183342249158,7122.28471566005
358.857921561667,894.908702697705,7122.28502530068
19.0437237878595,1408.58680275358,7122.28600239443
30.9194339949291,1070.50335262926,7122.28657723818
47.8420789768738,268.606942244176,7122.2873963788
58.7613410251734,57.5053130114078,7122.28792492568
63.5745705894297,1978.71763418789,7122.28815791005
175.175903808289,43.3191607585037,7122.29355997255
181.895896608679,101.007022190736,7122.2938852538
189.894489255155,1009.21415668864,7122.29427242568
198.147123380093,261.949156810104,7122.29467189443
213.040664944625,86.9089800126233,7122.2953928163
216.255079773628,1768.18748531815,7122.29554841005
242.381965081483,1439.82681333199,7122.29681308193
356.188003397227,143.108316863483,7122.30232186318
7.80773544042079,958.491508384895,7122.3028843163
13.5383547389551,109.915042345587,7122.30316170693
21.7173910227002,1201.2467687228,7122.30355761318
42.7321365440511,84.1632180614837,7122.30457483193
46.6079629810351,373.08015010673,7122.3047624413
65.9199530179683,2258.00311781654,7122.30569723817
174.37885521298,39.5794334806521,7122.3109471913
178.736940631549,816.199829944964,7122.31115814442
198.939528366554,647.819964338936,7122.31213605068
204.853173662313,1505.15788721606,7122.31242230068
215.806652214886,668.825939076356,7122.3129525038
241.581365689565,1494.7360016393,7122.3142001288
351.324032488152,46.1286529807037,7122.31951222255
354.663692658082,58.7577694832753,7122.3196738788
6.98034389956003,273.047029430984,7122.3202700663
13.8336519955904,187.544604846046,7122.32060180068
18.0813407463171,932.418253718481,7122.32080741005
39.8414250815049,1700.23461976143,7122.32186070692
57.0384477345973,1444.82914521404,7122.3226931288
177.516392223353,56.6411431646152,7122.32851873818
183.77704455722,757.754081703865,7122.32882178505
196.867117960244,767.99983039777,7122.32945541005
211.303901418209,58.0742849642935,7122.33015422255
213.926306197168,1859.67075072568,7122.33028116005
252.016056990024,1700.23461976143,7122.33212489443
343.544889847759,41.0074890710987,7122.33655534755
353.456378886932,27.1563535547692,7122.33703511318
0.41039966005366,970.336810901529,7122.33737172255
7.30244341846294,122.448398642838,7122.33770533193
19.3447170263717,174.895570248523,7122.33828823818
24.1798967817727,1483.43037853493,7122.33852228505
46.5636253864799,1638.28228760821,7122.33960576943
65.7009821805951,2097.88741933892,7122.34053211318
171.304097223299,78.2036727042801,7122.34564383193
183.296982854159,751.77963854145,7122.34622434755
190.908218801689,1013.96901985851,7122.34659276943
203.651930841145,511.118425361445,7122.3472096288
220.29438779507,1735.2369541257,7122.34801520693
237.920085131863,2368.21384724806,7122.3488683788
353.052497347441,37.0667559146387,7122.35444136318
354.77946250811,150.280940469649,7122.35452495693
0.941338925457949,934.350707915144,7122.35482322255
20.1529390849921,1253.17922705648,7122.35575316005
30.8756175865933,1914.4723584219,7122.3562721913
55.3549458566876,173.601646946686,7122.35745711318
64.7948281162099,1698.81952949424,7122.35791405068
172.76953441875,39.3114985008935,7122.3631405663
178.936898393279,720.330906034405,7122.36343909755
190.456820161139,682.17709259244,7122.36397736318
195.910802190683,142.450357065727,7122.36424136318
207.461455625947,1450.6432721717,7122.36480047255
225.452559432963,857.861837122442,7122.36567133193
234.892441767642,1557.76591626022,7122.36612826943
352.186949783846,64.657161569226,7122.37180591005
356.617019045149,105.999112265387,7122.37202034755
0.290451540983545,126.374979925181,7122.37219816005
8.40718801032491,912.209696668498,7122.37259105068
17.8331900334171,866.231419927033,7122.3730473163
34.8807575565964,1518.67873832146,7122.3738725038
49.0747975253101,36.7805196022086,7122.3745595663
69.3061140946717,1658.70683854763,7122.37553886317
180.344811772384,42.4151512523618,7122.3809136913
182.147634334509,912.868558522462,7122.38100095693
195.578904418769,978.973124787785,7122.38165109755
207.524016071039,308.459757736301,7122.38222930068
220.341971438335,1712.91780759475,7122.3828497538
248.390791455099,2156.67572689426,7122.38420745693
344.501731026428,110.171156919581,7122.38885970693
351.928649777967,85.1067133433858,7122.38921920693
358.268064672937,982.651182646066,7122.3895260663
7.42227138483639,78.1435818830722,7122.38996917567
12.1599664224855,1027.5166273388,7122.3901985038
25.8456007473197,830.078061841988,7122.39086095693
41.9412391946774,108.798248188435,7122.3916400663
45.3144703070758,236.30669643282,7122.39180334755
57.6708256100078,2310.64434252914,7122.39240145693
176.646138844327,47.6316035225022,7122.39816045693
186.180600737112,992.998461235572,7122.39862197255
198.188980678018,536.653999017034,7122.39920323818
205.762449362244,399.162342068493,7122.39956983193
221.757697857046,1915.72824270736,7122.40034408193
255.34378169772,1567.00186160208,7122.4019698163
342.888545931889,153.986018380792,7122.4061844413
348.99748357558,41.0074890710987,7122.40648014443
351.266102560483,76.6873647917166,7122.40658995693
0.912252282298471,1259.87831278707,7122.4070568788
14.7392718199097,887.487583423052,7122.40772617568
21.8298358480106,278.227607619641,7122.40806939443
35.9583479678248,188.344354001835,7122.40875328505
42.3619994753489,283.843559767405,7122.4090632538
51.7660513072964,3445.43615860005,7122.40951845693
177.041075337554,66.8362240552334,7122.41558239443
182.987968776089,942.041000762117,7122.4158702538
193.669652055048,680.853706747087,7122.41638730068
208.760745490196,1704.47289615794,7122.41711778505
215.876164944246,29.2185615979879,7122.41746220693
234.56160562717,1970.19134340337,7122.41836667568
266.432344945763,731.923133212575,7122.4199093788
344.785563083424,24.4243774510933,7122.4237020663
347.505129780444,98.6544179681914,7122.42383370693
355.650917958991,212.706074975699,7122.4242280038
5.13760587318522,1229.9343765676,7122.42468720693
17.6311499929018,21.2766783358465,7122.42529195693
18.4155472688092,880.686801263408,7122.42532992568
41.1207819238708,1598.15494171767,7122.42642897255
63.343757447033,278.767342543063,7122.42750467568
87.297894564435,2167.79838524417,7122.42866417568
167.196665901578,50.4569858117421,7122.43253167568
173.182940564297,408.835881815506,7122.4328214413
179.57949055376,968.476188134559,7122.4331310663
191.725382073564,754.175111250532,7122.43371898818
207.570529914226,70.6956160279049,7122.43448597255
212.116483362974,1849.29593860517,7122.43470601943
228.89742033245,1825.73711704492,7122.43551830068
269.547921576509,945.226785731279,7122.43748598818
333.008566548713,27.0697318727198,7122.44055780068
351.002575552954,265.086397277514,7122.44142880068
354.668260931344,107.057362974672,7122.44160623818
1.19167026019268,933.062849206578,7122.4419220038
19.2234465277379,943.316647017411,7122.44279483193
32.3667815041111,1424.7145685431,7122.44343103505
56.7967217595779,70.0280250454099,7122.4446135663
70.0966133463466,2703.91731227448,7122.44525734755
170.507771404307,107.145084471405,7122.45006747255
174.540800013492,815.462863901217,7122.4502626913
193.116166828265,1019.88140155385,7122.45116183192
206.462541307592,1934.4674750954,7122.45180786318
224.995621663377,1236.75925056688,7122.45270495693
252.332350971502,135.902802900212,7122.4540281913
257.790529434618,1774.9751668461,7122.45429239443
345.562970877002,93.3707000605466,7122.45854101943
350.439791454429,51.7892603801862,7122.45877708193
357.322151297243,236.147629228967,7122.45911022255
3.59151914762979,1075.54642969632,7122.4594136913
14.2431822807293,252.601245476214,7122.45992928505
21.3063085605047,1291.92223585761,7122.46027117568
39.5159461429422,216.384243856282,7122.46115261318
44.8908428492705,141.921779883702,7122.46141278505
58.1335993791245,1977.50171793132,7122.46205380068
175.377105419821,97.93761635013,7122.46772897255
182.977689127838,129.386959479838,7122.4680968788
193.199386340891,1109.66424937686,7122.46859166005
201.274159113358,220.683124552146,7122.46898251943
211.717618023593,1349.2876815846,7122.46948803505
231.954422225292,902.268815217155,7122.47046759755
356.434396702551,100.166444583216,7122.47649305068
7.8875653073265,56.1413554533985,7122.4770474413
10.3333999701603,840.872815821569,7122.47716583193
18.9052805100319,202.941996541028,7122.4775807538
30.3019596572764,1256.05470469026,7122.47813241005
48.6468492207696,220.683124552146,7122.47902039442
68.0492225701297,2161.1317180259,7122.4799595663
173.251746239263,29.835012932411,7122.48505189443
179.174429888811,840.157443615652,7122.48533858193
190.279945931253,546.919176613869,7122.48587614443
204.574053015252,563.967983424618,7122.48656805068
210.420233739118,1746.28955740275,7122.48685103505
239.687513905607,2927.6925328503,7122.48823714443
351.894737561255,40.1099327362875,7122.49366853505
358.493681416711,1019.29165108317,7122.49398795693
13.3465505207136,891.543117109705,7122.49470691005
22.9329827880805,777.337527679833,7122.4951709413
38.0699134788259,291.420998443925,7122.49590364443
49.1705875634698,3255.94751160452,7122.49644097255
174.16800596324,43.7238925621308,7122.50249147255
180.443829769883,636.112829077717,7122.5027952538
195.876119923846,1106.9517524831,7122.5035422538
214.485057643509,2270.74847813924,7122.50444301942
241.402150584143,890.868490088792,7122.5057459413
257.588495106041,1746.28955740275,7122.5065294413
335.302897538986,25.4370899344103,7122.51029120693
348.394907702581,165.512339944662,7122.51092492567
355.024194503588,244.589709597065,7122.5112458163
358.532677634621,175.21756268124,7122.51141564443
4.50216690126265,1109.66424937686,7122.51170459755
17.8004445271512,1245.47916424689,7122.51234830068
30.4686220024215,135.487399077761,7122.5129615038
39.4110737324258,259.354121512345,7122.51339436318
43.8117684096746,97.5531599944901,7122.5136073788
55.15550882084,2296.02648005311,7122.51415647255
176.710940337553,153.374729583433,7122.52004036318
183.235963664859,122.831397830758,7122.52035620693
190.814274269305,308.459757736301,7122.52072303505
203.532485321007,1532.86505710781,7122.52133866005
216.699061687292,935.636901289172,7122.52197598818
236.100466599998,979.587189142705,7122.52291511318
356.497092233113,109.572628748111,7122.5287188163
8.45802095754204,873.144778701374,7122.52929778505
15.637354224454,83.8276809078664,7122.52964530068
24.050741318201,1072.1870058461,7122.53005255068
45.6307047782329,862.753923858151,7122.5310971288
65.0640666725274,2258.00311781654,7122.53203780068
176.50658368315,113.116301048155,7122.53743217568
179.267791164617,770.344843470383,7122.53756583192
193.941507830117,862.056814820988,7122.53827611318
204.514085640001,710.244030255325,7122.5387878788
220.729481871104,2017.23637793805,7122.53957278505
246.610718492482,2444.17552863752,7122.5408255663
344.118724532454,62.4020557449256,7122.5455454413
351.517237099014,77.6007036407123,7122.5459035663
354.99634572115,62.5148682820154,7122.54607197255
2.45715817727019,882.732498208583,7122.54643311318
15.8241915738185,1202.24752375719,7122.54708014442
24.9816263577925,267.766253614354,7122.54752341005
38.0649210048685,128.585794789693,7122.54815670693
42.4507670090335,2581.98218361372,7122.5483690038
78.4965657489716,1855.78707956324,7122.55011380068
172.15521470121,78.083449428501,7122.55464734755
174.594916245059,105.910447079083,7122.5547654413
179.056296775831,1034.51458510762,7122.55498139443
199.90577009511,1282.58059728381,7122.55599061317
209.260756712122,1496.34404866816,7122.5564434413
238.046845625586,2260.13230353317,7122.55783683192
355.766154879504,141.524042485131,7122.56353503505
3.3434971224532,107.844240482269,7122.5639018163
7.23288103375401,1086.11575289075,7122.56409008193
21.1735251233896,536.934052774996,7122.5647648788
28.7934766625965,1118.2998971293,7122.56513372255
50.6090820938187,2525.47671664161,7122.56618970693
179.664610944147,133.742711350138,7122.5724011913
189.473450508079,203.311992241773,7122.57287598818
193.565551047485,1113.99045543692,7122.5730740663
215.683294660294,891.543117109705,7122.57414467567
226.072846435374,1544.58734691332,7122.57464758193
261.549876440022,2832.49823596066,7122.57636484755
338.8113943627,29.3588937883005,7122.5801046913
342.876379915894,118.391643710858,7122.58030145693
354.859904393273,161.490279482202,7122.58088151943
359.397465125193,1226.99783666746,7122.58110116005
14.5876573517095,1290.05928162229,7122.5818364413
28.9337348102916,51.1044852269382,7122.58253086318
32.7533944767005,1321.37156771961,7122.5827157538
57.9919417970616,3089.17469382664,7122.58393742568
174.130835710263,139.921838004931,7122.5895591288
181.355360633388,163.685939802427,7122.58990883193
184.478746700896,977.12893332158,7122.59006001943
202.813306711833,934.350707915144,7122.5909475038
215.887240318163,1463.84626642515,7122.59158034755
237.110835661762,2825.69745380101,7122.59260767568
348.079809132161,118.391643710858,7122.5979791288
354.149042676819,37.1616765137972,7122.59827291005
357.709496182434,130.831054323544,7122.5984452538
5.33880879996568,1271.28019222766,7122.59881455068
25.9626468633405,775.401520769492,7122.59981284755
35.7291999682849,1525.78838452655,7122.60028559755
64.7567412098122,72.2076357040358,7122.60169067568
72.8470082923247,3166.06962869059,7122.60208228505
168.873374983256,107.844240482269,7122.6067304413
175.363536169328,985.095671701686,7122.60704459755
188.332560627418,87.9833012001896,7122.60767236318
190.733526471308,994.208604332414,7122.60778858193
207.666178130961,2154.44440065937,7122.60860820693
232.772055830222,1700.23461976143,7122.60982345693
253.341768793493,858.562387850981,7122.6107935663
349.418491860549,22.5494310723828,7122.61544416005
352.19713048779,96.4880328413464,7122.61557866005
0.892965132242693,438.975855665547,7122.61599958193
10.4768150020758,1078.33786344713,7122.61646348818
19.3159716574556,970.956204326967,7122.61689134755
40.8494523376643,278.767342543063,7122.61793367568
44.6106857483917,68.4335713097006,7122.61811573818
54.6425781331155,2659.07318386382,7122.61860133193
175.377781908767,57.5869386898464,7122.62444551943
181.444110331357,815.462863901217,7122.62473916005
190.200630866911,490.713358836103,7122.62516301943
203.230986815486,1543.80852546154,7122.6257937538
221.593953048981,1527.36379099849,7122.62668261318
245.789219694754,864.14658762024,7122.62785378505
354.507005250867,136.867142619401,7122.63311626943
2.30417239284758,176.180015021288,7122.6334936913
13.402586917228,1105.32116792683,7122.63403091005
24.0022796757449,200.145219841907,7122.63454398818
30.1186417123449,1198.2399517052,7122.63484005068
42.0643989264197,29.0775563349666,7122.63541828505
64.9859076839036,1795.18422349645,7122.63652780068
177.248975235278,40.051333777269,7122.64196189443
184.794360571796,961.622892425851,7122.6423271288
197.017723453936,798.324684136986,7122.64291880068
213.358365025965,211.998224530774,7122.64370976943
222.449626324078,1921.99478554755,7122.64414983193
248.53487073475,2442.20688117025,7122.64541248817
342.597984694439,40.7489458842392,7122.64996561318
355.052147552393,218.113971328648,7122.65056845693
357.782043764391,166.305094695396,7122.65070059755
2.85964424693031,232.297139857174,7122.6509463788
10.7867060506238,241.186015603745,7122.65131355068
14.8094051824086,1536.7823680279,7122.65150826943
26.0666359150264,1469.58523128404,7122.65205317568
44.715600495835,58.0338277433867,7122.6529558788
60.2960545809441,3132.46850680571,7122.65371005068
178.542814472661,65.7021242966849,7122.65943378505
183.878007155114,1248.37229442676,7122.65969203505
199.563693112998,945.226785731279,7122.66045130068
212.842925744967,1866.12569841316,7122.66109408193
240.713561684725,1704.47289615794,7122.66244316005
348.559149125196,106.705783098349,7122.66766342568
356.246887998408,77.5401479136129,7122.66803555067
3.81616036179974,96.5367091820823,7122.6684019413
8.31111183504028,1234.81325164931,7122.66861951943
23.746952785612,297.040503305368,7122.6693666913
35.145568731007,1526.57619878482,7122.6699184413
62.1343226019487,2093.2968691767,7122.67122483193
173.40672549028,56.6825891779033,7122.67661097255
179.28357192181,900.935104297673,7122.6768954413
194.539937559031,768.782315585526,7122.67763392568
210.82731759529,1740.77197101496,7122.6784223163
232.933763369202,1387.94697956968,7122.6794923788
246.918307916284,1467.94787436733,7122.68016930068
348.90577115703,94.2718889063165,7122.6851060038
351.401962158409,73.5610392044173,7122.68522683193
0.755011977270605,294.499480357757,7122.6856795663
7.7187166659866,1083.89919262208,7122.68601664442
14.9187090004333,984.485049038142,7122.68636516005
35.1461520486513,81.9576836952329,7122.68734426943
38.2546894054968,340.426853373543,7122.68749473817
47.6387278444498,2886.327177265,7122.68794897255
179.168885804106,49.1841602168197,7122.69429066005
182.696414004215,763.288099392412,7122.69446141005
200.746266904183,637.529029567929,7122.69533511318
207.654127697172,1332.24709042423,7122.69566948818
223.879207881449,1953.02685135346,7122.69645486318
261.676827132847,142.845499317978,7122.69828445692
346.525048451956,23.0643264903518,7122.70239153505
4.04906471258352,114.273111806451,7122.70323978505
8.64763406014045,181.951051447804,7122.7034623788
16.1413718969244,986.315584761144,7122.70382511318
29.7559907780999,857.861837122442,7122.7044841288
57.1637355298835,2567.0356951224,7122.70581080068
177.704938118792,45.2548241935968,7122.71164559755
183.227998793845,1037.41648604938,7122.7119129413
193.507799500467,505.797181915568,7122.71241053505
206.674375866751,1610.14868105269,7122.71304786318
222.962724302085,1453.95528949877,7122.71383630068
245.277374298863,1324.0987195573,7122.7149164413
346.889424278942,92.5622842262719,7122.71983497255
350.695849308305,20.2733559107049,7122.72001922255
352.758846430299,68.6733933608075,7122.72011908193
3.87469195013955,308.215980515669,7122.72065714443
8.7760451538235,165.852567790559,7122.72089439443
16.8088543045726,1366.11566503575,7122.72128322255
31.0839163946532,48.1221590353798,7122.72197420693
41.9512080307916,1426.40155242901,7122.72250023817
67.1503741269689,1903.13298453759,7122.7237200038
174.561476451708,146.096829078957,7122.72891923818
177.466974343178,154.229878868151,7122.7290598788
187.536634066362,1040.88804242508,7122.72954730068
203.023476954863,1259.87831278707,7122.7302969413
213.854292526465,901.60223731317,7122.73082120693
230.836977800128,1896.80382511881,7122.7316432538
352.930887669568,29.1380704287025,7122.73756114443
2.12479848049989,205.70072034598,7122.73800617568
8.68210147635097,155.564172654721,7122.73832358193
18.4932006005467,585.415271814327,7122.73879848818
28.4305134271654,1493.93120096875,7122.7392795038
48.0643324268804,54.6575562587748,7122.7402298788
51.8788272982217,1352.84783375766,7122.74041451943
184.400972079711,518.418363792961,7122.7468292538
197.285746457095,951.566492268796,7122.7474529413
212.190585935681,508.464770287986,7122.74817441005
219.044539593516,1493.93120096875,7122.74850617568
243.007715027129,2251.603570258,7122.74966611318
347.682788020885,33.4181120276167,7122.75473291005
354.957992119826,258.628646276904,7122.7550850663
1.27868470783321,165.057648104927,7122.75539101943
10.1853060102629,1399.16456198819,7122.75582214443
21.398959085126,206.975561689582,7122.7563649413
30.1829174065844,1325.00665994684,7122.7567901288
42.273933429737,657.949972282523,7122.75737539443
65.4075199688081,376.089687170733,7122.75849517568
176.482048111674,29.4985563753514,7122.76387173818
190.182853871705,109.915042345587,7122.76453492567
193.843374530185,576.09772508016,7122.76471211318
202.717716088913,763.288099392412,7122.76514167568
218.416636759001,931.773214141174,7122.76590158193
235.677573262534,1492.32060042692,7122.76673709755
254.013101710124,833.691837787143,7122.7676246288
346.753392566588,92.6130144796034,7122.77211372255
349.839656895019,30.3230253406728,7122.77226311317
358.392815240663,218.80203204816,7122.7726771288
5.43495965321156,1020.47081895762,7122.7730180038
16.6134278623048,646.891207267686,7122.77355909755
23.7495063087322,1195.22547414874,7122.77390451942
42.9039222633138,213.411566196697,7122.77477636317
52.0155198292696,2329.30386090402,7122.77521741005
173.657460986951,40.4887477711835,7122.78110548817
184.404349315118,151.526027836191,7122.7816256913
188.355387441439,153.252174839302,7122.7818169413
192.702820620495,1050.08945983087,7122.7820273788
209.865949531428,834.412650085881,7122.78285816005
226.183672475659,1306.72983544855,7122.78364801943
246.825909971148,123.897531123518,7122.78464720693
262.583902533879,2837.58794239475,7122.78540997255
334.425332131594,31.2574341410077,7122.78888745693
342.555948837366,175.002984326156,7122.78928101943
353.546549053859,275.103662072951,7122.78981301943
357.573121744365,1025.75969940233,7122.79000792568
10.3452398560652,1245.47916424689,7122.79062616005
28.0990877685892,70.562597431767,7122.79148553505
34.1928539395039,1520.26158328766,7122.7917805038
57.9297485178298,3178.20036954686,7122.79292948818
167.62496409994,53.4408593766411,7122.79823928505
179.028421965554,184.616391618597,7122.79879126943
183.076944884784,790.757459512292,7122.79898723818
194.935546820928,980.813985584916,7122.7995612538
210.571844839341,1285.39012766993,7122.8003181288
224.678083968319,2396.47990341041,7122.8010009413
349.137076578351,25.7125900432476,7122.8070253788
357.559179226196,84.8856540613951,7122.80743305068
9.53592502278417,248.552151083103,7122.80801278505
13.24163726232,746.160300213461,7122.80819216005
28.3759855555316,1274.11459160953,7122.80892473818
49.932062063847,1411.99740788522,7122.80996816005
84.1414672616131,2553.88554748492,7122.8116240663
169.458025341249,166.305094695396,7122.81571403505
174.299661015327,225.233776074418,7122.81594839443
187.131173856941,1300.27222322582,7122.8165695038
199.933634914192,1380.99853774776,7122.81718920692
210.469413897425,847.992898123096,7122.8176991913
227.833968237696,149.151455075547,7122.81853972255
237.976580127532,2935.89574873465,7122.81903067568
350.793244979,120.280993498589,7122.8244915663
357.730803118157,92.1554083044285,7122.8248273788
3.69932394814544,110.511717832384,7122.82511628505
11.783135074402,1377.5111051828,7122.82550758193
27.0507986256761,319.941212412189,7122.82624661317
33.0735494656676,237.575487060937,7122.82653814443
46.7982422525724,1812.51658126769,7122.82720248818
61.9161278742416,205.70072034598,7122.82793426943
88.6008068406035,2857.85684006612,7122.8292259413
165.081800970939,47.5575863412292,7122.8329280038
169.860491268809,849.409764747122,7122.8331593163
186.27924976498,1091.63744710372,7122.8339540663
193.790741359338,634.693464451885,7122.83431766005
207.565790559945,2463.77629409267,7122.8349844413
230.34204054593,152.637930073141,7122.83608692568
243.645482966886,2006.47787274022,7122.8367308788
349.789283359592,98.1771261510112,7122.84186876943
357.472180275008,111.527155566282,7122.84224066005
4.18894515363705,71.2910980249504,7122.84256578505
8.80236321185622,1235.78669519731,7122.84278909755
22.7307410635202,1222.08776431876,7122.84346330068
37.821188936864,266.076854993358,7122.8441937538
57.8249334897499,2141.00670525852,7122.84516203505
175.973885826445,38.8306053977772,7122.85088103505
183.768147846356,864.14658762024,7122.8512583163
197.630997849121,773.071773263467,7122.85192934755
219.306186541798,1809.86081677048,7122.85297853505
236.799214182334,1329.53659193191,7122.85382528505
347.854844479464,29.0169138716934,7122.85916766005
356.265326375986,63.9999858664808,7122.85957476943
4.07120910964285,189.339321998716,7122.85995261318
9.46418252355072,780.425279955921,7122.86021366005
22.1991789337517,1209.22860613604,7122.86083009755
35.0939600264225,90.5615304969132,7122.86145426942
40.728062931123,1579.99358041394,7122.86172698817
79.9317870049551,87.124904513125,7122.86362464443
175.422955903065,44.7853074070359,7122.86824689443
190.971130282051,734.792615642021,7122.8689995038
200.706049242678,181.64100779039,7122.86947072255
205.01345552301,838.007774284222,7122.86967922255
222.59428404086,1543.02937094286,7122.87053022255
252.011441541597,1496.34404866816,7122.87195416005
345.539357670885,35.3810106212826,7122.8764813788
348.664357699273,104.301581260735,7122.87663264443
3.48882065587556,252.601245476214,7122.87735022255
7.17193710488335,398.408500634773,7122.8775285038
18.5928260411147,1779.03525244716,7122.87808133193
38.69599218506,70.1620497811639,7122.87905442568
43.0372921699737,1523.42216619417,7122.8792645663
80.5569830663512,2225.82086095713,7122.88108070693
173.576493514182,66.5897892382361,7122.8855833163
175.926134582873,878.636274848077,7122.88569705068
194.227123726499,846.573644519566,7122.88658291005
202.474593093947,1346.61148898374,7122.8869821288
213.392563905902,2001.67749042635,7122.88751061318
245.596107113745,95.6077370051212,7122.88906942568
256.880130032884,1988.41720866483,7122.8896156288
343.560871222707,33.8891796569651,7122.89381141005
350.938402034775,261.087013120331,7122.89416851943
359.280128123059,129.749488930742,7122.89457230068
7.78486681557228,218.630225035099,7122.89498397255
12.6097170935737,1648.52620443412,7122.89521751943
34.525712477352,1663.05091919838,7122.89627836318
51.8541135527779,1760.00769513962,7122.89711714442
180.536645142181,57.7498431020285,7122.90330036318
182.973764288496,137.824751611504,7122.90341833193
186.819893266577,728.62987865463,7122.9036045038
202.845484744508,778.110686994182,7122.90438022255
211.476760014293,1356.39866005732,7122.90479801943
229.123761980426,2302.30279285593,7122.90565222255
359.159076838861,112.115254580214,7122.91194658193
4.13693300580557,104.571448722446,7122.91218753505
7.68963935639792,1097.13138574108,7122.9123595038
24.1497158749028,110.511717832384,7122.9131562538
30.3800253383758,1211.21590535012,7122.91345783193
42.7105568162837,2049.17371959823,7122.9140546913
73.8763069442991,130.902844119873,7122.91556326943
178.657580247484,53.4408593766411,7122.92063520693
185.834653954132,545.543277219451,7122.92098261318
195.869774298194,811.026967806328,7122.92146836317
202.727278752639,727.804205791216,7122.92180030068
222.111575431998,86.4755142493401,7122.92273859755
228.129807038727,2436.29116880584,7122.92302991005
350.126179627426,20.6890424930828,7122.92893514443
353.878051884672,111.442889638713,7122.9291167538
0.282994590962797,85.1067133433858,7122.92942678505
9.49498203431771,139.518410713357,7122.9298726913
13.7849572816108,1341.24289452586,7122.93008034755
32.2147425251929,56.2249621860467,7122.9309724413
39.30143303215,410.303901965392,7122.93131547255
48.9291833218511,1641.21560786157,7122.9317815038
186.732054021569,162.186847285639,7122.93841634755
192.051429669441,878.636274848077,7122.93867383193
206.567944050006,147.759263158243,7122.9393765038
212.442208046424,1271.28019222766,7122.93966084755
229.32450340511,43.4544900063116,7122.94047803505
239.653369326666,1657.25633216596,7122.9409780038
354.979137054447,130.471522474807,7122.94656034755
359.438258024955,55.5948516389737,7122.9467761913
6.25412158221674,192.878671367858,7122.94710611318
13.083542688952,1257.96795202859,7122.9474366913
23.6771022909047,162.070967757444,7122.94794947255
32.2434952735955,30.4196876022012,7122.9483641288
35.6867733929989,1967.74840865999,7122.94853080068
74.0767255692907,1925.74511892474,7122.9503890663
176.063220410961,32.743644601263,7122.95532572255
178.073278796876,879.3203387647,7122.95542301943
192.81478287154,994.208604332414,7122.95613658193
203.81022504583,138.708031172108,7122.9566688163
219.286738419353,2056.20342974555,7122.95741795693
234.930783555211,1732.46283985407,7122.95817520693
349.227796481795,71.4884887398348,7122.9637077538
355.701172234211,90.8722055936728,7122.96402109755
2.68650435195861,52.9552235395414,7122.96435922255
6.94581385400884,952.829259937005,7122.96456539443
18.1704420432336,1116.14728570686,7122.96510872255
34.8574450539879,918.122522453046,7122.96591645693
50.9776161276026,259.064186769464,7122.9666967538
56.7886119105418,3349.16006039521,7122.96697803505
171.076586520915,82.471890427982,7122.97251014443
175.710018009707,439.318137424038,7122.97273442568
181.313132407052,1101.50688570343,7122.97300564443
197.859718604104,785.417009208089,7122.97380658193
210.757404894,1521.0523951481,7122.97443089443
227.64712453286,2633.62709418402,7122.9752484413
352.779556318117,84.4418077128317,7122.98125183192
0.409514572610243,138.978689667724,7122.98162116005
10.7193353875122,326.452309629133,7122.98212020693
15.5293369924299,1090.53543972948,7122.98235303505
29.9125361149322,1744.91177062919,7122.9830492538
49.8039472769823,1162.58513926937,7122.98401209755
178.73239041008,43.6432487371796,7122.9902528788
183.659567401209,213.939158055787,7122.9904913788
190.286594604373,213.763437506564,7122.99081216005
199.541836868213,988.750858965659,7122.99126016005
208.348391017778,418.285794889783,7122.9916864413
218.329604264264,1192.20344707571,7122.99216958192
235.8390946515,1198.2399517052,7122.9930171288
355.310870016262,88.0366751720985,7122.99880016005
1.23904122299194,216.384243856282,7122.99908711318
8.42838124276877,77.3582031765585,7122.99943511318
10.7770539123853,898.930818671317,7122.99954880068
21.8054213546034,1237.73125082494,7123.0000826288
44.8111802303714,87.4477851242617,7123.00119622255
47.758641781137,853.646264786789,7123.00133889443
69.7524312893649,2103.61150720928,7123.0024035038
170.716304486404,90.5096483871937,7123.00729066005
179.433120998083,1033.35151546702,7123.00771259755
192.194909632383,183.083437299558,7123.00833033193
195.948718650201,756.563034443047,7123.00851203505
217.226221128955,2243.0421964259,7123.00954197255
240.330755921241,909.569419782486,7123.01066034755
262.960456012117,1977.50171793132,7123.01175573818
339.403360117036,47.9020330346192,7123.01545595693
343.994505184419,137.278369227722,7123.0156781913
357.766649150222,1148.01324002656,7123.01634483193
7.91410296027763,41.1504233466253,7123.01683601942
10.7731181095025,1503.5592770829,7123.01697441005
32.8821462433703,1095.48625726319,7123.01804459755
49.078820205089,1769.54706443411,7123.01882859755
98.6634278159873,257.6095725626,7123.02117341005
180.55159847151,88.1433120936137,7123.02513720693
186.815478764716,555.373691479844,7123.02544041005
196.699852930412,1102.05256032003,7123.02591886318
211.219595270316,886.809792266519,7123.0266216913
230.063206599672,1668.82530017176,7123.0275338163
251.458852863713,778.110686994182,7123.02856947255
347.572697594689,87.7694930623285,7123.03322186318
353.010217027848,26.1428621806115,7123.0334850663
359.783471364008,250.809734092527,7123.03381292568
6.22682693298619,924.647969302583,7123.0341248163
14.2312299363347,162.880459120274,7123.03451226943
20.3169261901133,1137.49043517686,7123.03480684755
34.4932123260962,58.5575754552536,7123.03549305068
46.4399379016677,1655.80449351665,7123.03607133192
68.868535325318,1151.15139642796,7123.03715698818
178.477564028572,114.355289126955,7123.04246261318
182.006383427448,174.357597804153,7123.04263342568
195.8524479214,969.71697338688,7123.04330364442
206.056391301722,1368.75377698686,7123.0437975663
219.052207946333,1008.0219992048,7123.0444266288
236.436775754755,114.437410936308,7123.0452681288
252.36197728013,1761.37360252682,7123.04603898818
348.360906185157,30.477540630125,7123.0506858163
351.432321915661,150.780207763823,7123.05083448818
1.99876656898011,218.630225035099,7123.05134595693
8.9631168570795,1283.5178475612,7123.0516830663
18.8875178463433,205.517963758339,7123.05216345693
26.4910066764293,1213.19987389512,7123.0525315038
40.5678712213526,59.0369073072416,7123.05321289443
43.7984259222071,60.2575350727719,7123.05336926942
59.9127866765279,2120.69117822011,7123.05414928505
177.133051364891,216.73129957378,7123.05982333193
189.485533071522,54.9575211727937,7123.0604212538
191.935886930041,1092.18811772394,7123.06053986318
201.581391014894,809.542932689311,7123.0610067538
219.481209690193,672.4121814905,7123.06184942568
237.884202784833,2179.96798390629,7123.06274022255
354.838482556455,103.487780844791,7123.06840139443
359.126521005597,74.512715442232,7123.06860895693
10.4399184712118,242.42924334672,7123.06915658193
17.9317194346883,1246.44428112219,7123.06951922255
39.1001164443663,1245.47916424689,7123.0705438788
54.0969531586803,64.0366787374447,7123.07126980068
78.7867451367458,2121.82471592826,7123.07246491005
171.909550734358,235.031077933101,7123.07697251943
184.003794679271,941.402511500655,7123.0775579413
197.804022030362,140.591649433475,7123.0782259413
201.234065437561,1528.9375321359,7123.07839197255
217.873940069109,1292.85260275225,7123.07919742568
236.93447113785,113.28228632923,7123.08012005068
250.73276169079,1943.150529371,7123.08078795693
349.958048938258,111.020602433509,7123.08559095693
1.43090824907221,78.7423945491916,7123.08614630068
3.34380464176961,1091.63744710372,7123.08623889443
10.8207569697409,297.798591342158,7123.0866008163
23.8185103749231,224.062851605922,7123.08722997255
27.5810349092604,1652.89693043746,7123.08741209755
47.820744270607,570.328784199603,7123.08839180067
63.3944196373468,988.142678792769,7123.08914564443
174.383083738627,132.614044745516,7123.09451805068
192.19826306648,880.00384756981,7123.09538039443
199.441510183832,723.246351697071,7123.0957310038
212.382128494522,931.773214141174,7123.09635739443
234.664175910327,1414.55003266344,7123.09743595692
349.089165602482,30.089767483199,7123.10295736318
3.87327893582543,157.961296820552,7123.10367298818
10.8592566529562,898.261687254376,7123.10401114443
24.9554889914905,1140.65756839921,7123.10469347255
38.5336318457078,581.8095449861,7123.10535072255
45.1948755907239,72.2076357040358,7123.10567316005
60.9661028280802,2624.47930055032,7123.1064365663
171.195225041824,119.261309161622,7123.11177220693
183.165514882155,922.69519802457,7123.1123516288
194.696154849267,543.887657133979,7123.11290976943
204.600219570688,784.651121854552,7123.11338917568
219.813975986808,1784.43448906052,7123.11412559755
249.940964635919,1081.67808043902,7123.11558389443
354.705452430291,132.684876974487,7123.12065501943
0.290167357942845,46.9362153310282,7123.12092534755
5.2531748518042,208.422959446786,7123.12116558193
11.3918098416619,986.315584761144,7123.12146272255
25.9092926213019,281.45044628225,7123.1221654413
33.0230980393144,1378.38385150246,7123.12250978505
55.4219981167971,90.5096483871937,7123.1235940038
60.4331024265186,1943.150529371,7123.1238365663
176.254041048396,41.2644120262318,7123.1294428788
178.322525727571,193.947261029059,7123.1295430038
192.77609465677,1030.4382902504,7123.1302426288
205.098233493007,221.023435664769,7123.13083908193
209.220999777656,1488.28616097774,7123.13103864443
236.110977694501,2347.81527552741,7123.1323402538
352.943240122113,24.2797101868142,7123.13799551943
356.117628089971,65.8449544888029,7123.13814917567
0.124187349905363,277.416062344216,7123.13834311317
14.0545020372983,343.941042313389,7123.13901741005
18.4729505096993,1349.2876815846,7123.13923128505
33.895879547759,1246.44428112219,7123.13997783192
52.5322550533259,54.6145698110401,7123.14087992568
61.5989838003385,1584.55337739838,7123.14131880068
175.263597901474,31.5751556845267,7123.14679417568
182.453583445477,786.946563469115,7123.14714220692
193.870921622678,779.26881614232,7123.14769486318
201.658404886643,135.418051772085,7123.1480718163
217.786323077702,1674.5800301976,7123.14885248818
237.400128646844,1485.05074903937,7123.14980189443
359.279971373558,251.856341337842,7123.15570148818
5.75237868932001,204.234046341512,7123.15601478505
16.0408949124607,1188.16201322147,7123.15651280068
28.1406264145543,1257.01171693748,7123.15709848817
41.2232755749825,895.580332116452,7123.1577317538
55.011882212328,78.7423945491916,7123.1583991913
83.8518782233682,2994.29481209756,7123.1597951913
167.313685388503,56.7240074356157,7123.16383516005
174.292561625151,812.508227365782,7123.16417297255
185.316409909264,590.528181909633,7123.16470658193
199.445244866349,1809.86081677048,7123.16539048818
216.432126460847,1270.33383812147,7123.16621273818
227.702591905669,728.217208756377,7123.16675828505
1.49655773971814,106.087708062752,7123.17323458193
6.66809221855747,55.1281971461481,7123.17348491005
13.7964235475405,305.029557168268,7123.17382995693
18.2561901174327,173.168174244509,7123.17404583193
24.3376900127974,945.226785731279,7123.17434020693
44.4353685995621,65.8449544888029,7123.17531303505
48.6146243793209,1567.7690257121,7123.17551533193
182.735906620597,57.8717213040036,7123.18200747255
194.108053179163,997.830595927951,7123.1825579413
209.008373499643,955.350021314416,7123.1832791913
225.542693383567,250.659853984203,7123.18407953505
235.175285668644,1854.49067213739,7123.18454580068
355.784914567724,101.748359737641,7123.19036641005
1.54845920934326,69.8265056886527,7123.19064539443
10.1606893724736,275.922035219978,7123.19106226942
17.8868411835307,1204.24614724612,7123.1914362538
29.1027538938145,376.68870800367,7123.19197916005
39.5713909169541,1504.35874868293,7123.19248589442
70.1173703717507,102.392642975513,7123.19396447255
83.3588357404164,1928.2411223287,7123.19460542568
173.99029221929,59.2354845729837,7123.1989924413
181.375247349111,1035.0956758387,7123.19934991005
193.808105615304,983.874204329993,7123.19995172255
203.673434674346,286.479118205563,7123.2004292538
219.829113451001,1919.49056649321,7123.20121126943
242.743197890732,2519.75662557413,7123.20232042568
349.319869363132,67.6396161303217,7123.20747926943
357.259067354852,150.405896071071,7123.2078635663
1.60553205967572,233.748492783903,7123.20807395692
10.5299072324146,1244.51338123777,7123.2085059413
26.5958483336049,1489.09384822815,7123.20928361318
41.8728730007819,866.231419927033,7123.21002309755
50.4360380617123,73.8796315791213,7123.21043759755
82.0088354443974,119.575988000165,7123.2119658788
184.545699589244,257.317667173851,7123.21692917568
195.073408542605,86.6925212172909,7123.21743876942
200.638110039684,898.261687254376,7123.2177081288
214.611033948178,934.993971135611,7123.21838448818
224.670041319114,690.063783892469,7123.21887139443
271.53342091845,1578.47068749106,7123.2211398163
340.551988669364,54.3991240942177,7123.22448066005
354.594313947901,803.579314201386,7123.2251603788
1.18647904740872,77.6007036407123,7123.22547947255
8.52292023013836,176.499675985653,7123.22582733193
17.7629910587807,377.087555625266,7123.22627459755
24.8590426440624,1649.98437135466,7123.22661808193
45.7043196049273,2490.95832849378,7123.22762709755
183.283083001729,91.4903916515719,7123.23428659755
193.903111990511,1025.17350164533,7123.23480066005
205.845964082517,182.260595504857,7123.2353787538
209.377688603461,1170.83054362865,7123.23554970693
227.934978748233,1325.00665994684,7123.23644797255
253.474373126571,2426.39974779024,7123.23768420693
344.393119226683,66.0941648633617,7123.2420851288
352.560211996991,179.350881368556,7123.24248045693
358.346997990943,89.5706148140718,7123.2427605663
3.04402056806305,1030.4382902504,7123.24298792568
15.1527904239464,1076.6638691706,7123.24357405068
28.9452706200142,1303.04367296219,7123.24424167568
42.3817054617625,63.6319538727115,7123.2448920663
56.6438556393308,304.289510255629,7123.24558242568
71.459280279722,3223.28341795242,7123.2462995663
166.705123291047,98.0813902318189,7123.2509099413
173.575539582846,43.3462606086454,7123.2512425038
178.893624031952,914.184894451608,7123.25149992568
191.006267408978,678.199330028662,7123.25208623818
207.532194613653,2120.69117822011,7123.25288617568
231.417575922817,1458.90910463464,7123.25404234755
257.333029048468,886.809792266519,7123.25529678505
347.063558502185,82.2437465353154,7123.2596401913
354.768082846632,136.592320787443,7123.2600131288
357.976687356341,42.965308394427,7123.2601684413
6.36037710392099,1119.37470403944,7123.2605742538
20.8087813132096,1093.28857078594,7123.2612736288
32.3452316371941,843.015157681037,7123.26183205068
45.0999187534333,68.4335713097006,7123.2624494413
59.3504482548352,1987.2075096572,7123.26313923818
177.400277228492,646.891207267686,7123.26883626942
195.084078096432,753.776374651238,7123.2696922538
199.078693880508,583.357584460487,7123.26988561318
208.185449451088,1705.88332348842,7123.27032642568
233.590560134709,801.33155666573,7123.27155616005
249.62680392731,1426.40155242901,7123.27233239443
342.912299329461,30.1677190173155,7123.2768478788
353.381582027141,109.743963916387,7123.27735464443
1.79819708022689,199.392807820331,7123.27776205068
8.32031521030816,694.406587786744,7123.2780777538
15.1623253547067,1212.20822268953,7123.2784089413
33.5072149181999,76.6260874196512,7123.27929692568
38.6338806156746,1553.12740446334,7123.27954508193
67.9580725191861,996.021265464719,7123.28096451943
172.854584410432,117.435575153202,7123.28604203505
184.758377965211,758.150764390564,7123.28661823817
196.603422464616,723.246351697071,7123.28719159755
209.080826750061,777.72421835931,7123.2877955663
226.746873747692,1740.77197101496,7123.2886506913
248.316830492437,712.779113509754,7123.28969478505
340.785326075287,29.2386531652866,7123.29417072255
351.243633696184,105.287702167889,7123.29467695693
358.110822066223,70.6291344854115,7123.29500936318
0.64607152967298,254.970350388461,7123.29513208193
11.0553138980559,76.9930091903959,7123.2956359413
14.7203537146411,242.893816171375,7123.29581334755
20.0290770478437,1286.32549056817,7123.2960703163
36.9333225225168,127.411456385396,7123.2968885663
40.6964926938162,947.133149686863,7123.29707072255
59.6475954937898,2063.20915907554,7123.29798805068
176.547968130257,68.0895131943693,7123.30364661318
184.948766148763,934.350707915144,7123.3040532538
197.840642044208,856.458903797375,7123.30467728505
212.787767944203,1536.7823680279,7123.30540080067
230.780162949986,827.902246758327,7123.30627172255
252.849487059978,1703.06124758213,7123.30733998818
348.350147161515,34.6600699530075,7123.3119428788
352.589443195414,83.2090160662879,7123.31214808192
355.982364938693,131.903737932149,7123.3123123163
8.10081867259298,329.659632924972,7123.31289891005
11.6096246408959,830.802093787497,7123.3130687538
24.3020118675744,1356.39866005732,7123.3136831288
43.6246542943346,1133.25393513719,7123.3146184413
66.9080187630105,2523.57157393135,7123.31574547255
171.918155243859,138.233133273324,7123.32082848817
179.310534729012,160.790686321022,7123.3211863163
183.944934579301,686.131762517306,7123.32141064442
197.694482754576,1654.35132259972,7123.3220761913
215.051290052559,725.321636085852,7123.32291634755
223.486304537759,1437.31915258627,7123.32332464443
249.593822014425,147.759263158243,7123.3245883788
264.840826573321,3144.72847762204,7123.32532641005
333.136328538813,22.8211980562998,7123.3286322538
340.708506024273,157.365426245448,7123.32899878505
354.597825376288,877.951711331093,7123.32967109755
359.816811109183,1171.85716685952,7123.32992372255
15.4970095098858,1379.25593168831,7123.33068272255
30.08970405402,50.5964332930819,7123.33138908193
34.2034319848792,129.459540310073,7123.33158820693
42.4854406187142,2698.5753631692,7123.33198909755
73.1699000514837,21.6460217805636,7123.3334743788
181.904471078831,25.228492905871,7123.33873767568
186.696396013748,711.09007571124,7123.3389696288
200.214175776555,279.843676009861,7123.33962395693
214.781692132627,1933.22380326322,7123.34032909755
240.476029122902,473.566574843431,7123.34157283193
251.602204195299,1163.6190899722,7123.34211139443
341.19167123593,29.4387812738162,7123.34644797255
345.29894328569,65.487289202526,7123.34664678505
356.592972882537,165.96581053907,7123.34719347255
4.62287687363904,1194.21905697692,7123.34758216005
18.6581005965366,896.251406423687,7123.34826153505
32.5704608992074,1516.30152878113,7123.3489065038
54.3005251261144,73.6886454633101,7123.34995834755
57.942969114593,1053.51927182085,7123.35013466005
183.81871882415,57.8311253052188,7123.35622767568
189.08773805832,184.106840883658,7123.35648272255
195.761893640691,904.930408385241,7123.35680578505
210.013068741476,673.752054147769,7123.35749561318
223.973726336841,1491.51457851104,7123.3581713788
250.886300081792,847.992898123096,7123.35947408193
354.875428954046,127.042265596344,7123.36450767568
0.659955387735245,51.6984788312413,7123.36478767568
5.92994302098026,711.935121966434,7123.36504276943
13.1221882004042,897.592111748224,7123.36539091005
27.1648362410544,316.872722505579,7123.36607064443
35.5533679464312,1499.55503569998,7123.3664766913
56.0981206865898,1645.60576276784,7123.36747116005
182.849296508707,35.014012522705,7123.37360655068
187.095694098245,688.318957386969,7123.37381209755
201.179660198808,1325.00665994684,7123.37449383193
215.195838890208,1319.55024684771,7123.37517228505
241.386315286391,1906.92017731919,7123.37644003505
348.676045828926,126.597801686223,7123.38163339443
355.611021645707,72.2076357040358,7123.38196908193
1.44525881855726,76.5647614753284,7123.38225148818
4.87949858417098,1173.9076377637,7123.38241772255
24.8341779972785,512.879849701164,7123.3833836288
34.7679400648666,258.046806145273,7123.38386447255
41.777159171909,1920.74312010959,7123.3842037538
71.1094209925566,2103.61150720928,7123.38562358192
169.327907754219,83.3781932385591,7123.39035745692
176.317113468267,169.77130812279,7123.39069576943
185.624003344575,890.868490088792,7123.39114626943
196.454496116486,1372.26352503461,7123.39167051943
215.720649048136,1619.08586537862,7123.39260309755
241.751017924579,1083.89919262208,7123.39386309755
353.768113989785,22.7309716188673,7123.39928528505
355.947640936185,82.3578913400347,7123.39939078505
3.63441148548024,166.305094695396,7123.39976286318
10.5219360482053,837.290015098802,7123.4000962538
18.4430574075021,104.750971785528,7123.40047967568
26.5288052943304,1225.03618360525,7123.4008710663
37.8925590984902,39.3711972745958,7123.4014211288
43.8391297373338,52.2407846148543,7123.40170897255
51.867419767556,145.710499221963,7123.40209758193
83.5018714028397,1787.12800114056,7123.40362884755
161.146872465741,37.0033413632509,7123.4073872538
179.293887358926,867.618477062848,7123.40826566005
190.433619905641,592.560944756571,7123.4088048788
203.55145389426,731.101235107445,7123.40943984755
215.637627922037,2190.97251452638,7123.4100248788
267.887202141755,1435.64482524283,7123.41255401943
347.633613151759,121.292101362691,7123.41641414443
357.071235888596,859.961823973521,7123.41687097255
4.27058262365939,63.8162370170114,7123.41721945693
7.59216612358834,98.5591469548908,7123.41738023818
21.827201352523,1486.66934318697,7123.41806928505
31.1954226817387,1176.97662727068,7123.4185227538
50.7211044987175,1345.71809251582,7123.41946789442
70.6076737029703,24.21917701112,7123.4204305038
85.753642709927,39.6387297985079,7123.42116364443
174.364388563373,34.353794114983,7123.42545284755
180.982054650634,501.319707968406,7123.42577317568
196.594788441866,874.520900140396,7123.42652891005
209.711331306876,1143.81581983736,7123.4271638163
226.868649860936,39.1618508455149,7123.4279943163
230.499150335977,1492.32060042692,7123.42817005068
264.225005315813,965.367008554097,7123.42980255068
351.361224978233,153.129522950657,7123.43400458193
356.721918610861,57.3826576533154,7123.4342640663
4.13108352966891,997.830595927951,7123.43462270693
16.2950517194735,994.813231791625,7123.4352115038
25.6887739988643,312.574327532289,7123.43566620693
40.7898741868779,244.282233330395,7123.43639717568
46.1295860650149,1494.7360016393,7123.43665564443
181.960725196034,32.2011965703251,7123.44323055067
187.511869256375,535.532507228709,7123.4434992538
197.358798845724,235.510250190529,7123.44397589442
209.033729222838,1109.12223849624,7123.44454101943
223.425321099747,957.236179210952,7123.44523764443
240.585867613146,1434.80705094845,7123.44606830067
350.041567665343,117.595461146536,7123.4513665038
356.284466166479,110.426674748698,7123.4516686913
2.13678000933113,62.2890419799127,7123.45195197255
7.72633689478017,1116.14728570686,7123.45222253505
20.988138456132,843.015157681037,7123.45286447255
29.4857756305845,342.846723233592,7123.45327580068
44.8938559955605,124.653481980985,7123.4540216288
61.4940265656541,2293.93060102723,7123.45482516005
176.251348320258,176.924960793023,7123.46037998818
184.394554138849,94.1721770009174,7123.46077416005
188.184839258782,163.915367390466,7123.4609576288
196.013963382351,1309.48751841942,7123.46133659755
214.376929615845,55.2133373743491,7123.46222545693
216.328884470613,1033.93327233192,7123.4623199413
228.199429957772,2204.10512064007,7123.46289453505
356.549743277255,88.4093770414651,7123.46910733193
6.48544210541536,465.240901359465,7123.46958826943
11.660527343285,100.260189039858,7123.46983876942
17.5276898967992,899.599394976747,7123.47012276943
24.8877896382505,1340.34605636657,7123.47047903505
46.6239869465646,1654.35132259972,7123.47153117568
76.9046328006392,71.4884887398348,7123.47297809755
173.090138537079,30.8984643426768,7123.47763395693
180.677487532893,148.646706055189,7123.47800122255
192.61485203014,811.026967806328,7123.47857905068
204.357247016725,1212.20822268953,7123.4791474413
225.955609908871,146.353817953582,7123.48019291005
238.112476543037,1623.53597232823,7123.48078136318
261.337737518144,21.9958253000474,7123.48190558193
0.328996792880627,268.326999508517,7123.4866972538
5.63481492885749,73.1126964526041,7123.48695408193
12.7192458379727,206.612116304683,7123.4872970038
20.001551417396,1387.08033947665,7123.4876495038
31.6748677960519,308.703312912328,7123.48821455068
39.8529356807218,1259.87831278707,7123.48861041005
64.9178181197615,103.850261723437,7123.48982367568
74.1591801095922,108.798248188435,7123.4902710038
177.155061921269,46.8109509488279,7123.49525651943
187.84384668071,91.4903916515719,7123.49577391005
193.352704282063,768.39118401395,7123.4960405663
208.612297916201,964.744062414979,7123.49677920693
223.369619063024,1330.44075756317,7123.49749353505
256.86693358973,1448.98448795061,7123.49911497255
352.306454912949,277.686845739922,7123.50373472255
1.21533577564222,102.941662138978,7123.50416595693
7.62867123633956,1272.22565815543,7123.50447639443
17.9294537350302,276.330291981708,7123.5049750038
27.157903887506,1067.1281636121,7123.50542170693
44.3132856434154,1821.78094831897,7123.50625211317
66.3212782629222,55.3832257832454,7123.50731741005
73.7391586982499,793.035193069613,7123.50767647255
174.301472122643,36.3307856021677,7123.5125441913
179.018185293065,169.549832507165,7123.5127725038
183.081974486343,586.953818881852,7123.51296166005
196.055518102538,198.637523096679,7123.51358964443
204.392725070294,1435.64482524283,7123.51399320693
221.084892800959,852.236448078969,7123.5148011913
241.375604100235,1434.80705094845,7123.51578336317
350.388426357452,63.5211327981722,7123.5210601288
356.892145017841,105.287702167889,7123.5213749413
2.5872566133349,121.292101362691,7123.52165061318
8.51768738032786,912.209696668498,7123.52193767568
21.6597311203555,1138.54703442939,7123.5225738163
34.6181033389325,881.369255356645,7123.5232010663
46.6232552453425,125.554594498922,7123.52378217568
61.2601730090363,2300.21246494516,7123.52449067568
173.778573162482,111.695500071285,7123.5299371288
181.311692261029,129.749488930742,7123.53030176943
191.915581340381,1333.14947969865,7123.53081505068
202.972032205465,618.379625283438,7123.53135023818
210.51709477987,935.636901289172,7123.53171545693
234.703323071853,2380.36879096626,7123.5328861913
346.720419174638,29.1380704287025,7123.5383083788
0.451567880220125,122.217999609653,7123.53897303505
4.54044042270919,129.821861594159,7123.53917095692
10.3081814227423,978.973124787785,7123.53945014443
25.5442108296985,1051.23398874696,7123.54018764442
32.4036520822932,41.7735152025145,7123.54051967568
38.8244118607431,2118.42188235778,7123.54083047255
188.973545140214,624.667595428008,7123.5480984413
197.885653962246,804.327215941925,7123.54852983193
210.218122313461,167.431069009183,7123.54912678505
218.187017576191,1562.3906612916,7123.54951251942
243.448806324043,1519.47032733801,7123.5507353163
349.270094078124,81.4978917684783,7123.5558421913
358.466910048703,129.966523654268,7123.55628736318
6.37770185544333,58.1147109601776,7123.55667028505
9.97043506718141,1188.16201322147,7123.5568441913
26.9757161689514,1254.13857077206,7123.55766733193
40.2533348024621,303.29996847378,7123.55831003505
54.7633932267709,2059.70929201271,7123.55901239443
77.7020102551809,51.9251308617186,7123.56012273818
171.779650050683,29.8546881660755,7123.5646765663
181.103325360647,76.5033869587484,7123.5651278788
186.396877183496,185.631343629922,7123.56538411318
191.781780642689,1074.4277689767,7123.56564476943
204.507093212452,575.575698213981,7123.56626073818
212.868187169504,61.948765561759,7123.56666545693
220.588205786418,1744.91177062919,7123.56703914443
245.53978636039,1000.23789251225,7123.56824692568
355.267927248006,140.858671948685,7123.5735583163
2.18030723667999,45.1248934052462,7123.57389291005
5.18038472383315,218.45827924416,7123.5740381288
15.517966124331,1101.50688570343,7123.57453851943
24.7590053144698,413.587830649931,7123.57498583193
36.4394232111867,1523.42216619417,7123.57555122255
53.7765398407106,36.7485798735689,7123.57639042567
62.9652859317323,248.098180888334,7123.57683520693
181.242065969309,42.855840404199,7123.58256039443
185.840958116557,127.042265596344,7123.5827830038
192.492195108709,580.775205705208,7123.58310495692
204.19327207296,171.532940629326,7123.58367134755
209.902263942463,960.997392773777,7123.5839476913
229.426009036449,1572.36423881102,7123.58489273818
269.483854555923,827.902246758327,7123.58683173818
345.087485888284,131.903737932149,7123.59049133193
350.689954686245,141.921779883702,7123.59076251943
357.049382974209,85.1067133433858,7123.59107034755
0.51106048814864,460.695509518771,7123.59123791005
11.9235567075522,1160.51468435074,7123.59179033193
25.0617268888577,923.346565873118,7123.59242628505
32.7788403837036,134.722524802733,7123.59279983193
51.092418640149,1558.53763228464,7123.59368630068
76.1237301367205,1834.93487071473,7123.5948979413
171.251520119639,58.0338277433867,7123.5994855663
176.697432269626,729.042382019429,7123.59974917568
188.945327702866,762.500063089533,7123.60034203505
200.91949110192,1305.80923851653,7123.60092164443
212.629283545113,911.550335214173,7123.60148845692
231.329895738391,1536.7823680279,7123.60239366005
351.588650776594,37.8815069590477,7123.60821478505
356.484193623406,69.3540155860539,7123.6084517538
0.984955415940334,71.027052295225,7123.60866961318
9.2169305109217,371.465053161657,7123.60906808193
19.1429454234871,42.8284317732786,7123.60954855068
19.7556145786449,1309.48751841942,7123.60957820693
45.5735829113872,992.998461235572,7123.61082792568
63.0850100591946,1400.02387460925,7123.6116755663
172.99391742135,62.2890419799127,7123.61699570693
175.998191266918,113.365178355807,7123.6171411288
190.343623126116,1282.58059728381,7123.61783551943
207.497068121454,58.0742849642935,7123.61866583193
210.383198219312,1342.13906655134,7123.61880553505
230.336263596383,914.184894451608,7123.61977136318
240.428196347982,1797.86163734263,7123.62025986318
342.807535370622,28.3205715823076,7123.62521553505
358.441573791194,198.448243948768,7123.62597230068
2.06077642733945,291.162982613002,7123.62614748818
8.69813310790349,225.233776074418,7123.62646876943
20.3901717183654,1380.12756778494,7123.62703472255
29.7848624344099,1162.58513926937,7123.62748947255
47.5309631543324,1295.63992867787,7123.62834847255
78.8535926924349,65.7021242966849,7123.62986464442
174.858331991914,45.5393674159144,7123.6345117538
182.658404331119,174.034023303626,7123.6348893163
195.947966478067,452.797299654861,7123.63553259755
201.973299640435,959.118673371506,7123.6358242538
212.137406184913,1100.96098904222,7123.6362975663
239.005433910613,926.596632755405,7123.63759811318
254.365094697615,1563.16015686997,7123.63834159755
340.991605952592,33.6457459115813,7123.6425347538
346.747726201301,109.31511251755,7123.6428133788
351.246874070534,79.0995047239562,7123.64303116005
0.535041715037012,772.293673456659,7123.6434807538
5.13457946166911,427.175128603352,7123.64370339443
19.8276639583593,1502.75925037135,7123.64441461318
38.2619683600471,891.543117109705,7123.64530692567
50.7564809164174,1825.73711704492,7123.64591172255
178.881804541801,45.2288657915023,7123.6521136288
188.638028131768,784.651121854552,7123.6525858788
199.242562848082,534.127242435289,7123.6530991913
208.770246022497,96.5367091820823,7123.6535603788
213.508909421643,1393.13560687526,7123.6537897538
236.570512155558,840.157443615652,7123.65490605067
255.794055866108,1766.82679597917,7123.6558365663
343.39024995448,38.9815194012932,7123.66007666005
352.063166046291,157.961296820552,7123.66049647255
359.323844234261,163.571128863893,7123.66084792568
4.49634711217552,424.704882373561,7123.66109830068
10.4309742375825,1275.05805913586,7123.6613855663
26.0805069306213,462.323984651292,7123.66214308193
35.0407125685136,1347.50410829554,7123.66257680068
53.1150980947383,1053.51927182085,7123.6634516913
70.1694442987082,1981.14702421037,7123.66427720692
163.871348146589,28.0915880834787,7123.66881284755
175.781920494894,127.485175194231,7123.6693893788
180.31689882928,802.830746327032,7123.66960889443
186.097228866976,360.999147241969,7123.6698886913
198.403873430746,877.951711331093,7123.67048439443
210.05362558222,1635.34352726202,7123.67104830068
225.781920798784,1258.92340996359,7123.6718096288
245.972564982773,136.592320787443,7123.67278695693
350.414803676849,30.3423813852177,7123.67783347255
356.928529052523,106.969579027894,7123.67814876943
1.43994319730649,66.8010716187162,7123.67836714443
12.9802671175917,219.830084691175,7123.6789257538
18.1511559970476,900.267527192966,7123.67917605068
25.5374022504789,1038.57489275327,7123.67953358192
44.9007171377683,131.117963708682,7123.68047086318
59.7774732686449,2238.74940807889,7123.68119097255
176.722069124672,37.9434574038218,7123.68685167568
183.013387203782,1007.42536535137,7123.68715620693
200.073543839781,308.946673799326,7123.6879820038
204.580438751302,843.015157681037,7123.68820016005
216.769585129168,24.4724102094196,7123.68879017568
223.013129229688,2349.86297087403,7123.68909239443
255.932313905201,1625.01645473156,7123.69068584755
344.696711246974,79.3958648825921,7123.69498248818
353.325404081647,56.4750399223435,7123.69540016005
359.435632924104,236.783287421716,7123.69569592567
5.53617788854467,1100.4146482918,7123.69599122255
16.1126292195715,219.659068712019,7123.69650317568
22.9959574238827,43.6432487371796,7123.69683636317
27.5716082187984,1694.56715326533,7123.69705784755
44.3825653717121,291.936336216381,7123.69787158193
64.0522147990019,2302.30279285593,7123.6988236913
95.3506346232748,873.144778701374,7123.7003386913
166.305985793759,75.3901038819116,7123.70377328505
171.868104855726,113.448014871231,7123.70404251942
176.557380315401,783.884512856048,7123.7042695038
190.505448760368,954.090473292979,7123.70494466005
204.006120289827,1532.86505710781,7123.70559816005
219.917441541194,822.802881383922,7123.70636834755
238.735551845218,1821.78094831897,7123.70727923818
353.179760341452,75.8869148076435,7123.71281891005
357.163078211475,109.056985664324,7123.71301172255
5.77337161403316,276.330291981708,7123.7134285038
11.0162442986444,234.069791327229,7123.71368228505
16.9957402429944,1267.49089002232,7123.71397172255
34.3347936330903,1216.16972048599,7123.71481101942
46.7156815622792,82.3008466932507,7123.7154103163
54.7869036132941,2199.73639303817,7123.7158010038
173.403566478174,37.2248239177697,7123.72152584755
185.058160587446,869.694982696956,7123.72208998818
193.543854248462,799.077470858833,7123.72250073817
200.810020031191,170.764458129469,7123.72285245693
209.094933787095,45.5393674159144,7123.72325348818
214.727422768494,2211.73013237319,7123.7235261288
244.366341966412,1768.18748531815,7123.72496080068
352.838155998778,20.1717358094822,7123.7302113788
356.940263253471,198.448243948768,7123.7304099413
4.26517809157385,219.659068712019,7123.7307645038
12.1908185338192,1235.78669519731,7123.73114814442
20.4728272052327,99.8846838573542,7123.73154903505
29.8100599895138,1502.75925037135,7123.7320010038
45.610661773346,42.2209038564159,7123.73276583193
60.441903485896,144.545320157619,7123.73348373818
72.6449301001927,2185.47713259909,7123.73407442568
169.808834261704,162.534027903227,7123.73877764443
180.529898764847,362.038593548775,7123.73929659755
188.116279361585,53.3528915491743,7123.7396638163
190.787426480631,1364.35418518488,7123.73979311318
207.955720149053,1030.4382902504,7123.74062414443
223.14978597187,324.141935514888,7123.74135961318
229.947572896709,1939.43394677376,7123.74168866005
267.041494193875,2459.8687531352,7123.7434841913
344.158721744129,30.8604392040834,7123.74721705068
346.970285676877,214.29016894281,7123.74735314443
353.602800399644,306.749459166866,7123.7476741913
4.2970727914229,1616.11235505177,7123.74819184755
17.3590628467377,200.332889166432,7123.74882411318
23.3253241164625,1274.11459160953,7123.74911291005
44.452725828341,2533.08374276173,7123.75013558192
78.1133758341258,187.944909635362,7123.75176492568
178.023316004329,76.0106075303746,7123.7566010663
186.884745688123,552.116297125593,7123.7570300038
200.451913427979,851.530623791064,7123.75768672255
208.094783519827,874.520900140396,7123.75805667568
229.53852656215,98.2727649256887,7123.75909466005
236.983990616316,2525.47671664161,7123.75944117567
354.3004489364,165.96581053907,7123.7651198788
359.646616695635,102.300848348058,7123.76537866005
4.52957042962659,169.992520060447,7123.76561501943
13.0727220599842,1485.86021264663,7123.76602855068
26.3903674794837,62.4772872326318,7123.7666731913
29.6280237359776,945.862721479784,7123.76682991005
51.6195536839418,980.200698386113,7123.76789441005
75.421653349054,1882.80502300131,7123.76904655068
174.318655827798,173.817960025247,7123.77383366005
183.986755778337,543.057876445374,7123.77430164443
196.141685614352,1461.37979495364,7123.7748900038
210.619464370116,1005.63324334502,7123.77559080068
229.438220273524,681.295131421678,7123.77650172255
244.548681577441,2218.24447699248,7123.77723314442
342.624487916049,27.5853905690182,7123.7819805038
351.339367667156,107.58258867094,7123.78240234755
358.929299022926,860.660709367522,7123.78276973818
9.36856157474637,634.219676776127,7123.78327505068
21.1839087279843,1002.03956243661,7123.78384697255
33.1735663619269,1762.73851071329,7123.78442733193
49.9680608432982,74.1968500528323,7123.78524026943
70.3633584159652,3101.60608307797,7123.7862275038
173.909609530818,68.3305356741215,7123.79123966005
177.989443757096,1195.22547414874,7123.79143714443
193.249682990617,973.430003270437,7123.7921758163
205.344572497335,1758.6406775294,7123.79276126942
228.722193799581,1630.92572780243,7123.79389286318
248.717545673218,1732.46283985407,7123.79486073818
347.057077330726,90.3018215758777,7123.79962086318
351.5546112015,21.3730474291074,7123.7998385663
359.729470282494,300.061336888646,7123.8002163163
6.81422399130098,1159.47806911265,7123.8005592538
16.9768492741318,250.659853984203,7123.80105117567
28.7905824664896,1430.61051893767,7123.80162301943
42.905537111987,256.73285719563,7123.8023062538
47.8101182750097,1851.89508172812,7123.80254366005
180.461704718261,47.8529785241655,7123.80896466005
185.389527308773,20.9429071307277,7123.8092031913
188.943202058441,198.448243948768,7123.80937520693
192.257684040309,992.392723553337,7123.80953564443
211.85341293945,1037.41648604938,7123.81048417568
221.509892138665,1395.72264856724,7123.81095159755
244.73838111069,2648.1974391146,7123.81207597255
347.630967735007,73.0484145394783,7123.81705648817
0.207793573932324,791.517407172648,7123.81766526943
5.57946232092172,216.03664690506,7123.81792528505
12.5415530863362,1683.17504378734,7123.81826228505
28.5390611789798,63.224647739446,7123.81903664443
36.8046071788509,344.377776295701,7123.81943673818
45.3251629811017,1678.88303259645,7123.81984917568
66.429000503377,1028.10171487278,7123.82087070693
174.68066683702,89.5181567761583,7123.8261106288
180.435818686655,111.611359043806,7123.82638920692
192.03295493932,850.117309880716,7123.8269505663
199.13029768579,1085.00808337908,7123.82729411317
216.174314449939,982.039227714893,7123.8281191288
233.488189689551,1639.74966937985,7123.82895720693
264.206220064789,1008.0219992048,7123.83044411318
344.681507179509,104.391620348032,7123.83433951942
352.320503750213,179.664894073284,7123.83470928505
3.22653104873078,870.385985507482,7123.8352371913
10.7260792048087,977.12893332158,7123.83560020692
26.4421081458223,61.2241993214191,7123.8363609413
36.1912302177275,1823.10067042835,7123.83683284755
60.8687559578217,739.279304440288,7123.83802736318
182.455143819354,39.5794334806521,7123.84387866005
185.597574918359,93.6720562227933,7123.84403076943
189.393024795782,210.039360903913,7123.84421448818
198.608563035745,876.581029984891,7123.8446605663
205.776598388604,894.236573678597,7123.84500753505
217.511246257745,156.287163766144,7123.84557555068
231.243686162094,82.0722309557986,7123.84624026943
235.246049063615,1572.36423881102,7123.8464340038
349.721891666588,23.140571056568,7123.85197520693
358.746656754305,154.959087228512,7123.85241205068
4.59767939838937,97.2638358742728,7123.85269526943
8.78887865400637,112.115254580214,7123.85289814443
13.4426464106417,1256.05470469026,7123.85312341005
36.8167168787005,1470.40335463089,7123.85425483193
55.165480076073,1511.53578542562,7123.8551430038
175.866467272295,60.3743582905381,7123.86098553505
184.856693056046,211.110087744437,7123.86142070693
194.800139039229,1200.24534755458,7123.86190201943
208.427347033225,63.0013749503,7123.86256164442
211.328648603859,1162.58513926937,7123.86270208193
229.979549982818,1105.8650661866,7123.8636048788
253.274212327969,1882.80502300131,7123.86473245692
346.026446735448,84.3304800990374,7123.8692221288
353.768415543507,103.850261723437,7123.8695968788
0.0739367338958097,773.849095914159,7123.86990209755
5.00692404431916,69.3540155860539,7123.8701408788
17.291618379366,762.105656360035,7123.87073551943
24.7818053819624,1381.86895259906,7123.87109808193
40.3006052144727,1405.16787094924,7123.87184926943
67.7848528919388,81.3825326573259,7123.87317964443
79.0708125716492,186.237650301457,7123.8737259413
175.824118606725,45.7965089462053,7123.87840928505
188.810574173011,210.039360903913,7123.87903789443
195.870472455869,194.140925557917,7123.8793796288
202.478454627536,1276.00086052837,7123.87969948818
220.596094936666,864.842086834017,7123.88057647255
237.430939116453,1622.05393561266,7123.88139136318
355.437769428467,38.0978859571002,7123.88708292567
357.223483794823,101.192866586164,7123.88716936318
4.16362429393592,406.993438950565,7123.88750530068
14.8469215337749,383.216264276953,7123.88802242568
18.6475361686861,961.622892425851,7123.88820639443
29.8602208820527,1776.32963893615,7123.88874914443
46.8051388924122,76.8708985354749,7123.88956936318
59.9110293675949,541.67220708834,7123.8902037538
180.147834177075,35.1813057852812,7123.8960238163
187.491471284563,168.549521561978,7123.89637928505
199.859447263661,822.071855033357,7123.89697795693
210.129886854379,866.925198295121,7123.89747509755
221.811918749555,232.781932618664,7123.8980405663
233.643082937373,1892.99620423355,7123.8986132538
352.367259928035,107.844240482269,7123.90436009755
357.523622971677,70.6956160279049,7123.9046096913
4.38467814757372,76.3804852699224,7123.90494180067
10.1269181598533,1303.96626829565,7123.9052197538
31.941878066849,1450.6432721717,7123.90627570693
62.5679111687802,2758.51186337661,7123.90775816005
171.354775295245,227.061605628798,7123.91302398817
178.326549976254,109.40101602408,7123.91336145693
184.539105569418,184.718157436592,7123.91366217568
189.083445019707,1335.852650719,7123.91388214443
208.742764932019,686.56974550052,7123.9148337538
215.476960806108,1371.38689293437,7123.91515972255
229.17647544253,212.882655947766,7123.91582284755
249.635686903216,3002.31617345048,7123.91681317568
343.7368909259,71.2251785328633,7123.92136814443
353.973436774458,226.23260209631,7123.92186364443
359.830269812994,452.797299654861,7123.92214714443
4.59185176478137,205.517963758339,7123.9223776288
14.3367775158513,1700.23461976143,7123.92284933193
32.4198432770401,108.36564978689,7123.92368176943
35.9460802408035,1467.12852977515,7123.92385245693
60.0809838327449,1171.85716685952,7123.92502070693
171.037690952437,60.5685501753328,7123.9303915663
186.48257021922,751.379625185677,7123.93113917568
198.96062006647,851.530623791064,7123.93174317568
206.162226361796,819.141143804103,7123.93209176943
230.072463059331,1013.37593871875,7123.93324914443
243.485333711476,1645.60576276784,7123.93389839443
347.012539719674,45.0728135370504,7123.9389096288
349.356370469071,87.6087813406201,7123.93902308193
357.101890111318,97.40860201779,7123.9393980038
3.74021522853552,259.643723188319,7123.93971933193
7.41009696533962,1077.78019842186,7123.93989697255
22.3791730940577,186.43932231388,7123.94062155068
30.8706770743674,1527.36379099849,7123.94103258192
48.5748142101509,243.820325041,7123.94188955068
54.3544986484638,1033.35151546702,7123.9421693163
169.799055760914,27.5427892298952,7123.94775741005
182.447219768033,150.15584609035,7123.94836964443
193.757712074001,869.003313752614,7123.9489171288
203.633693410134,255.999943465923,7123.94939517568
214.254690797991,1092.18811772394,7123.94990928505
228.426780537981,1032.18722458109,7123.95059528505
245.08634580041,1087.77531426796,7123.9514016913
352.017771428362,29.1984596223482,7123.95657770693
354.408084957583,106.087708062752,7123.95669341005
2.39505692789242,200.145219841907,7123.95708001943
9.0069126207027,872.455885314594,7123.9574000663
16.0894067692461,179.873935191033,7123.95774289443
23.4604815874803,58.6777709754571,7123.9580996913
34.7767842127418,1872.55833061784,7123.95864745693
73.8846374545449,924.647969302583,7123.96054047255
169.929154196979,37.4136242820011,7123.96516673818
181.287420443958,170.54427314811,7123.96571653505
187.636842016636,725.321636085852,7123.9660238788
204.179877454658,1412.84872690051,7123.96682464443
223.71201530305,70.3626115705624,7123.96777009755
231.660251573402,1649.98437135466,7123.96815483193
353.335118074168,90.7687675022473,7123.9740445038
358.780384624772,77.9027675701371,7123.97430808193
3.8792897366509,71.7508275016598,7123.97455489443
11.1419046476145,1094.93714095521,7123.9749064413
22.6463981027464,252.749959850362,7123.9754633163
27.9502794781515,235.031077933101,7123.97572005068
41.4231903844366,1461.37979495364,7123.97637220693
54.0468218404555,159.028207269429,7123.9769832538
66.8573528148423,2622.64587824745,7123.97760334755
173.967930918875,62.3267409904926,7123.98278803505
184.625727208539,752.179374341466,7123.98330392568
189.898297201739,1122.59279649862,7123.98355914442
208.300321934883,465.240901359465,7123.98444989443
215.474813243997,1428.08653791349,7123.98479717568
235.956943332482,2851.11645403902,7123.98578861318
346.936569079973,22.0091687930246,7123.99116058193
351.311762807046,129.749488930742,7123.99137236318
1.13803340401773,317.109838388063,7123.9918480038
6.23145095871578,1276.00086052837,7123.99209455068
16.5338474558652,94.0224217926833,7123.99259323818
26.3507569369334,1228.9562700829,7123.99306842568
37.0808597562872,792.276688699189,7123.9935878163
55.5842428410619,1684.60323468622,7123.99448347255
180.45706149929,77.6612107955543,7124.0005279413
182.974557130009,648.283871029776,7124.00064980068
200.232588473895,1311.32293912373,7124.00148517568
216.518031674425,49.612060987192,7124.00227347255
223.17023710323,1581.51491902458,7124.00259547255
3.49562065779248,180.291254148202,7124.0093703788
9.19718817196423,58.4371231959757,7124.00964636318
13.0901228047169,149.654497128004,7124.00983480068
19.6280579693786,1251.25876326848,7124.01015126943
36.3686453155955,228.052424167124,7124.01096159755
48.6588272078232,1270.33383812147,7124.0115565038
65.5304702142604,150.904760909398,7124.01237317568
79.7232189842072,436.227942657297,7124.01306017568
176.810942982149,54.6575562587748,7124.01775970693
182.048005347466,329.887561711928,7124.01801320693
192.180610484438,877.951711331093,7124.01850367568
198.922876275664,338.656075404842,7124.01883003505
215.43330924545,1462.20247021489,7124.01962922255
239.727997407125,846.573644519566,7124.02080520692
252.400048441118,1417.94620489577,7124.02141859755
343.948894691848,47.2851896526905,7124.02585001942
348.662702740202,112.199013968528,7124.0260781913
359.855696785109,258.192384139377,7124.02661998818
4.26317025588366,1011.59436383114,7124.02683333193
12.9825690899393,939.484601225615,7124.02725539443
27.4584110475535,115.092282926277,7124.02795609755
36.4389529157104,988.142678792769,7124.02839080068
56.999845490141,2308.56178617955,7124.02938605068
89.2511627141535,764.468766067949,7124.03094717568
173.487037677796,155.080295827226,7124.03502461318
176.950329190194,199.392807820331,7124.0351922538
185.502519099184,688.318957386969,7124.03560622255
199.523216911111,1421.33438352232,7124.03628489442
208.261983689092,834.412650085881,7124.03670789443
225.462879825749,1526.57619878482,7124.0375405038
356.7274065908,97.4568134526343,7124.04389436318
4.67047814124154,85.547111061679,7124.04427884755
7.40941263187205,80.102667554538,7124.04441142568
15.4528741348696,1116.14728570686,7124.04480076943
33.0056192674327,376.888187325619,7124.04565041005
46.8284424090515,1428.08653791349,7124.0463195038
84.3358430970438,2944.07609402469,7124.04812489443
167.203380539135,122.984275541249,7124.05213609755
181.063325382253,869.003313752614,7124.05280698817
188.075449724099,1177.99792143103,7124.05314641005
204.491625822736,1309.48751841942,7124.05394103505
223.710650337601,2390.45094829748,7124.05487133193
239.990928855799,1676.01554856844,7124.0556593788
349.823333217115,35.4473325692162,7124.0609758163
352.908306384357,84.6085285166609,7124.06112514443
359.565030896111,121.369525540871,7124.06144736317
7.50616568598063,931.127730474657,7124.0618317538
14.0834820748261,917.467435357366,7124.0621501288
26.8798100506697,398.031052561976,7124.06276953505
33.3690028376661,52.1507906303675,7124.06308364443
36.904600954911,68.8441803564643,7124.06325478505
51.1205911147694,2157.7908349002,7124.06394291005
70.3005571675642,2325.17027853874,7124.0648713163
175.224184007444,225.066881798242,7124.06995014443
181.013229636817,949.669010097409,7124.07023036318
193.115220699174,1134.31464221492,7124.07081616005
207.245024055334,1445.6611463487,7124.07150011318
232.081365966087,2376.32402644294,7124.0727023163
253.361773604487,1776.32963893615,7124.07373239442
350.021791280225,107.931316661869,7124.07841122255
355.062915698227,149.403184268593,7124.07865523818
2.13475749452222,1142.76399454383,7124.07899755068
14.7296599658701,69.6918356357656,7124.07960720693
17.3494823097172,1329.53659193191,7124.07973401943
37.3525813007981,2058.54133739081,7124.08070226943
64.8016440749159,27.5001202365566,7124.0820309413
67.941492738809,1934.4674750954,7124.08218292567
174.52236064478,55.2133373743491,7124.08734197255
180.790894655462,292.707635907163,7124.0876428163
187.293967716467,898.930818671317,7124.08795759755
200.746865267336,977.743996877223,7124.08860878505
213.310456356479,1521.0523951481,7124.08921692567
231.243456669927,1999.27319144422,7124.09008497255
354.560069926739,100.353843290879,7124.09605411318
3.6813514082894,197.689364878073,7124.0964956288
10.3877866967834,891.543117109705,7124.0968202538
18.3560364352869,145.193801426302,7124.09720595693
25.8100701354597,1535.99966079554,7124.09756676943
42.1587816622039,1257.01171693748,7124.0983581288
67.0677530150745,61.2625436491321,7124.09956384755
179.030619107856,43.6432487371796,7124.10498341005
191.097425304443,94.5703793053809,7124.1055675038
196.376128454208,857.861837122442,7124.10582301942
206.411571673119,628.505858468742,7124.10630878505
218.56230515072,1029.2706686954,7124.1068969413
242.108426614377,1438.99148152826,7124.1080366913
357.845760754933,48.2683545910412,7124.11363895693
0.242530240409486,277.686845739922,7124.11375497255
7.92187643437309,138.233133273324,7124.1141266913
14.2709752073595,1116.14728570686,7124.11443401943
26.8578077239927,600.122673777292,7124.11504328505
37.4952677833919,1406.87828054098,7124.1155581913
50.278683809145,26.0303219951075,7124.11617697255
63.8474655850377,1715.72367424488,7124.11683376943
178.467275723165,34.456187902876,7124.1223819413
180.518329331722,718.659576293135,7124.12248122255
187.51818736044,301.560415527646,7124.12282005068
199.377112096276,208.422959446786,7124.12339408192
207.037736096012,1750.41625638528,7124.12376489443
226.627009038897,993.603754828598,7124.12471311318
242.553178963347,1009.21415668864,7124.12548401943
359.241794879912,78.083449428501,7124.13113045692
4.66252887941515,65.6663612375041,7124.13139284755
11.476132876413,830.802093787497,7124.13172266005
23.8037592322526,417.926276918834,7124.1323193788
30.1525352055471,1106.9517524831,7124.1326266913
49.6020369716923,1458.90910463464,7124.13356814443
76.8138437385825,2316.88113139228,7124.13488533193
169.424370133593,263.665006494662,7124.13936814443
181.834955371371,788.473175639126,7124.1399688788
192.099261843104,1437.31915258627,7124.14046572255
204.570210134714,592.560944756571,7124.1410693788
214.839035764552,1480.99654762035,7124.1415664413
242.353949187261,1567.00186160208,7124.14289830068
359.162647350113,200.520378079716,7124.14855242568
5.32936572525854,58.0338277433867,7124.14885092568
12.7572528758728,1149.06029136108,7124.14921047255
27.3380039441486,1103.68814087991,7124.1499162538
34.4750507520727,265.369753948974,7124.15026172255
49.1132597145334,95.1645429125847,7124.15097028505
58.3478429859948,1867.41400121093,7124.15141728505
177.832207425999,31.3324817480254,7124.15720092567
182.423675330652,714.88487352056,7124.15742317568
197.531554237035,190.723548065819,7124.15815447255
205.84551981488,1289.12680530391,7124.15855691005
215.87870339837,770.735086863539,7124.1590425663
231.420744620792,2277.09406885879,7124.1597948788
348.998991461625,23.3929282195122,7124.1654862538
358.729714063838,67.6396161303217,7124.16595726943
8.02466038913071,254.380155828571,7124.1664071913
13.2630139156365,895.580332116452,7124.1666607538
27.6539601931616,53.8349399781257,7124.16735734755
29.9577640438351,1096.03481845966,7124.16746886318
42.2085646367218,2057.37271663509,7124.16806186317
77.7897182148482,322.048443468503,7124.16978955067
175.944609876673,40.8353073577672,7124.17454073817
185.917753243602,640.352049163795,7124.17502348818
193.171975475317,664.768295965956,7124.1753746288
203.682898995023,645.961117928806,7124.17588341005
216.935662202585,1122.59279649862,7124.17652491005
232.561307943907,2300.21246494516,7124.17728126943
354.125454939561,93.6219018976558,7124.18316558192
1.01975829581194,78.4435572054321,7124.18349930068
5.88463539738057,402.163607970962,7124.18373478505
13.1792072899324,924.647969302583,7124.1840878788
23.030656037387,1382.73892336116,7124.18456473817
38.2653942831548,177.13724931312,7124.18530217567
53.4723719809054,1514.71457598973,7124.18603826942
84.8569786464555,983.874204329993,7124.1875574413
169.297184236662,121.9101625205,7124.19164476943
182.144514188013,818.406786784465,7124.19226664443
196.125830738178,1173.9076377637,7124.19294341005
215.958170007584,56.9718959508858,7124.19390339443
222.02352999352,1708.70051441341,7124.19419698818
253.468822512593,1635.34352726202,7124.19571909755
346.668776635272,88.9918902458042,7124.2002304413
352.629550385394,27.6491728817829,7124.20051897255
0.121351386449451,211.465789323739,7124.20088161318
5.386174224627,970.956204326967,7124.20113645692
16.2431364585229,134.722524802733,7124.20166198818
22.5054027532699,1384.47708852851,7124.20196511318
37.6587961155578,102.117023170756,7124.20269861318
62.9412438557869,2490.95832849378,7124.20392241005
174.319201379006,157.365426245448,7124.20931366005
186.553216575816,958.491508384895,7124.20990584755
198.432477541916,648.747389142557,7124.21048086318
205.860243868117,243.048470238705,7124.21084720693
219.381251590263,2253.73875117896,7124.2115016913
247.592761449143,1382.73892336116,7124.21286726943
349.468859622971,34.5922422650968,7124.21779858193
357.630464836099,413.951123379164,7124.21819364442
10.3961270666996,185.530091290076,7124.2188115663
14.5931366791892,1496.34404866816,7124.21901472255
31.0954996942604,73.1126964526041,7124.21981351943
42.4937928023851,1779.03525244716,7124.2203652538
71.0271314737332,2251.603570258,7124.22174641005
173.550760906376,395.378729756146,7124.2267090663
185.732482928911,877.266648213748,7124.22729872255
199.126308549559,103.396957662483,7124.22794705068
202.65932426927,1497.95043036249,7124.2281180663
222.350923887704,1936.95237626912,7124.22907123817
263.92753042014,835.852553837668,7124.2310837538
340.417240142152,37.9124960592225,7124.23478623818
354.419861359235,116.793838489393,7124.23546403505
359.039735336132,198.637523096679,7124.23568766005
3.83908462637963,80.6869432379287,7124.23591997255
15.0478957434455,1091.63744710372,7124.23646253505
24.7673204691831,362.660818042926,7124.2369330038
32.6590672820041,477.675010657208,7124.2373150038
43.7458610174823,45.7708593248896,7124.23785166005
46.1665175298327,54.5715486688358,7124.23796883193
56.9805476677788,2650.01331989367,7124.23849228505
173.436105673537,39.0417247142505,7124.2441293163
179.799407557802,819.141143804103,7124.24443733193
191.158319404165,167.318811583606,7124.24498716005
195.52479757714,187.243803795312,7124.24519851943
207.754939140071,1635.34352726202,7124.24579051942
224.92839760356,145.193801426302,7124.24662180068
229.600564754731,950.301948243748,7124.24684795693
268.858518763409,2948.97306574171,7124.24874823818
345.234478035881,158.317733922608,7124.25246142568
352.019030286095,136.729794153467,7124.25278983193
1.11125998328243,1248.37229442676,7124.2532299413
14.6354957023452,1051.80575360464,7124.25388458193
25.6616035842998,73.6248700894393,7124.25441830068
29.397335969695,1312.23965027516,7124.2545991288
55.3144030562266,2901.28654434341,7124.25585364442
179.200753447403,670.173028183285,7124.26185036318
188.680985367763,212.352441186781,7124.2623092538
198.515003119757,794.550092386714,7124.26278526943
207.108188288969,1561.62083264633,7124.26320122255
222.653134671037,1132.19233988104,7124.26395367568
1.36427078092982,39.6683415282428,7124.27066798818
3.80945980680169,119.024762268438,7124.27078634755
18.0212536458248,864.842086834017,7124.27147426943
32.1555761225115,906.921426846452,7124.2721584413
53.093173081218,1348.39617249582,7124.27317192568
69.6646147042192,894.908702697705,7124.2739740663
172.856757187746,99.3187615483393,7124.27896908193
184.066536741465,284.372608794214,7124.2795116913
190.021177259866,1010.40498190486,7124.27979992567
200.80454165257,736.427363534631,7124.28032189442
215.047646836219,1079.45241634155,7124.28101133193
237.111806151144,2364.14821053188,7124.28207934755
353.175811099543,36.6205364643601,7124.28769742567
356.965127857979,173.385042434582,7124.28788084755
7.49445080979926,800.580879367629,7124.28839051942
14.9459021875953,1160.51468435074,7124.28875120693
26.6218009262065,1117.22409101844,7124.2893163788
46.0128763239348,64.7297701550364,7124.2902550038
55.0570092428407,270.558464521287,7124.29069278505
64.1937849217012,1668.82530017176,7124.29113505067
176.201466965112,263.949889722781,7124.29655958193
188.43871012126,80.6869432379287,7124.29715192568
193.223210700846,985.095671701686,7124.29738351943
204.110515805136,1420.48806051065,7124.29791051943
215.019125538765,175.752926101502,7124.29843855068
228.558855455138,1294.71144916238,7124.2990939413
256.008241066526,1846.69313174624,7124.3004226288
346.684889201613,20.3167534879034,7124.30481183193
349.203998830791,119.340051729644,7124.30493376943
352.140162467503,171.64243637513,7124.30507589443
4.56139998237265,67.9859571417474,7124.30567714442
9.2112941802858,1381.86895259906,7124.30590222255
26.7278860480037,108.798248188435,7124.30675011318
30.0578623399176,1605.66149265406,7124.30691130068
52.435457750482,2266.50787027438,7124.30799448818
175.438312074384,61.9866658002621,7124.3139484413
186.235233978983,657.03548157714,7124.3144710663
195.303576649297,755.767892712811,7124.31491001943
202.430293979821,1353.73645626657,7124.31525498818
223.365308616151,886.809792266519,7124.31626834755
241.773466430701,1708.70051441341,7124.31715939443
346.880119305384,23.3803757604401,7124.32224708193
357.050491780816,204.234046341512,7124.3227393788
7.20569274589469,201.827943246968,7124.3232309413
11.297793285301,291.936336216381,7124.32342901943
16.0522737566057,1309.48751841942,7124.32365916005
30.6365755463334,135.487399077761,7124.32436511318
38.586425815144,1434.80705094845,7124.32474992568
56.359641521279,196.066968216613,7124.32561023818
65.1164848565251,890.868490088792,7124.32603411318
176.707165760715,67.7436995388803,7124.33143566005
183.646660735601,356.600388107253,7124.3317715663
189.961865841584,165.285146680461,7124.3320772538
198.304883128635,937.562694147687,7124.33248109755
214.223305898062,1296.56774205955,7124.3332516288
229.932681773962,826.448465218732,7124.33401586318
249.457395267023,2378.34729688302,7124.33496095693
345.400803076016,119.261309161622,7124.33960509755
353.158266156542,128.585794789693,7124.33998059755
357.442753884233,59.709376332151,7124.34018798818
3.78539670096353,1268.43935355225,7124.3404950038
21.5921833119882,1035.67632248058,7124.3413569413
29.6391955364378,862.753923858151,7124.34174645692
47.6170647064071,2800.04774921849,7124.34261667568
181.061763942085,85.7664703146632,7124.3490760663
185.589963520524,746.563033615644,7124.3492952538
195.984680053093,411.401440691961,7124.34979841005
209.032789871978,938.844335607314,7124.3504300038
222.119958077776,2469.62650329863,7124.35106348817
251.043235845603,1173.9076377637,7124.35246351943
349.094509595533,91.2847922251991,7124.3572096913
354.15048268662,25.6210885840602,7124.35745442568
0.667436021633172,196.354252302022,7124.3577698788
8.50333886357079,1092.18811772394,7124.35814917568
18.8383379041133,191.902077562034,7124.3586494413
24.1477067991207,1460.55667560319,7124.3589064413
39.5564327634801,34.2853558044087,7124.35965230068
46.8771512055905,232.45884384071,7124.36000666005
64.0192983244533,1077.22220032969,7124.36083642568
174.159974061499,109.22913962208,7124.36616778505
189.914093027929,814.725231723656,7124.36693036317
196.024967507348,146.866435679627,7124.36722616005
205.005186500656,731.101235107445,7124.36766084755
219.244740887697,76.8708985354749,7124.36835011317
221.740286327271,924.647969302583,7124.36847091005
241.05905515773,1546.92114673338,7124.36940603505
352.206516781318,74.260125826342,7124.37479461318
357.185018547646,108.36564978689,7124.37503559755
4.23523291490953,191.999957599442,7124.37537686318
9.7825033789493,538.611100164843,7124.3756453788
15.9253347272211,994.813231791625,7124.37594272255
28.707136792094,1661.60418757499,7124.37656142568
45.9638768996348,71.2910980249504,7124.37739673817
59.185006038036,239.46603033842,7124.37803670693
81.2297975217711,1177.99792143103,7124.37910378505
177.566695148696,663.863242156282,7124.38376697255
190.613190931543,693.540169738327,7124.38439848818
196.725356609729,429.98091198676,7124.38469434755
211.942340947609,981.426717672207,7124.38543092567
227.561530695097,1286.32549056817,7124.38618697255
247.108517216573,801.33155666573,7124.38713314443
355.885374627751,144.675244007075,7124.39239848817
2.72867600849491,76.3189650365703,7124.39272973818
7.64520068495438,1092.73856629954,7124.39296772255
26.1308298618413,81.3825326573259,7124.39386251943
29.2064419131803,335.086514091643,7124.39401139443
41.1118494664176,95.8530824157755,7124.39458767568
45.1516569067067,1961.62797116983,7124.39478322255
59.7672700410607,1280.70409832759,7124.3954906913
175.991382434043,46.3065072398017,7124.40111651943
181.247166993587,617.406625824657,7124.40137092568
189.637635497115,927.893539781621,7124.4017770663
201.857770382337,538.890099210931,7124.40236858193
219.461517527986,2268.62928442984,7124.4032206913
253.706107629101,1035.67632248058,7124.40487830067
350.150819563912,82.8696139487661,7124.40954670693
1.49197757754397,258.773918959676,7124.41009567568
4.69218937042578,69.6244034648075,7124.41025058193
11.4576966267203,1212.20822268953,7124.4105780663
28.8319348825861,1228.9562700829,7124.4114190663
41.7874019039375,429.28119392549,7124.41204617568
51.8360797598953,1940.67362180306,7124.41253258193
180.372425815751,61.0705583325988,7124.41875672255
185.857073665696,785.417009208089,7124.41902220693
198.950052265945,781.964604179564,7124.41965597255
204.594484723202,352.786383439607,7124.4199291913
216.959232705383,1388.81317557349,7124.42052770692
237.149554089681,2042.11958454437,7124.42150501943
349.580476240662,42.3597407150922,7124.42694723818
358.779551771504,70.562597431767,7124.42739251942
6.83721634820242,693.973489784838,7124.42778255068
15.4752703363568,26.8081824100763,7124.42820067568
23.6410719830552,1608.65443188385,7124.4285959413
40.5466086564954,909.569419782486,7124.4294142538
72.7478923040757,2012.46197484295,7124.43097295692
176.674721286769,638.000430264185,7124.43600353505
183.867289303463,186.640758403911,7124.4363516913
188.631453652784,929.188559428695,7124.43658230068
205.320716261381,91.4390299588952,7124.43739014443
212.959389994815,1220.11822867307,7124.43775989443
228.959480484992,1871.27380257834,7124.4385343788
356.047979354466,50.7354991352571,7124.44468609755
358.984465828449,89.6230450964097,7124.44482823818
3.43293448428749,131.547162052215,7124.4450435663
13.3876783815238,301.311087191891,7124.44552542568
17.7354343226934,941.402511500655,7124.4457358788
27.0852562197947,63.4841484936643,7124.44618845693
38.4832265658063,1816.49284503038,7124.44674017568
59.1064190297977,78.3237016910299,7124.4477384413
72.3336812496061,1753.16205996978,7124.44837870693
181.525010345942,67.674324477629,7124.45366411318
184.141604730451,986.315584761144,7124.45379076943
192.784177876711,904.930408385241,7124.45420911318
208.446622444683,436.227942657297,7124.4549672538
221.934059261939,1957.94624957557,7124.45562011318
238.970328871065,1944.38776190964,7124.4564447538
348.877227124557,27.6279294580961,7124.46175398817
351.147460107919,82.1866116829106,7124.4618638788
358.166363168135,286.479118205563,7124.4622036288
9.20764252286504,305.029557168268,7124.46273808193
13.9388815666795,276.058148562797,7124.46296709755
17.1077820149353,1261.78578696567,7124.46312048818
36.7800138397589,2230.1387403445,7124.46407272255
69.5762128097662,1886.63329403482,7124.46566022255
174.86556891956,38.6183342249158,7124.4707567538
177.407274339266,774.625696919884,7124.47087978505
193.563275878034,762.105656360035,7124.4716618163
204.044824888842,1490.70811250596,7124.47216917568
224.409779553537,1910.70004262883,7124.4731549413
253.780777036563,852.941661744211,7124.47457664442
349.712241369698,137.141423217635,7124.47922020693
359.281242566447,71.0931521985536,7124.47968339443
3.59445924123053,371.667335796744,7124.47989217568
12.5294866534823,892.217244530258,7124.48032467568
25.2476976676063,1115.06937017225,7124.48094030068
33.3240844761102,301.809521818797,7124.48133123818
37.4759024699649,47.9510355033685,7124.48153220693
52.5353618359526,1326.82054232447,7124.48226116005
72.7169676661524,2469.62650329863,7124.48323805068
173.094963894554,510.82421625992,7124.48809684755
178.586713224981,527.899779445562,7124.48836267568
189.578927402354,1235.78669519731,7124.4888947538
209.155934032111,1456.43441751275,7124.4898423788
218.980590668202,959.745283246605,7124.4903179413
246.162377326811,1489.90120241166,7124.49163367568
355.303995646407,57.5869386898464,7124.49691667568
357.378936244259,140.725223141125,7124.49701711318
6.33978748153506,139.113803809821,7124.49745086318
11.7259821019167,1135.37423906962,7124.49771158193
22.1179309418498,271.390521167092,7124.49820592568
30.0400206626432,55.3832257832454,7124.49858939443
33.4500506392701,120.202861553231,7124.49875445693
40.417306124595,1657.25633216596,7124.49909170693
74.3449094086179,1011.59436383114,7124.50073397255
172.326136113964,155.322421591109,7124.5054767538
180.835716764275,157.484789098383,7124.50588866005
194.471963112061,1013.96901985851,7124.50654872255
208.946513946065,1042.04267437069,7124.50724936318
220.787039249786,2024.37711038783,7124.5078225038
250.00341684541,897.592111748224,7124.50923672255
347.73770374067,85.7664703146632,7124.51396755068
357.00747191548,135.279232260643,7124.5144162538
2.66804420700939,106.793782150838,7124.5146902538
6.08033374389982,766.432528553906,7124.51485542568
20.8973723827495,1181.05636381927,7124.51557264443
37.5517728501106,1023.41246588367,7124.51637880068
60.9190645622217,2190.97251452638,7124.51750989442
176.892363548816,387.700760384746,7124.52312358192
186.126624020586,605.111349916143,7124.5235705663
190.954379495813,884.773532217054,7124.5238042538
209.843182368647,944.590516915866,7124.5247185663
226.147025076449,1607.15862840277,7124.5255077538
256.807597557502,176.499675985653,7124.5269918788
2.4149089586194,111.27417043344,7124.53210380068
5.23583396969187,65.4155271617718,7124.53224034755
11.7537557413591,213.939158055787,7124.53255584755
20.8734231492938,324.605314849791,7124.53299728505
29.1334815544057,1325.91382318026,7124.53339711317
46.4941624111115,291.420998443925,7124.53423745693
51.5565914208751,108.278927490879,7124.5344825038
63.3583810997961,132.614044745516,7124.53505376943
180.814001777236,28.8545801835349,7124.54072198818
190.587333638128,175.431905113932,7124.5411950663
199.017506165531,731.101235107445,7124.5416031288
217.730384634359,1034.51458510762,7124.54250892568
234.292787865992,2109.3200519573,7124.5433106288
264.248371156467,171.423361616796,7124.5447606288
342.730708231355,26.9174699890629,7124.5485595663
352.805209874759,125.404867046264,7124.54904722255
0.641758353658233,123.745791391627,7124.54942655068
4.34908455407426,202.941996541028,7124.5496060038
9.85729659362197,1048.37027947724,7124.5498726288
24.2963396494291,1081.12208074829,7124.55057155068
30.4498232747921,155.080295827226,7124.55086941005
41.1511971470536,847.992898123096,7124.55138741005
54.708681008893,89.4131574336043,7124.55204366005
68.9885850567707,1966.52583106527,7124.5527348788
176.905833465126,69.2184226602777,7124.55795861318
181.209043349466,684.816037210823,7124.55816691005
194.902424829323,672.859046257912,7124.55882973818
207.092862368378,1596.64936827397,7124.5594198163
229.516295034539,76.6260874196512,7124.56050522255
233.000568339006,1372.26352503461,7124.5606738788
256.759090346364,1563.92920835913,7124.56182391005
347.152968093475,37.256357721116,7124.56619942568
348.833773311591,103.940682449899,7124.56628078505
356.555405926964,1080.00930421071,7124.56665455068
10.4153507700813,210.039360903913,7124.5673254413
13.9628923631846,977.12893332158,7124.56749716005
29.936836266225,985.705739253717,7124.5682703788
41.7964066390226,1648.52620443412,7124.5688444413
64.9816407529845,92.765045645038,7124.56996672255
81.3816770173491,1804.53763043431,7124.5707605663
168.851334641185,40.6912663286629,7124.57499453505
174.651355347341,146.866435679627,7124.57527528505
178.020067264055,852.236448078969,7124.57543834755
191.138546852058,256.73285719563,7124.57607334755
197.686811531698,1325.00665994684,7124.5763903163
211.462829093802,1452.30028003596,7124.57705714443
227.986819462747,1372.26352503461,7124.57785698817
260.110631823149,650.598352969212,7124.5794119413
346.659704737934,58.6377335576316,7124.58358572255
354.223166706875,163.80069522981,7124.58395183193
4.58269833609555,314.252929234371,7124.58445328505
9.71517435286432,22.6014484905335,7124.58470172255
12.6874912544217,272.220024299941,7124.58484559755
16.779591793828,1210.22269983229,7124.58504367568
34.7671448418134,833.691837787143,7124.58591436318
45.6483168271177,1399.16456198819,7124.5864410663
79.3044475620612,81.0934236428196,7124.5880701913
172.974717303202,34.5752662611609,7124.59260430068
184.799425534765,95.3617740329094,7124.59317667567
194.645386800195,861.359039650011,7124.59365326943
206.253175292373,755.369988780785,7124.59421514443
217.152101110408,1153.23861571426,7124.59474270693
238.715279136785,1550.02732871168,7124.59578647255
356.178287314399,114.190865097008,7124.60147226943
2.9773654380049,47.2106242987991,7124.6018013788
8.96686813521994,452.46520419262,7124.60209130068
18.4022312742152,1266.54187138087,7124.60254801943
28.8721595337,255.41210812996,7124.6030548163
39.4770170872847,72.0774134821411,7124.60356814443
51.1412951121507,2637.27706339978,7124.6041327538
177.363729022545,58.837656968791,7124.61024255067
184.984003361444,847.283576632663,7124.61061141005
197.517574342306,130.974578405052,7124.61121809755
201.35757023898,925.947540864058,7124.61140397255
216.878952431446,1871.27380257834,7124.61215528505
237.34849340711,1400.88252109649,7124.61314611318
351.355634427658,114.108569815308,7124.6186646288
3.78461913512878,98.2727649256887,7124.6192662538
7.5829741721979,162.302657424895,7124.61945011318
11.7673947094457,1164.65193045201,7124.61965266005
35.1453387738053,1259.87831278707,7124.62078426943
42.8529341918677,976.513425676728,7124.6211371913
52.0784791095394,51.3794909395848,7124.6215837538
180.082108190606,29.4387812738162,7124.62777976943
193.376512257772,83.0960369957445,7124.62842328505
196.347215236028,678.642420037789,7124.62856708193
210.065129266985,1007.42536535137,7124.62923109755
228.32899674669,829.353419273815,7124.63011516005
247.63582213887,1578.47068749106,7124.63104970693
345.82848102642,29.7167013219024,7124.63580272255
349.26046123177,88.5155698737705,7124.63596884755
354.464275416733,99.6964039101655,7124.63622073818
7.67701183830587,1121.52109821295,7124.63686030068
14.778228143498,737.65094033007,7124.63720403505
30.0768802397066,1331.34425706061,7124.6379445663
43.1508138084582,43.5354877148519,7124.63857741005
47.5282670957954,227.557542253898,7124.63878930068
62.8182036754844,460.695509518771,7124.63952941005
180.69794309852,29.2185615979879,7124.6452353788
185.708724570972,144.545320157619,7124.64547792568
196.395895369533,283.048084970261,7124.64599523818
208.360374852992,945.226785731279,7124.6465743788
218.380000999745,106.441327973883,7124.6470593788
226.848263627721,1127.93596684924,7124.64746928505
246.734187195012,925.298004883501,7124.64843186318
343.012981328368,29.8153272904056,7124.65309223818
358.762903973963,124.351653973953,7124.65385461318
2.44408362482053,176.393191719804,7124.65403280068
10.1047075869781,283.048084970261,7124.65440361318
17.4254260290886,725.321636085852,7124.65475797255
23.38038938476,1116.14728570686,7124.65504622255
40.4686293684684,1509.94383663061,7124.6558733788
59.0439961832415,67.5353661883094,7124.65677251943
72.4194223717747,279.036821426715,7124.65741995693
178.478210055412,42.4704889312455,7124.6625366288
186.549109306735,190.131549393513,7124.66292730068
193.451805342235,834.412650085881,7124.66326142568
205.225511635869,202.756741951582,7124.66383133193
209.272097756949,939.484601225615,7124.66402720693
226.246713113476,1633.87237073209,7124.66484886318
255.702929076283,312.333797714004,7124.6662746913
269.209733724728,1394.86078243323,7124.66692848818
334.539697507032,23.3929282195122,7124.67009078505
344.008631550917,92.6637239162531,7124.6705491288
356.030246128869,207.881364899798,7124.67113103505
0.647214983697406,1118.2998971293,7124.67135451943
13.1181632753074,56.7240074356157,7124.67195817568
20.6474087399744,1583.0348143453,7124.6723226288
40.2809049399977,1707.29252957358,7124.67327298818
56.5295492762989,1071.06501445742,7124.6740595038
178.950722989977,100.447414275173,7124.67998530068
186.018045628167,158.910024028458,7124.68032739443
194.142206415261,905.594599309723,7124.68072064443
202.379991829536,910.890474159487,7124.68111939443
218.684802898834,1365.23514715492,7124.6819086288
254.553063123571,1695.98579624619,7124.68364483193
341.632136089123,32.1647083967314,7124.68785989443
352.586583003192,137.89289154964,7124.68839014443
0.426036604160096,88.9918902458042,7124.68876961317
3.47743886651225,695.271840100986,7124.6889173163
15.3728397420416,21.6866715557762,7124.68949311318
18.1731057231578,259.20918189648,7124.68962866005
22.7000141779867,1623.53597232823,7124.68984778505
40.7547090357517,1354.62430161937,7124.69072172255
72.4934242950494,1480.18441947784,7124.69225803505
173.07639671182,33.2596068741697,7124.6971267538
178.33476363132,125.85353592609,7124.69738128505
183.039533325884,905.594599309723,7124.69760901943
197.445328238915,337.989664034311,7124.69830633192
206.082413903151,1098.22695382178,7124.69872441005
219.135688404368,1501.15808672524,7124.6993562538
231.942345857611,183.083437299558,7124.69997616005
250.054175847448,1531.2953127733,7124.70085286318
347.042854331003,66.8713556750689,7124.70552322255
352.439701266054,101.007022190736,7124.70578445693
358.464711666309,72.4673793195407,7124.70607609755
2.97451177505503,351.291967737311,7124.70629439443
10.0644302037724,211.288014861921,7124.70663758192
15.5913644375476,1261.78578696567,7124.70690511317
31.5549788631883,149.025430884464,7124.70767783193
37.2494448592991,1337.65187815271,7124.70795347255
62.2855983136679,1190.18439548313,7124.70916534755
167.157900415927,28.5888222817388,7124.7142416913
182.52304876011,438.290514992445,7124.7149854413
191.275050137559,277.416062344216,7124.71540908193
194.654414368943,293.732871359254,7124.71557266005
208.480788269592,1021.64843251984,7124.71624192567
218.495572458547,1408.58680275358,7124.7167266913
241.378668390923,1320.46118483942,7124.71783434755
349.622264769851,23.4430756057558,7124.7230738788
352.952563823879,139.113803809821,7124.72323508192
0.471479811145983,128.877700178442,7124.72359903505
12.7051721706854,1191.19436536863,7124.72419120693
23.3352078747535,1200.24534755458,7124.7247057538
37.6728926165077,650.598352969212,7124.72539976943
58.1398512322169,1575.42046075321,7124.72639047255
72.7900036705358,882.732498208583,7124.72709961318
170.604989849892,61.2241993214191,7124.73183434755
173.275814169246,131.40424859337,7124.7319636288
181.659181117134,126.449295478892,7124.73236942568
190.563542784143,1022.23685072289,7124.7328004413
202.606784791127,1093.83835322774,7124.73338339442
215.488976808556,191.117191516987,7124.73400695693
229.967078326434,840.157443615652,7124.73470776942
239.125158672213,2037.40335713576,7124.7351510663
350.015046781817,34.3879577591188,7124.7405186913
354.860556052197,68.9805088049944,7124.74075323817
359.934928575397,288.830542816143,7124.74099886318
12.3377666957307,291.678792230243,7124.74159922255
17.4034237024115,1407.73281920303,7124.74184442568
26.1279873315349,433.809238531424,7124.74226673818
32.4622374314373,54.0960609640706,7124.74257334755
39.9359617624914,2189.87428191042,7124.74293511317
85.6265087747274,274.419820200933,7124.74510570692
189.177279010107,633.745445011158,7124.75011808193
196.604197761646,76.3804852699224,7124.75047758193
199.817644229153,1107.49476256444,7124.7506331288
221.834029565488,620.805629125698,7124.75169883193
229.650241776544,1358.17046498232,7124.75207717568
253.977532519192,2459.8687531352,7124.75325473818
340.67699594082,32.5096963238458,7124.75745142568
344.842048646879,171.313727093114,7124.75765303505
350.930972897575,131.189586971558,7124.75794776943
0.504493214851065,1313.15569529278,7124.75841117568
10.8314223382575,208.963138459417,7124.75891105068
14.4406182215379,745.757289255522,7124.7590857538
24.4502376530038,92.5622842262719,7124.75957026943
32.1331345684193,336.652872245935,7124.75994216005
36.4395724496762,2606.08734592438,7124.76015061317
68.7183274971714,504.607078344321,7124.7617130663
175.344709746312,63.5211327981722,7124.7668743163
187.489955666732,636.585228974695,7124.76746220693
201.117809260111,702.583935474621,7124.76812186318
208.267122418742,719.913406665995,7124.76846792568
226.598131708227,2192.06963691931,7124.76935523818
266.034915393294,171.532940629326,7124.77126417568
355.973003432913,147.886355938986,7124.7756176288
359.732300007912,90.5615304969132,7124.77579959755
3.10585395758029,156.046536803345,7124.77596289443
13.8675908836736,1271.28019222766,7124.7764838163
23.0250255924905,57.3007405413328,7124.77692708192
28.9761154270184,826.448465218732,7124.77721514443
42.0942722153296,838.72497835813,7124.7778501288
63.4560247372101,292.193658157913,7124.77888414443
174.936309011136,33.9584124708914,7124.78428034755
188.161634507951,221.871895855763,7124.78492051943
194.100465723557,374.286851512196,7124.78518708192
205.000359940667,647.355724581189,7124.7857146913
212.985395075248,947.133149686863,7124.78610120692
232.342576843552,856.458903797375,7124.7870381913
262.790103106364,1397.44482652304,7124.7885120038
345.178286688938,39.2517095215705,7124.7925000038
348.087012577325,113.365178355807,7124.79264080068
1.90273412572588,179.76943544884,7124.79330955067
7.99230397580525,1113.99045543692,7124.7936043163
18.7330591474076,930.48180271893,7124.79412422255
35.284164464987,42.1373803904945,7124.7949253788
39.2616720157154,1863.54642828235,7124.79511791005
56.293099667044,2258.00311781654,7124.7959423163
175.245494311144,51.3794909395848,7124.80170020693
183.029749578191,787.710230376604,7124.8020770038
188.040531050642,967.233737547701,7124.80231955068
203.181012500418,477.360206918576,7124.80305242568
214.301700015635,1481.80823167365,7124.80359072255
238.004700926958,1018.70167856788,7124.8047380663
261.876201924534,2813.75656108196,7124.8058935663
335.531751923271,32.0916071494537,7124.80945886318
343.030977279657,101.192866586164,7124.80982186318
354.273036501921,207.881364899798,7124.81036603505
358.235695341987,1048.37027947724,7124.81055784755
12.5672469647554,1281.64268087261,7124.8112515663
23.2021246266208,35.9408197647682,7124.81176634755
33.2695247519631,1400.88252109649,7124.81225366005
51.7445016141802,2857.85684006612,7124.8131479413
174.833865616629,71.3569550669924,7124.81910608193
188.69413322186,790.757459512292,7124.81977698818
196.865422425739,1088.88009719976,7124.82017251943
211.377094848507,1322.28117344368,7124.82087495693
226.388457436213,87.8229919343276,7124.82160158193
238.562432303725,1503.5592770829,7124.82219086318
270.590050994827,2782.8164217425,7124.82374116005
334.584409961654,40.5756643562238,7124.8268202538
342.798953986018,114.601481082666,7124.8272178788
351.957034294218,398.785615640662,7124.82766117568
356.57981346834,957.86412135368,7124.8278849413
10.3852055769201,1402.59814873644,7124.8285531913
25.0695745570907,931.773214141174,7124.82926398818
32.9803663638309,176.073350344197,7124.82964691005
50.9743753304938,3043.68552583867,7124.83051791005
176.187099546347,135.418051772085,7124.83657883193
188.082177622185,177.878184404179,7124.83715461318
193.059710914281,1227.97738644209,7124.83739555067
210.045946984553,850.824299902797,7124.83821776943
226.215828834909,1395.72264856724,7124.83900047255
250.210961212532,2822.29106751686,7124.84016195693
344.848008589842,38.4354492677375,7124.84474286318
348.515953566075,123.289448095143,7124.84492041005
351.170960850849,310.160591654451,7124.84504892568
3.50956228347119,284.636758607348,7124.84564617568
8.54584470609765,1863.54642828235,7124.84588995693
30.2261981562643,108.8845680286,7124.84693939443
33.9122197273404,360.374036167954,7124.8471178163
50.3103192311335,2187.67670645548,7124.8479115663
83.2043257185845,2945.70945413852,7124.84950380067
165.558938396269,181.434006707448,7124.85349017568
174.901658700152,853.646264786789,7124.85394241005
180.357900365118,942.679045934369,7124.85420651943
199.296091327736,2155.56039684373,7124.85512322255
220.579726925476,986.924986179361,7124.85615345693
232.92768951158,1707.29252957358,7124.85675116005
355.947329269137,102.208970453876,7124.86270592568
0.639509850881304,127.779606340361,7124.86293305068
5.85946390769411,20.0696004953871,7124.86318572255
11.1749659968443,333.287369924662,7124.86344301943
18.2694036212457,1261.78578696567,7124.86378642568
33.0322122876709,1107.49476256444,7124.86450101943
53.9736828050994,36.556348226302,7124.8655146913
61.8299218773017,2055.0332546776,7124.86589497255
176.354897153394,47.1359444531583,7124.87139659755
186.290918818825,1005.03516620165,7124.87187755068
202.961459120458,863.450533294952,7124.87268448817
216.263287580534,1661.60418757499,7124.87332836318
234.468405967287,890.868490088792,7124.87420958193
260.989103892765,2540.66767624295,7124.8754933163
337.244139967506,32.8152956197147,7124.8791844413
343.881173923535,98.2727649256887,7124.87950570693
349.083374185196,116.55228171481,7124.87975751943
356.100986009066,803.579314201386,7124.88009720693
6.08897801150018,972.812164157233,7124.88058067568
15.6305414975026,1215.18051177105,7124.88104253505
31.3026699810696,126.300622738107,7124.88180114443
40.6076230216494,2565.16119456762,7124.88225155068
65.4943213085265,1687.4560637703,7124.8834561913
176.971700422805,50.4569858117421,7124.8888522538
181.592220036664,20.5894728350087,7124.88907591005
183.806609086721,892.217244530258,7124.88918309755
192.561192824126,1026.93142878252,7124.88960686317
207.784310393727,325.530130629303,7124.89034373818
218.476323187664,1840.17001636505,7124.89086128505
237.259571388032,2490.95832849378,7124.89177048818
344.543814410964,20.7174034871915,7124.89696358192
352.470746127134,155.201407281425,7124.89734728505
359.74110819312,249.00531636618,7124.89769920693
5.68671047046726,164.943780855964,7124.8979870038
12.5138719793606,1583.0348143453,7124.89831747255
31.920441649556,96.0488980017438,7124.89925684755
36.9380018403764,140.457936947946,7124.89949972255
44.2183706216494,1735.2369541257,7124.8998521288
69.4482024254909,2820.58598699564,7124.9010733788
171.670339238352,195.587240847672,7124.9060214413
174.935110481058,178.405554218664,7124.90617947255
182.471780263478,724.492243975305,7124.90654428505
196.536378532851,1177.99792143103,7124.90722508192
204.615347738889,1746.28955740275,7124.90761614443
226.495146557945,1488.28616097774,7124.90866258193
259.575407077116,1542.24999437957,7124.91026383193
350.417650213967,138.165145990854,7124.91466105068
355.960724357172,172.842365420145,7124.91492936318
3.44122740659476,62.2135884476016,7124.91529145693
6.846738225116,1109.66424937686,7124.91545630068
17.2911655344259,1111.82951734179,7124.91596186318
32.6824604281677,261.374727417163,7124.9167068788
40.942518870858,254.084531192689,7124.91710670693
51.313025576862,1695.98579624619,7124.9176086913
178.498363639861,70.6291344854115,7124.92376509755
184.604073324213,36.8443227316551,7124.92406064443
193.052645321308,835.132962784257,7124.92446959755
203.508693344363,549.660705839727,7124.92497572255
217.492915091753,1868.70141583029,7124.9256526288
236.297790758731,185.934739826976,7124.9265628788
263.195838667868,1155.32217126457,7124.9278648788
351.306571556684,202.199965104732,7124.9321298788
0.771954879116912,161.722801816921,7124.93258805068
6.87734176377685,1166.71516892097,7124.93288358193
16.022187397352,135.833649883565,7124.93332623818
24.9162195869614,1345.71809251582,7124.9337567538
40.4385701409236,85.8212181875651,7124.93450811318
45.2676167773389,237.733610575219,7124.93474186318
61.5466040591912,2606.08734592438,7124.93552984755
173.387130008272,42.6085139393351,7124.94094348817
183.285061610707,983.874204329993,7124.94142259755
196.287979773378,583.872672432761,7124.9420520038
208.609473010232,1149.06029136108,7124.94264842568
222.770910435552,185.530091290076,7124.94333391005
231.974182362388,2116.15014400479,7124.94377939443
0.483207525097393,51.8345887046134,7124.9499952538
2.9303333491196,256.73285719563,7124.95011370693
9.41823493734908,185.732526580829,7124.9504277538
18.2657843471352,1289.12680530391,7124.95085601943
28.6282211360032,298.050861768928,7124.95135761318
39.3838249431108,55.8897858549123,7124.95187823817
42.7780378851572,1409.4401201703,7124.95204253505
101.370254996762,1964.07845542979,7124.9548786913
174.467688574879,771.904262730772,7124.95841697255
187.47932225407,89.9891758332494,7124.95904680068
191.814166320306,1252.21943925169,7124.9592566288
206.810357397657,1534.43313610779,7124.95998251943
222.414375709948,764.468766067949,7124.96073783193
230.650869925457,421.150808671555,7124.96113651943
257.58345710098,1678.88303259645,7124.9624401913
342.639237005992,26.0753953151838,7124.9665573163
352.40837250847,103.306058152342,7124.9670301913
357.988245478324,882.732498208583,7124.96730028505
7.39584806930239,188.742979578826,7124.96775566005
17.0297315155677,68.1239994970717,7124.96822198818
19.6476170988428,585.415271814327,7124.96834870693
28.4967804319306,1506.75483201468,7124.96877705068
47.9482189586477,1408.58680275358,7124.96971859755
83.6618593335614,23.4180140556983,7124.9714473163
170.855525325369,27.1779682092799,7124.97566792568
187.621936421453,541.67220708834,7124.9764795038
197.514703266399,185.327447832506,7124.97695836318
204.600102537011,938.203736922105,7124.97730133193
216.271482117516,1408.58680275358,7124.97786628505
238.768512512134,943.316647017411,7124.9789552538
345.801296491718,34.9468717852908,7124.98413617568
1.90306813321834,271.113437255721,7124.98491558193
7.05265238333439,151.773829615287,7124.98516484755
12.0198562356095,871.076544228799,7124.98540528505
28.4621789213835,918.122522453046,7124.98620117568
36.7341808399322,1055.22990345719,7124.98660158193
62.9753363367733,73.8160227387041,7124.98787178505
76.4359810426656,2475.46250164987,7124.98852334755
167.102072054231,69.1844845301937,7124.9928836913
174.252030774667,984.485049038142,7124.99322978505
189.5868361733,555.914758670895,7124.9939720663
195.480145313951,1076.6638691706,7124.99425733193
217.196329191692,2489.02676247553,7124.9953085038
246.969209247056,1668.82530017176,7124.99674966005
351.427362501428,120.202861553231,7125.00180595693
0.573176496499572,37.7883939417512,7125.00224866005
4.07133015013264,957.236179210952,7125.00241798818
10.2406308476547,232.297139857174,7125.00271661317
25.876283266685,1401.74050144992,7125.00347345693
40.3101615650029,160.322574660476,7125.0041721288
44.303808987582,1876.40747384421,7125.0043654413
185.36878252458,62.251329091545,7125.0111936913
192.432877203431,577.140446544888,7125.0115356288
200.775894490481,1000.83874521317,7125.01193947255
211.509870906135,251.557746855369,7125.01245905068
225.417912527535,1882.80502300131,7125.01313226943
261.264545323241,1417.09799450496,7125.01486742568
343.317342543873,89.3606091900701,7125.0188391913
351.616782248326,29.5780656911493,7125.01924092568
354.145252955828,321.814963566425,7125.0193633163
1.99019411397698,271.390521167092,7125.01974305067
10.1766547906318,113.861309269936,7125.0201393163
14.7729646155038,1449.81415761691,7125.02036180068
32.9370877420362,1532.08035147401,7125.02124103505
48.5185102262203,128.731830750795,7125.0219952538
56.5054821965297,1454.78218360751,7125.02238186318
179.681033002678,85.4372267378167,7125.02834417567
182.463867988333,148.140236189143,7125.0284788788
190.482151303269,857.16067577124,7125.0288670038
205.741099300445,632.79603779165,7125.02960561318
213.682234052736,1463.02447934232,7125.0299900038
234.211169758314,1279.76484964876,7125.03098370693
357.735250426087,93.2700375266826,7125.03693797255
2.39805646135491,56.099506984264,7125.03716367568
5.30000359379401,182.466652898228,7125.03730414443
16.3522581004644,928.541243894188,7125.0378391288
25.7934315587535,424.704882373561,7125.0382961288
34.6232270982303,1343.92985629006,7125.03872353505
64.820262754347,250.359843967374,7125.04018522255
72.5422181318331,959.745283246605,7125.0405590038
167.837126358094,66.0230550786345,7125.0451717538
182.795550172142,719.495740764131,7125.0458958163
194.979531754941,835.852553837668,7125.04648558193
204.398432222394,742.525374519687,7125.0469415038
218.602478906394,977.12893332158,7125.04762905068
239.870620269244,1920.74312010959,7125.04865853505
350.994859188851,143.763279059073,7125.0540375038
357.305867898842,91.0787348318287,7125.05434298818
2.73983653539196,128.950572442221,7125.05460601943
7.89458554299705,1231.88814704633,7125.05485553505
19.9039338453994,132.614044745516,7125.05543684755
28.1714166058424,723.246351697071,7125.05583703505
40.7824588738839,2109.3200519573,7125.05644747255
68.3051194891943,38.4659908092555,7125.05777970693
74.8101293107711,1876.40747384421,7125.05809458193
169.308373947996,50.0832222916081,7125.06266876943
178.147530565797,942.041000762117,7125.0630966288
190.506468266263,135.556718627861,7125.06369486318
194.9778555499,957.86412135368,7125.06391130068
207.315811420718,1483.43037853493,7125.06450851943
225.901507750469,731.101235107445,7125.06540816005
235.662573298233,1725.5078477163,7125.06588064443
347.419817603262,28.8749215510142,7125.0712902538
356.716055127322,142.845499317978,7125.07174023818
7.06461160460256,239.622877096224,7125.07224116005
11.2077918977074,267.766253614354,7125.07243045693
15.3360457019588,1198.2399517052,7125.07263028505
33.6522063183596,1261.78578696567,7125.0735168788
55.9097212206438,35.3810106212826,7125.0745942538
61.9418331389598,2081.77608485016,7125.07488623818
167.363858869854,28.7117864206099,7125.0799891913
183.116041113291,892.217244530258,7125.08075167568
190.930639363467,133.391020451512,7125.0811299413
202.087802943221,1042.04267437069,7125.0816700038
216.517807645238,1694.56715326533,7125.08236848817
227.594917540279,700.870250724961,7125.08290467568
269.933648357785,2808.62377799451,7125.08495408193
340.49906043179,138.368969060387,7125.08836980068
346.519874398475,86.6383215170075,7125.08866123817
350.031908288538,90.975525723902,7125.08883123817
357.335841334571,1327.72648431256,7125.08918478505
16.1629899923851,391.75046540052,7125.09009611318
23.2154639574906,1429.76974704112,7125.09043748818
47.7474081639722,3034.18867808602,7125.09162495693
177.590013072009,64.9471032510007,7125.09790998818
186.667071258843,462.973770432029,7125.09834936318
195.80352417559,720.330906034405,7125.09879161318
204.762438577137,1435.64482524283,7125.09922526943
226.33594615607,896.251406423687,7125.10026953505
239.64487605905,1550.02732871168,7125.1009137538
346.061117362332,25.7582219442831,7125.10606483193
354.685291038899,118.86680528761,7125.10648228505
1.35847822219507,137.756570040004,7125.10680530067
6.99322676385762,960.371560054796,7125.10707805068
13.6318746431886,331.705135581117,7125.10739939442
27.6806558779816,168.438013536942,7125.10807942568
34.0830162243173,1777.68288978086,7125.10838933193
64.6051086522403,123.517834849096,7125.1098667538
75.6502615656926,1085.56208466837,7125.11040139442
170.178937462744,172.515945973117,7125.11495558193
183.635385735065,730.689897476822,7125.1156069413
197.126696111043,1011.59436383114,7125.11625998818
216.630427774456,1391.40821087125,7125.1172040663
234.069871117108,1018.11126196338,7125.11804822255
246.725136679866,1351.95865613724,7125.11866080068
348.084436492987,82.1866116829106,7125.12356709755
358.386510228023,86.2034957305191,7125.12406576943
1.21937875253205,338.434114066644,7125.12420289443
7.17369650882005,232.620450679732,7125.12449111318
18.7140203915267,901.60223731317,7125.12504972255
27.9402109461604,1641.21560786157,7125.1254963163
49.0069268045153,69.0485654764039,7125.12651605068
61.6057028345854,1972.63116952229,7125.12712589443
172.32773645732,47.9510355033685,7125.13248539443
179.338892324934,891.543117109705,7125.13282476943
194.082010398056,890.868490088792,7125.13353841005
208.321241985405,1553.90145195611,7125.13422766005
231.900611516681,52.9108527824729,7125.13536901943
235.743835372694,1589.10018477343,7125.13555505068
256.228547821134,1351.06892340531,7125.13654661318
344.223396560083,119.811438548112,7125.1408060038
352.433098589071,249.156167919651,7125.14120339443
357.508762311038,104.031026848528,7125.14144908193
6.44895451835751,1140.65756839921,7125.14188183193
12.4736420813424,314.730852490896,7125.14217345693
19.9105675105894,1314.98578692657,7125.1425334413
33.1249178930427,40.2852126657471,7125.14317308193
52.3542718853078,1572.36423881102,7125.1441038788
86.7964139697744,2232.29457141372,7125.14577105068
163.811314769322,38.1286946460335,7125.14949895693
178.089927618433,619.836348914049,7125.15019011318
183.576512191371,1077.78019842186,7125.1504556913
193.411175542748,1115.06937017225,7125.15093173818
214.012740615287,173.817960025247,7125.15192895693
219.272398695975,1911.95836940494,7125.15218355068
238.346487239033,21.0826200247594,7125.15310683193
246.715651150799,2490.95832849378,7125.1535119413
347.049667734368,20.2008219180039,7125.15835220692
349.582980437246,97.40860201779,7125.15847483193
356.813315679665,280.648199124656,7125.1588248163
8.0105061205643,1059.77837616678,7125.1593668163
14.4296519005556,1316.81354709201,7125.15967753505
30.1576243550059,280.915873895893,7125.16043884755
36.8585721238976,35.1813057852812,7125.16076320693
40.6043112245793,160.556803963097,7125.16094451943
51.1016772699683,2103.61150720928,7125.16145264443
180.755122986638,33.6108259280099,7125.16772851943
190.080735094752,703.43914027049,7125.16817992568
195.226445786146,955.979184702471,7125.1684290038
209.835603001823,539.726208170777,7125.16913616005
229.693443221405,2045.64964967346,7125.1700973788
358.704199637057,48.5594203736284,7125.17634214442
1.16423741116988,128.293223267129,7125.17646122255
13.4634575820302,1155.32217126457,7125.1770565663
26.3508143569484,304.53639610073,7125.1776803788
35.830077878233,242.739051081742,7125.17813922255
43.8787041387197,1587.58595159014,7125.1785288163
63.3966389134113,2622.64587824745,7125.17947358193
168.412585713554,65.1276671481682,7125.1845568788
174.418551082311,107.669879956251,7125.18484759755
179.173999952691,703.866409601517,7125.18507778505
193.383856993564,1393.99847221,7125.18576561318
202.944142636215,144.02443127004,7125.1862283788
215.80954918241,1625.01645473156,7125.1868511288
237.089634021119,2822.29106751686,7125.1878811913
352.34115838348,35.1144842369866,7125.1934599413
358.024649302808,317.583459530368,7125.19373505068
5.68559602707881,929.835375362842,7125.1941058788
20.9978055976043,1722.71807930002,7125.1948470663
40.9567349608265,1290.99109180686,7125.1957854413
59.6031171441012,40.4597327863243,7125.19668801942
66.0861768121119,346.770084869163,7125.19700183193
179.189162773007,37.6950519409558,7125.20247658193
189.389878156412,228.217139630615,7125.20297034755
192.66013691872,411.401440691961,7125.20312864443
201.228789499253,165.96581053907,7125.20354341005
208.139232652198,940.763689172286,7125.20387791005
224.604796803041,727.804205791216,7125.20467492568
232.425205372511,1349.2876815846,7125.20505347255
348.091524182143,26.5440551483476,7125.21065230068
357.966859956472,79.1588669613041,7125.2111303163
6.30374408695769,225.233776074418,7125.21153386318
12.6070056795042,26.8956471677351,7125.21183897255
14.7787854333034,944.590516915866,7125.21194409755
31.8508855827397,1173.9076377637,7125.21277047255
52.1641926725433,1777.68288978086,7125.21375373818
173.394890179563,22.1288924684426,7125.21962191005
185.882623979985,350.43512536248,7125.2202263788
192.766920583372,173.709838180436,7125.22055961318
200.609924980949,1020.47081895762,7125.2209392538
211.147963486867,1216.16972048599,7125.22144934755
240.280413839056,933.062849206578,7125.2228595038
346.10496777925,34.2682271448069,7125.2279819413
1.52854241669326,216.557854981758,7125.22872851943
5.44536403874101,64.2197892086749,7125.22891811318
9.44708134087765,176.393191719804,7125.2291118163
18.0108919636131,923.997489632455,7125.22952634755
25.8271041746695,289.869517278163,7125.2299046913
34.5371419304008,459.061261226523,7125.23032630068
44.3892363148174,310.644843182217,7125.2308031913
51.0285297935319,98.1771261510112,7125.2311245663
64.0359671143089,2463.77629409267,7125.2317541913
169.271236717164,35.3810106212826,7125.2368373788
176.813394094343,580.257342175372,7125.23720245693
191.398018721341,1086.11575289075,7125.23790842568
198.03279304195,488.256712838364,7125.23822958193
215.60490604328,1480.99654762035,7125.23908016005
236.303633071458,2396.47990341041,7125.24008208193
348.124468427236,35.3478080139524,7125.24549476943
352.970300534885,104.12128798043,7125.24572933193
359.383958757696,68.5707116088174,7125.24603978505
6.48582066227146,868.311145207912,7125.24638355068
16.6245589933859,249.00531636618,7125.2468743163
20.9177622000177,1205.24434876756,7125.2470821288
38.8681935465044,79.9853031030473,7125.24795101942
50.9550131736645,2810.33574189848,7125.24853608192
174.52760466951,30.9933329001311,7125.25451761318
179.41378636284,401.040756159432,7125.2547541288
185.289341633182,875.894856644521,7125.25503853505
198.149906221579,155.322421591109,7125.25566105068
209.935878828341,1985.99692247114,7125.25623155068
234.864218012401,1601.16175873526,7125.25743820693
257.649506314597,842.301617343111,7125.2585411288
345.7353838902,76.5647614753284,7125.26280492568
350.037625450621,63.4841484936643,7125.26301317568
355.027747855538,108.798248188435,7125.26325472255
4.45181311805815,848.701664502016,7125.26371089443
12.199269483298,1026.93142878252,7125.26408591005
23.4200241513791,765.647656386648,7125.26462905068
35.5665612329877,75.8249921184451,7125.2652170038
43.9108697563833,1569.3022437091,7125.26562091005
58.96290476704,262.808497186739,7125.2663495038
184.31443172298,48.6319179371364,7125.27241714442
189.821029764069,443.065806265963,7125.2726836913
201.195758720169,675.08931778093,7125.27323428505
207.013210421785,1112.91043047856,7125.2735158788
226.138946539734,1198.2399517052,7125.27444166005
260.095601570541,1189.17364844151,7125.27608533193
345.470258671898,77.2974531604298,7125.28020705068
356.572869554692,163.111010809125,7125.28074447255
2.74862620847045,913.526920776064,7125.28104341005
10.7414085356524,70.8946651384323,7125.28143030068
18.4162355339318,1138.54703442939,7125.28180180067
35.7301107735443,292.964291714881,7125.2826398788
47.5454579267821,194.140925557917,7125.28321180068
56.9775931064386,2146.61599606814,7125.28366836318
180.23578006999,181.330409021463,7125.28963467568
189.727309904404,451.134407608578,7125.29009411318
204.09372359325,467.175353957572,7125.29078951943
209.356932508126,1620.57045560715,7125.29104428505
239.17403578305,2177.76019439953,7125.29248758193
353.466529551528,93.6720562227933,7125.29801991005
4.78121817833131,160.322574660476,7125.29856759755
11.0228254807005,1237.73125082494,7125.29886972255
25.8618143106949,42.8284317732786,7125.2995880038
28.4516165838396,1087.77531426796,7125.29971336318
49.1845600787116,2408.49229449225,7125.3007169413
175.343080138665,49.9423419286771,7125.30682364443
186.340781910798,271.25202084477,7125.30735598818
195.118929912962,1012.18855519392,7125.30778089443
204.90000885372,942.679045934369,7125.30825434755
220.434625720811,992.998461235572,7125.30900630067
236.797863158526,1616.11235505177,7125.30979836318
354.414522786889,96.4880328413464,7125.31549159755
3.56453317795316,147.122078408835,7125.3159345038
7.30962667925137,91.2847922251991,7125.31611578505
10.5995761475981,984.485049038142,7125.31627503505
27.8940835184426,970.956204326967,7125.31711217568
37.5389420414909,204.601696696116,7125.31757903505
49.889487025129,1873.84241456812,7125.31817686318
90.7539858305425,45.8733710739789,7125.32013436318
175.21065412987,45.8477665554735,7125.32422248818
181.983262866647,193.559376859831,7125.3245503163
192.476432553622,217.7691360572,7125.32505823818
195.776388662098,384.195592006975,7125.32521797255
206.677574002818,1575.42046075321,7125.32574564442
225.7632832972,72.9196980575608,7125.32666948818
233.688923777024,1381.86895259906,7125.3270531288
357.906786858684,80.6287051013932,7125.33306589443
6.18750429375228,55.5103012167546,7125.33346672255
6.64038884159734,110.596691527132,7125.33348864443
12.576952727576,605.111349916143,7125.3337760038
28.3514079618495,1330.44075756317,7125.3345395663
41.1926047566363,175.431905113932,7125.33516114443
58.4603199785386,1755.90342266219,7125.33599698818
180.839852832613,33.4181120276167,7125.34192076943
182.902204355223,736.019023506174,7125.34202059755
192.644224871489,218.286194675343,7125.34249216005
201.506945754051,174.788114537527,7125.34292116005
208.209830283514,1469.58523128404,7125.34324561318
226.923677113839,934.350707915144,7125.34415145693
246.596554538046,2408.49229449225,7125.34510372255
347.206319141337,32.7973967428896,7125.34997373818
349.4765521247,88.4624803965117,7125.3500836288
353.404026061417,214.29016894281,7125.35027373818
7.24040663977428,409.937417344963,7125.35094348817
11.4700188332356,947.133149686863,7125.35114822255
21.4447761234663,119.654522401369,7125.35163105067
26.1969970345073,2025.56482697958,7125.35186108193
62.0252303980989,1099.86819651908,7125.35359534755
174.90064430494,91.7467421479579,7125.35905908193
192.033991007958,823.533297111823,7125.35988326943
198.218463215834,111.442889638713,7125.3601826288
204.705396442567,276.330291981708,7125.3604966288
223.210070650951,1077.22220032969,7125.36139234755
231.186067506899,1496.34404866816,7125.36177842568
268.358105728206,1171.85716685952,7125.36357773818
343.965933418981,63.7425875971154,7125.36723753505
347.033152753492,175.21756268124,7125.3673860038
2.21527506287252,239.309044802738,7125.36812089443
5.42581633315408,950.301948243748,7125.36827630068
17.5862337263497,90.4057939621339,7125.36886492568
27.4877160502366,1926.99345369363,7125.36934420693
47.421413633696,52.1958101740161,7125.37030909755
69.320300784127,1096.03481845966,7125.37136911318
173.847532646428,168.326436122967,7125.3764287538
185.268098745389,86.2579729865587,7125.3769815663
190.591670751676,862.056814820988,7125.3772392538
206.249596161542,862.753923858151,7125.37799717568
220.129554435233,1298.42125939916,7125.37866903505
241.671104994999,111.611359043806,7125.3797117538
247.170278718335,1581.51491902458,7125.3799779413
357.36195639331,222.210361222608,7125.38531176943
1.23164963615094,73.4971597471379,7125.38549908193
4.48802812445075,118.470969145967,7125.38565670693
13.4630824730054,1239.6726978281,7125.38609114443
26.3197734275238,271.94382856699,7125.38671347255
36.1792921672715,58.3566875378416,7125.38719072255
42.0803483877886,405.142613901788,7125.38747636318
50.7041993022427,1982.36049797629,7125.38789380068
176.546055269639,40.0806436651191,7125.39398517567
184.5775732592,399.538735429417,7125.3943739413
194.178531362381,1180.03773419417,7125.39483867567
209.367109628017,483.305950815804,7125.3955738788
219.34961407327,1196.23111416445,7125.39605708193
234.957505906705,1805.86989806386,7125.39681258192
350.24881654298,22.3401522975175,7125.40237842568
352.196252239642,88.8333989701451,7125.4024726913
3.24140519067266,174.788114537527,7125.40300733193
7.94230128893611,255.559212680723,7125.4032348788
16.2807994178808,48.992782053503,7125.4036385038
19.6324031388262,1578.47068749106,7125.40380073818
40.6597377354189,1415.39968634419,7125.4048185663
70.034608814746,1012.78241348979,7125.40624045693
172.867477947036,95.3125078861916,7125.41121808192
183.281239548682,51.6984788312413,7125.41172216005
190.091938386032,840.157443615652,7125.41205183193
199.551834113706,863.450533294952,7125.41250973818
219.484886097782,1160.51468435074,7125.41347459755
237.596393287927,1496.34404866816,7125.41435128505
357.611436400226,50.2237071375866,7125.42016061318
358.582733269658,133.883126807177,7125.4202076288
5.7704592909762,143.893924553495,7125.42055555068
11.9181326346238,1054.66002597865,7125.4208531288
22.075270360274,318.056414538859,7125.42134478505
29.8769567355169,53.7038989667504,7125.42172242568
33.8024938740842,1352.84783375766,7125.4219124413
59.4819822288536,917.467435357366,7125.42315545693
74.7393162651496,2274.98087035372,7125.42389398818
167.316271717692,82.5288240524635,7125.42837517568
179.418262817628,941.402511500655,7125.42896097255
187.089216294763,838.72497835813,7125.42933228505
200.425583983647,1356.39866005732,7125.42997783193
218.059674074847,66.9064595393287,7125.43083141005
221.668869920549,1550.02732871168,7125.43100611317
257.379282336124,2040.94163791524,7125.43273467568
342.176824479417,92.2573059614074,7125.43683930068
354.529306186048,57.5461414631384,7125.43743722255
356.187838413328,125.404867046264,7125.4375175038
5.60480212020892,1330.44075756317,7125.43797333193
19.7894809730196,842.301617343111,7125.4386599413
26.7476981045547,247.339704273486,7125.4389967538
39.1515045863851,226.066443342887,7125.43959716005
44.0286480010823,2453.99567333493,7125.43983323818
184.976977066233,134.303471122088,7125.44664592567
188.591337707003,116.310225339866,7125.4468208788
199.272375424157,1085.00808337908,7125.44733789443
213.60618656961,832.970303843439,7125.44803172255
232.886865299496,2122.95803159179,7125.4489650038
349.437325738208,31.3512167615659,7125.4546066288
358.48404101707,86.6383215170075,7125.45504453505
8.64343837814038,366.986968591831,7125.45553630068
13.1451685697502,279.574974282326,7125.45575420693
19.9894383495693,1366.99562780507,7125.4560855038
36.4062600100111,81.5555054045625,7125.45688016005
39.7704528437768,1457.25975730926,7125.4570430038
73.4036649885005,1263.69037456442,7125.45867101943
168.705029133438,47.9510355033685,7125.46328408193
183.360023567133,728.62987865463,7125.46399345693
190.183634241839,140.324099562328,7125.4643237538
195.909088782884,244.128356419182,7125.46460089443
206.910018514356,59.1958218554289,7125.46513339443
209.24610210873,1263.69037456442,7125.46524647255
225.224887969568,1449.81415761691,7125.46601992568
257.042688476925,781.195330645801,7125.4675600663
338.718135789056,31.2386436163159,7125.4715135663
353.249821679974,57.5869386898464,7125.47221697255
355.942273390782,258.773918959676,7125.47234730068
3.63743661932574,278.227607619641,7125.47271978505
12.7151404431215,96.6825716708364,7125.4731591913
15.8223866011999,276.466266546649,7125.47330959755
22.010409605685,1303.04367296219,7125.4736091288
40.4886144648192,729.042382019429,7125.4745035663
51.4075536758485,1437.31915258627,7125.47503209755
80.969001549009,257.755400356885,7125.47646301943
171.427761583215,33.3829526522056,7125.48084167568
179.177800345988,139.921838004931,7125.4812168163
189.363344256618,962.247947988715,7125.48170984755
200.454334425667,852.941661744211,7125.48224670693
216.465193451556,722.414572607022,7125.48301095693
228.821225954796,1564.69792678138,7125.48360905068
358.052452906442,99.8846838573542,7125.48986448818
1.47184399897172,72.01221563502,7125.4900300038
8.04948322508736,161.024221734252,7125.49034839443
18.3128212977447,311.128345309442,7125.4908451913
22.1176322910698,1254.13857077206,7125.49102936318
43.0542608507011,1208.23384630597,7125.49204280068
56.9435802402945,193.365143341673,7125.49271511318
67.0942620472671,1774.9751668461,7125.49320645693
175.680346306198,83.7716285229106,7125.4984625663
182.317057462536,972.812164157233,7125.4987838163
191.632017218402,224.398027937056,7125.49923470693
200.902753792287,863.450533294952,7125.49968345693
216.410901272549,1610.14868105269,7125.5004341288
231.726338839992,1219.13235062721,7125.50117547255
264.623250524668,943.316647017411,7125.50276784755
335.695131481981,29.5383370541025,7125.50620808193
350.774927040655,194.81720403558,7125.50693801943
356.34091977408,21.6460217805636,7125.5072074413
358.586620093606,103.124023209666,7125.50731614443
3.25620488482182,388.088255975916,7125.50754217568
13.5192201202089,277.686845739922,7125.50803895692
19.6300945620495,755.767892712811,7125.5083347538
24.7503043032682,1043.19597404867,7125.50858259755
42.6465057149089,40.7777527022812,7125.50944886317
48.8396934768831,2580.11856324458,7125.50974864443
171.079132316947,27.2427028852329,7125.51566564443
183.421930145562,710.667191761161,7125.51626309755
197.360637512204,134.792232930891,7125.51693780068
200.184467720502,972.812164157233,7125.51707448818
213.823619227935,1725.5078477163,7125.5177346913
233.413860532316,224.062851605922,7125.51868295692
244.010970930878,1738.00662750523,7125.51919591005
349.649957690582,88.0366751720985,7125.52430286318
1.95143745928415,92.2063675412588,7125.5248983163
4.65550988383655,969.096802805325,7125.52502920692
11.2173320377933,220.171700315852,7125.52534683192
23.8380583341652,344.377776295701,7125.52595773818
27.9337095950234,331.705135581117,7125.52615598817
36.577896739742,1807.20127751499,7125.52657441005
50.9711025775308,145.452386246525,7125.52727111317
66.0428282190686,2243.0421964259,7125.52800066005
174.24994853346,681.295131421678,7125.53323842567
185.871294575112,124.049090444167,7125.53380095693
190.037315680246,888.164819468074,7125.53400261318
205.553533115222,1652.89693043746,7125.53475367568
221.931941912977,1505.95669268228,7125.53554647255
255.158752402415,117.595461146536,7125.5371548163
350.312275415898,37.9434574038218,7125.54176072255
7.78593522524453,112.950079844687,7125.54260653505
11.245675978612,229.694291364879,7125.5427740038
15.7093161448049,386.341403313395,7125.5429900663
30.4721248488085,164.373223365821,7125.54370466005
36.7644112894148,1661.60418757499,7125.54400923817
62.8425542571831,990.573512105186,7125.54527155068
178.110218453817,154.351656456164,7125.55085108193
188.340631220967,829.353419273815,7125.55134628505
200.638882992753,931.127730474657,7125.55194158193
213.24088701974,1021.64843251984,7125.55255158193
232.627120497249,1367.87503546287,7125.55348997255
354.183520413037,74.5757275377734,7125.55937391005
0.996156010959801,69.8937435705815,7125.55970367568
5.86296994825727,323.909982169468,7125.5599392538
13.6191418300166,875.894856644521,7125.5603146913
28.3551583474997,1097.67928080373,7125.56102798817
44.7613277684287,1437.31915258627,7125.5618221288
70.800089436856,284.900714131453,7125.56308253505
176.638543873012,57.7498431020285,7125.56820095693
184.384386314951,224.398027937056,7125.56857589443
195.131920167344,269.165967292651,7125.5690961288
199.657537423406,949.669010097409,7125.5693151913
211.859595676206,1095.48625726319,7125.56990583193
231.730670570413,788.473175639126,7125.5708676913
263.279581001381,2148.85553795341,7125.5723948163
341.05822004688,37.6638858989864,7125.5761596913
348.669133269876,83.0960369957445,7125.57652809755
352.674724130734,935.636901289172,7125.57672198818
8.32102882685594,440.684627678323,7125.57747934755
13.6107070909821,267.906558049091,7125.57773539442
19.7490192811482,1366.11566503575,7125.57803251942
35.0718811663437,83.0394850104277,7125.57877422255
38.2336800965385,1862.25546094931,7125.57892726943
74.0996807610124,1163.6190899722,7125.58066336318
162.152955755643,27.2427028852329,7125.58492558192
178.400631768026,563.434687794739,7125.58571205068
192.15502186352,690.499268873879,7125.58637783193
198.301726770514,846.573644519566,7125.58667536317
215.946792013654,983.874204329993,7125.58752947255
233.281003445953,1787.12800114056,7125.58836853505
350.85279433053,26.3665009964109,7125.59405959755
356.075330784876,109.658331026719,7125.59431239443
4.48355312113421,92.8662632904143,7125.59471939443
12.226490365847,352.146700688394,7125.5950941913
20.219595455142,1458.90910463464,7125.59548109755
36.1941849575658,40.7777527022812,7125.59625434755
39.0954864906215,275.78578309928,7125.59639478505
51.0470540615689,875.208128192639,7125.59697330068
67.4674265561982,1979.93266226604,7125.5977681288
179.721455791362,58.3566875378416,7125.60320178505
184.832304416677,995.417415161626,7125.60344917568
190.353428331159,415.039030920994,7125.60371642568
205.776034569526,797.571231281324,7125.60446295693
216.301806724738,1687.4560637703,7125.60497245693
231.925838430023,1026.34578613703,7125.60572873818
263.149171541801,2310.64434252914,7125.60723826943
337.622366959221,34.2682271448069,7125.61084314443
345.143542506752,119.103657492126,7125.61120720693
350.912574667974,88.7275877770044,7125.61148645693
356.140275842231,337.989664034311,7125.6117395038
4.94941235175143,1476.93113294878,7125.61216591005
18.6427938316085,869.694982696956,7125.61282873818
26.2194905127525,904.930408385241,7125.61319548818
47.8975843274983,273.322142696486,7125.6142448163
55.8309719623451,110.511717832384,7125.61462883193
66.6285393911702,3279.49933875971,7125.61515148817
172.976024886214,114.437410936308,7125.62029923818
178.757968922369,918.777165459517,7125.62057911318
189.250170172691,168.660960198075,7125.62108698817
198.952163865389,1820.46033803118,7125.62155661318
218.274806254571,718.659576293135,7125.62249192567
229.568835888996,1113.99045543692,7125.62303861318
267.64406080846,2984.64120085384,7125.62488164443
340.931299139748,41.604508033144,7125.62842911317
343.697994253553,177.349246399672,7125.62856303505
352.536182509857,294.75458185324,7125.62899084755
358.750997663285,813.986877901129,7125.62929167568
5.23599412944565,1351.06892340531,7125.62960558193
26.2972223930413,77.1149394340753,7125.63062505068
28.4209054061374,76.7485866526307,7125.63072784755
37.5276609391387,2781.08736040394,7125.63116866005
83.2667378176772,2069.02917021523,7125.63338266005
171.589548525658,44.6277043097965,7125.63765792568
175.543491849205,843.015157681037,7125.6378493163
188.557062288968,905.594599309723,7125.63847923817
204.361214869409,295.518526316485,7125.63924423817
208.770302301064,1661.60418757499,7125.63945766005
227.253671917687,2236.59979425861,7125.64035234755
354.710482492187,66.1296920001497,7125.64652189443
4.36130039921833,75.9487819856908,7125.64697297255
11.0496590928684,1217.15804102251,7125.64729672255
23.1697268252266,341.968758865718,7125.64788339443
37.2478825689169,855.053750026258,7125.64856484755
49.3895777303065,1623.53597232823,7125.6491525663
177.559447374942,36.0712779090555,7125.6553566288
185.609042034504,595.092197741565,7125.65574626943
195.286825863058,213.763437506564,7125.65621472255
203.178249876188,1140.65756839921,7125.65659670693
222.920528670438,898.930818671317,7125.65755233193
238.311177964796,1793.84407328342,7125.6582973163
350.80084917115,43.857976278483,7125.6637423788
352.88095456407,81.4402295601369,7125.6638430663
358.116080093658,108.192121928141,7125.66409647255
5.55946151673959,877.951711331093,7125.66445676943
12.478297424091,270.974798155521,7125.66479167568
20.6389342757217,44.4695461010447,7125.6651866913
24.8866231016055,1269.38692890377,7125.66539230068
43.441653686114,322.281701325977,7125.66629045693
54.2676273374969,2487.09342010045,7125.66681448818
176.274652165709,42.5257537517432,7125.67272023818
186.356901001714,129.096192069689,7125.67320826943
193.204721540563,1003.8380127142,7125.67353973818
202.38313804145,481.436279731184,7125.67398401943
214.755633216233,988.750858965659,7125.67458291005
234.684166042203,1842.78203807509,7125.67554755068
358.869426618049,137.961017609989,7125.68155873818
3.34565589706219,77.9630388025865,7125.68177541005
6.38317784782735,84.1632180614837,7125.6819224413
10.2276929026064,68.0895131943693,7125.68210853505
16.8114652477079,1205.24434876756,7125.68242722255
33.8341774200955,837.290015098802,7125.68325120693
45.4552006244771,1690.30411889537,7125.68381372255
72.7186549662582,48.9208222542725,7125.68513341005
178.885952776193,58.717787576601,7125.69025097255
189.620897553344,704.293401376788,7125.69077059755
204.417277162237,965.989732648609,7125.6914868163
213.849412341894,551.844070439955,7125.6919433788
228.523774606778,67.0817498771292,7125.6926536913
239.209977043842,2983.02915702209,7125.69317095693
350.341640281201,133.250091516324,7125.69855028505
357.994194326223,72.5321677719215,7125.69892070693
0.401616088791252,96.5853508283487,7125.69903723818
7.95184334552778,1431.45073572271,7125.69940270692
22.3243901909387,106.441327973883,7125.70009841005
34.3886140275707,1601.16175873526,7125.7006823788
49.6556319794614,2262.25971289296,7125.7014213788
175.59916913576,45.0728135370504,7125.70751767568
186.242116714761,577.661085632286,7125.70803284755
196.539025692308,838.72497835813,7125.70853126943
209.591331832028,1253.17922705648,7125.7091630663
224.966809653611,1313.15569529278,7125.7099073163
246.920572300693,2440.23645734615,7125.71096998817
347.353444063325,154.473336899663,7125.7158314413
353.320996494238,120.670876069262,7125.71612030067
5.01432630346656,97.0220639939789,7125.7166863163
13.5816877228109,1845.39039604914,7125.71710101943
29.0953227602535,58.3566875378416,7125.71785195693
31.4507741858177,1339.44855207346,7125.71796597255
62.0810036837412,2671.70530143801,7125.7194486288
171.379501451003,81.2670139516136,7125.72473922255
178.176965613729,100.166444583216,7125.7250682538
185.453783635971,1036.83672758592,7125.72542048818
199.745631159707,964.12056116435,7125.72611228505
207.013088103625,843.015157681037,7125.7264640663
225.796659141263,1546.14354652693,7125.72737328505
238.987768096226,54.6575562587748,7125.72801180068
250.800210052239,2508.27714154411,7125.72858358193
348.030620786429,178.510817239186,7125.73328198818
353.88616258862,65.6305912394295,7125.73356542567
356.976623350621,96.8767080444799,7125.73371501943
2.99001299955288,1323.19033507855,7125.73400609755
18.3374074734267,289.869517278163,7125.73474898818
22.8484987809396,1026.34578613703,7125.73496734755
39.9173709710371,2420.44539966457,7125.7357935663
76.7746818979378,139.383671271531,7125.73757764443
182.959477550865,117.435575153202,7125.74271751943
188.186855963009,261.230925779898,7125.74297055068
197.592521755837,59.866507584605,7125.74342583193
204.747968033453,1274.11459160953,7125.7437721913
217.757342152381,1080.00930421071,7125.74440191005
236.775909561826,869.003313752614,7125.7453225038
257.610211408329,182.054302189094,7125.74633098818
348.355292589541,44.6277043097965,7125.7507235038
357.612148851838,197.689364878073,7125.75117158193
8.25800162806543,249.758741466266,7125.75168689443
11.6234855854409,188.44409366281,7125.75184980068
17.9261016161826,487.023754658367,7125.7521548788
31.1481990785019,898.261687254376,7125.75279489443
40.5112556502284,1261.78578696567,7125.75324811318
58.550779035218,275.103662072951,7125.7541213163
181.464218558504,54.4854057704658,7125.7600709413
187.311690443558,101.932857987652,7125.76035398818
195.556577375894,821.340162548978,7125.76075308193
209.050147349714,898.930818671317,7125.76140623818
221.528842796347,176.924960793023,7125.76201026943
236.665450687401,1626.49593793418,7125.76274295693
355.161732824317,112.533440899121,7125.76847876943
0.897839717610687,51.150424174029,7125.76875642568
3.32075575264623,107.145084471405,7125.76887370693
13.8006906898392,1186.13618926844,7125.76938098817
26.0924865805253,266.218047606515,7125.76997597255
33.7997213573024,23.8404435082273,7125.7703320663
36.9963823535754,1393.13560687526,7125.77048680068
61.5980506922133,2013.65657481745,7125.77167764442
176.344720169726,29.3988652866339,7125.77723195692
178.72502698366,166.643684962331,7125.77734717568
188.18266315107,711.512737616715,7125.77780497255
196.936278564556,1184.10692362403,7125.7782286913
208.433024789508,207.157041520745,7125.7787851913
219.262549199921,1607.15862840277,7125.77930939443
242.194387509962,1616.11235505177,7125.78041941005
353.528767413005,79.9853031030473,7125.78580855068
8.02268600304193,65.8449544888029,7125.7865101288
12.959546909766,1290.05928162229,7125.78674909755
34.771278782266,265.511307384614,7125.78780489443
40.9951322519045,1622.05393561266,7125.78810616005
65.932186952484,237.733610575219,7125.78931323818
80.8664009775454,2362.11272763853,7125.7900361288
171.233809375406,52.0606439902149,7125.79441036318
176.376292107461,485.478102163484,7125.79465928505
182.886789523798,1023.99977386369,7125.79497442568
195.467811721137,810.285227803575,7125.79558341005
211.187068546332,59.7486990439045,7125.79634430067
216.844735715793,1896.80382511881,7125.79661816005
228.711407606651,1563.92920835913,7125.7971925663
356.663066313136,70.0950686383095,7125.8033860663
9.62143849413392,601.123761878597,7125.8040133163
17.6213223393769,224.565421813594,7125.80440055068
28.1603292443703,1370.50981674491,7125.8049106913
40.7352182475667,215.165177341881,7125.8055193788
57.9093223104392,1911.95836940494,7125.8063506913
174.161919343005,23.9510165173096,7125.8119656913
180.863189911589,657.03548157714,7125.8122900663
194.945542013693,173.817960025247,7125.81297172255
204.107495918194,1524.21131272007,7125.81341520693
218.084616147524,325.991567073913,7125.81409176943
225.969584166818,747.770123599167,7125.8144734413
254.629459340281,2020.80996380971,7125.81586072255
345.839045745504,26.6544269295066,7125.82027572255
355.340582332783,221.532903132982,7125.82073564443
6.72693196504891,1212.20822268953,7125.82128680068
13.7581013008146,361.415286587174,7125.82162714443
23.6586152256263,1257.01171693748,7125.8221063788
41.2132971563396,92.5115262173648,7125.82295611317
57.4035152369594,2142.13002891483,7125.82373980067
180.540007656194,54.9575211727937,7125.82970022255
189.313959262366,1011.59436383114,7125.83012492568
206.116523623295,1260.83243845443,7125.8309382538
225.512763853669,1651.44131702988,7125.8318771288
245.067820292281,1365.23514715492,7125.8328236913
350.068272895113,20.3888763511406,7125.83790623818
353.607744495923,197.118293909782,7125.8380775663
0.185706559309313,182.466652898228,7125.83839597255
11.5246050126774,1234.81325164931,7125.83894483193
24.8006096477296,173.276643034015,7125.83958745693
29.7042224116771,1359.94016048357,7125.8398248163
50.8054775739971,1018.11126196338,7125.84084622255
69.848577609699,190.625015772383,7125.8417680038
172.393834396216,31.4820426672302,7125.84673170692
188.579210519038,735.201677315445,7125.84751516005
199.661807933681,246.578896190286,7125.84805161317
213.224456515431,1079.45241634155,7125.84870811318
226.045962641758,1148.01324002656,7125.84932873818
241.397230711933,142.582196049901,7125.8500718163
359.335312768996,139.248806929615,7125.85577617567
4.02555662774613,72.7261931232626,7125.85600320693
8.69062222327772,146.225392905208,7125.85622901943
12.9670399586753,79.9853031030473,7125.85643601943
20.0689019384081,1066.5646144048,7125.85677978505
32.6386261841155,1108.03755060118,7125.85738822255
45.5918336076249,304.042430121498,7125.85801522255
56.0207666444674,297.546098870782,7125.85852003505
187.093551820617,52.5992201183545,7125.86486461318
192.645664204876,386.341403313395,7125.86513336318
207.458506485312,909.569419782486,7125.8658503788
210.436956543433,239.309044802738,7125.86599455068
222.09639264808,72.2076357040358,7125.86655892568
228.504240514018,1270.33383812147,7125.86686909755
2.04158258480794,51.4251800864951,7125.87333297255
4.19302614592116,98.4637787970755,7125.87343711318
9.62279842405763,377.883946356405,7125.8736999413
24.6277050179289,571.907909918679,7125.8744262538
29.5794145977369,1365.23514715492,7125.8746659413
48.7012771569633,1314.98578692657,7125.87559153505
70.2854369754091,54.5284928321621,7125.8766363163
171.932671896416,29.8546881660755,7125.88155655068
190.00512062449,831.525459599192,7125.88243134755
198.321345762599,145.710499221963,7125.88283389443
208.848731916268,1031.02160142754,7125.88334347255
225.311390907464,1422.18015142248,7125.88414034755
249.149321000151,1543.02937094286,7125.88529422255
346.675726434659,85.7664703146632,7125.89001498818
357.698283595162,102.667520318622,7125.89054853505
2.18129159254433,209.681244589532,7125.89076553505
9.60175438782755,1363.47244605872,7125.89112472255
27.4033762037845,80.2784019815483,7125.89198641005
31.6410583143818,680.853706747087,7125.89219153505
46.3444723260503,1941.91240865393,7125.8929032538
72.1160606609841,183.186035784821,7125.8941424413
173.620942045296,32.2194250446106,7125.89905578505
190.706599593892,776.176511951832,7125.8998828163
201.372788600384,739.279304440288,7125.90039911318
209.648018515849,729.866611592911,7125.90079967568
232.794194167741,1976.28535758554,7125.9019200663
348.220997372303,25.8719452111977,7125.90750730068
2.34628153277895,100.820830850612,7125.90819103505
5.99711823808528,117.675313937582,7125.9083677538
10.2638520954668,323.445603633843,7125.90857428505
21.2286285245144,99.7905855171233,7125.90910503505
23.8436089105641,680.412060027891,7125.90923161318
39.0709228010007,134.44330371204,7125.9099686913
45.26507896205,2508.27714154411,7125.91026851943
185.371990341819,680.853706747087,7125.91705039443
201.406620135962,147.504716774272,7125.91782655068
203.875373351437,682.17709259244,7125.91794605068
216.3718226308,1988.41720866483,7125.9185509413
238.975376172118,786.946563469115,7125.9196450663
346.216041537296,32.8152956197147,7125.92483605068
2.23775945650475,221.193383054263,7125.92561158193
8.57491471605416,216.384243856282,7125.92591833192
14.9772750623899,222.885779277426,7125.92622823818
18.7155898828975,198.637523096679,7125.9264091913
26.0485746005579,1364.35418518488,7125.92676414443
46.8215449941541,976.513425676728,7125.92776966005
62.5737272000128,1899.33802019482,7125.92853214443
173.349667882744,71.8816395295363,7125.9338942538
183.455698666619,852.941661744211,7125.93438408193
189.307366910088,680.853706747087,7125.93466733193
198.926724445382,684.816037210823,7125.93513295693
213.306695608546,36.9715889847466,7125.93582901943
217.829084867691,1815.1682379397,7125.93604792568
239.01717250825,861.359039650011,7125.93707353505
0.751433738930016,180.499573620985,7125.94296608193
6.60665270385028,44.3373115999179,7125.9432495038
14.013558062395,996.021265464719,7125.94360803505
29.8964731287822,1108.03755060118,7125.94437684755
42.1317794867802,325.760918240547,7125.94496909755
58.0014598785422,112.783601902144,7125.94573726943
66.955855159562,302.803976337529,7125.94617070693
89.0697252512271,2538.77385780754,7125.9472411288
165.083631872753,50.9664289938261,7125.95092058193
170.0915081104,725.321636085852,7125.95116298817
183.646732411976,540.561040374143,7125.9518191288
188.893155818039,478.303952000658,7125.95207308193
202.023578919479,1471.22092286622,7125.95270866005
218.258665781464,61.6066087033573,7125.95349451943
224.910225610885,1302.12052251721,7125.95381648818
244.049841927685,3013.50966402936,7125.9547429413
347.847874848001,156.287163766144,7125.95976728505
357.610554394223,189.339321998716,7125.96023984755
5.32411709245943,154.229878868151,7125.96061322255
13.1009480417537,1529.72379208194,7125.96098966005
23.2910111480673,1238.70236290458,7125.96148291005
31.6730869347666,275.240247260555,7125.96188864443
47.6722089882903,64.2563571795485,7125.96266308193
61.9243524505723,1993.24934335721,7125.96335295693
169.359341802185,28.9966731181757,7125.96855334755
181.023942626743,624.667595428008,7125.96911797255
194.354822833603,1089.43221110991,7125.9697632538
206.669860039044,1246.44428112219,7125.97035936317
224.648374808397,1137.49043517686,7125.97122961318
246.363913124333,1670.26592556851,7125.9722807538
354.004399042596,53.2647780049356,7125.97748820693
355.638075843927,232.297139857174,7125.97756728505
4.58214160996835,185.124568452544,7125.97800022255
10.9151005486825,1254.13857077206,7125.97830676943
24.1401032082272,1085.00808337908,7125.97894692568
40.8900516703471,244.128356419182,7125.97975770693
46.4734754368105,57.2187054681539,7125.98002797255
53.6970319232821,2051.51939880466,7125.9803776288
173.006440283198,35.4804449709256,7125.98615280067
178.997879740985,179.873935191033,7125.9864428163
188.221810697776,427.878316111574,7125.98688930068
198.432855633738,1423.87024393287,7125.9873835663
212.387057235269,542.50404168954,7125.98805901943
224.445147915336,1350.17863556186,7125.9886426913
255.983728831327,1671.70510767534,7125.9901693163
349.721785944052,223.895083029113,7125.99470670693
358.889550205426,82.8129162466773,7125.99515047255
1.22111460411636,232.781932618664,7125.99526333193
9.55541637464725,1476.11689538252,7125.9956667538
27.054577209326,1332.24709042423,7125.99651380068
53.087528520881,1625.01645473156,7125.99777392568
75.202689811313,53.4847895139468,7125.99884441005
174.378589156889,39.7275060071145,7126.00364501943
182.760019306627,730.689897476822,7126.00405072255
196.279413067892,374.086012167041,7126.0047051288
203.192115818679,1000.23789251225,7126.00503973818
218.35131953784,1436.48226647031,7126.00577351943
246.152554032398,881.369255356645,7126.00711923817
345.991801671369,46.3065072398017,7126.01195195693
3.3702363608055,378.480136120629,7126.01279316005
7.7331638123292,279.574974282326,7126.01300434755
23.6787014928117,1230.91170589618,7126.0137761913
34.8148832804957,1028.10171487278,7126.01431523818
48.3023200977516,1160.51468435074,7126.01496809755
79.2012538132828,53.8349399781257,7126.01644642568
173.400265353411,36.4598490287804,7126.0210061288
185.752747135199,101.378370975791,7126.02160405068
190.427819446017,705.14649674891,7126.02183034755
205.725825942842,1284.45443170477,7126.02257084755
221.226871905043,689.191925751231,7126.02332117567
238.399361969457,1493.93120096875,7126.02415241005
351.670525254493,84.1632180614837,7126.02963530067
2.31960602763704,147.632045477408,7126.03015076943
9.97280563446348,1081.67808043902,7126.03052122255
26.3896273700624,900.267527192966,7126.0313158788
39.4706624192964,1551.57808823247,7126.0319490663
63.6413965515481,57.3417147098354,7126.03311905068
77.6863041524618,1687.4560637703,7126.03379889442
174.271755700667,44.4695461010447,7126.03847411318
183.104779199483,1028.68635831754,7126.03890167568
193.916872539278,24.6397867387227,7126.03942503505
198.665219854019,481.123973994357,7126.0396548788
214.805081520936,1946.86000654087,7126.0404361288
233.200327460553,800.580879367629,7126.04132655067
259.118362983739,1655.80449351665,7126.04258111318
340.853850550009,34.353794114983,7126.04653751943
347.302370914055,99.7905855171233,7126.04684966005
353.408403398098,96.0977894481907,7126.04714522255
3.53971733630308,1000.83874521317,7126.0476356288
11.3623855036155,721.998294483939,7126.04801428505
25.1248455914024,85.6568635465571,7126.04868045693
36.3946653616836,2800.04774921849,7126.04922597255
83.781944914945,1565.46631213672,7126.0515197538
175.525115114531,771.904262730772,7126.05596058193
190.007735828093,116.632856150822,7126.05666161318
194.113071042124,1422.18015142248,7126.05686033193
212.607007435257,1306.72983544855,7126.05775667568
232.256643431974,1770.90564434934,7126.0587078163
350.374284424043,27.2857743344179,7126.06442530068
355.07776291984,59.6306545808112,7126.06465297255
0.352269711190569,68.6049550502332,7126.06490828505
12.1679396641201,564.500779454136,7126.06548022255
19.1542401809427,253.936593974657,7126.06581839443
27.4297928585217,1546.92114673338,7126.06621897255
48.1311022466543,110.256394292296,7126.06722101942
53.779085462942,1529.72379208194,7126.06749441005
181.283024454227,157.245994003574,7126.07366623818
193.978316840553,107.669879956251,7126.0742807538
199.250886871332,1210.22269983229,7126.07453597255
207.144893244416,862.056814820988,7126.07491808193
225.728007176633,565.564928223239,7126.07581759755
240.706767220946,1770.90564434934,7126.07654264443
346.190770041709,23.7293552862727,7126.08164859755
352.308423239498,92.9673699134881,7126.08194472255
4.78163112894965,191.608132138477,7126.08254848818
8.08029607623746,1016.33812477075,7126.08270816005
22.8924927197111,164.829816462486,7126.08342514442
26.960060670439,927.245336068694,7126.08362203505
44.7774995585551,1896.80382511881,7126.08448448817
62.6294778257932,1077.78019842186,7126.08534861318
170.576423542738,56.5996624568577,7126.09057378505
180.40850453416,177.561007563831,7126.09104970693
183.887613081138,178.616052504132,7126.09121811318
194.556384447585,975.897584964969,7126.09173453505
210.358277467763,732.744143139286,7126.09249942568
217.210939926831,1599.65918289373,7126.0928311288
245.513155785094,1384.47708852851,7126.09420109755
354.426446374303,36.00610781751,7126.0994811288
1.40919616967342,127.337709820985,7126.0998191288
5.13072544378971,899.599394976747,7126.09999926943
25.0034143740339,1181.05636381927,7126.10096120693
35.0585481862478,1309.48751841942,7126.10144792568
51.0873676235176,30.8223620237857,7126.10222380068
60.2812784344498,2049.17371959823,7126.10266883193
173.543726278123,38.8003518203561,7126.10815130068
175.682580688837,20.5894728350087,7126.10825483192
180.612017277809,767.608310248136,7126.1084934413
190.207487823809,230.999372408114,7126.10895791005
199.668351950557,534.970845400551,7126.10941586317
209.602114055724,1322.28117344368,7126.10989670693
231.615271395141,1443.99658896788,7126.1109622538
251.576406764505,2703.91731227448,7126.11192847255
345.802533253267,20.2733559107049,7126.11648948817
349.196100633508,202.385733172328,7126.1166537538
353.142296802032,159.146307243674,7126.11684476943
3.87595041799475,1367.87503546287,7126.11736433193
18.2265469971039,202.199965104732,7126.11805897255
22.8787007552806,1399.16456198819,7126.11828416005
42.4537706244654,2370.24377902628,7126.1192316913
82.9935523634119,1363.47244605872,7126.12119401942
174.017207574185,245.815728883159,7126.12560001943
185.305104014467,533.282307202398,7126.12614641005
195.857668393778,1238.70236290458,7126.12665720693
208.530687789267,1400.88252109649,7126.12727064443
231.862794635608,947.133149686863,7126.12840003505
245.491293903528,1719.92364794704,7126.12905972255
344.333743647734,30.6695849272565,7126.1338441913
348.274452259077,86.6383215170075,7126.1340349413
6.42985986909,722.830573174349,7126.1349137538
18.4101564247083,1299.3470743794,7126.13549366005
31.8917829226701,815.462863901217,7126.13614623818
50.2202098146209,1604.16302463773,7126.13703342568
179.43025070193,73.4332178398134,7126.14330292568
192.784372223545,902.934949031931,7126.14394933192
203.763997363255,832.970303843439,7126.14448080068
218.980336176908,110.341562276073,7126.14521734755
225.912406721306,1880.24862346481,7126.14555289442
246.387112492038,1169.80314324167,7126.14654397255
349.247419447811,91.1302977524286,7126.15152292568
3.70808989507082,87.1787989020767,7126.15222289442
6.70042026477963,963.496726846813,7126.15236773818
23.5643161537725,1448.98448795061,7126.15318403505
35.2786277926494,308.946673799326,7126.1537510663
46.1342987526214,288.830542816143,7126.15427653505
57.1762237443135,274.967049129771,7126.15481101943
63.3106623757574,2550.11611827172,7126.15510795693
171.29279299605,69.320139906015,7126.16033483193
178.019241752696,103.124023209666,7126.16066042568
185.275723582252,437.260450070198,7126.16101167568
193.41634700331,1175.95455595421,7126.16140572255
206.358902112149,1072.74777949584,7126.16203220693
225.550166003841,1137.49043517686,7126.16296116005
240.148025305464,2557.64986967222,7126.16366776942
355.807565434305,253.936593974657,7126.16926626943
3.12602427857373,303.29996847378,7126.16962051943
8.97607856116203,112.199013968528,7126.1699036913
15.5818011349867,1607.15862840277,7126.1702234413
29.3161778374862,111.27417043344,7126.1708882538
36.351866368936,846.573644519566,7126.1712288163
47.8779871779423,1754.5332964275,7126.17178673818
82.8633969723667,36.9715889847466,7126.17348020693
173.210469177541,35.9081341050338,7126.17785345693
185.304713084876,247.491582783255,7126.1784388788
196.157478922779,551.299006446015,7126.17896420693
203.266442420573,1168.77463263165,7126.1793083163
213.576263235475,927.245336068694,7126.17980736318
232.794216226346,834.412650085881,7126.18074158193
250.162644125339,1872.55833061784,7126.18158230067
341.384496806112,27.6279294580961,7126.18599789442
346.215157440986,76.0106075303746,7126.18623172255
359.353973259254,177.561007563831,7126.18686770693
6.4122575812319,466.531424603289,7126.18720936318
11.8839934435073,1355.51170288295,7126.18747422255
31.9558482428265,1157.4019520566,7126.18844580068
47.0943929320306,1544.58734691332,7126.18917858193
66.8524888360183,675.979328068621,7126.19013497255
179.220142698363,54.009161726265,7126.1955741288
183.084993945828,601.123761878597,7126.19576120693
198.127022241198,684.376888493432,7126.1964893163
208.618577967293,1168.77463263165,7126.19699716005
221.241240986658,1186.13618926844,7126.19760816005
247.144750598873,884.093742659076,7126.19886201943
342.467419335572,31.0312019136116,7126.20347611318
358.452338352974,226.23260209631,7126.20424986318
6.22206774662894,242.42924334672,7126.20462595693
11.8597214479384,193.947261029059,7126.20489884755
15.6306387366822,614.967188283799,7126.2050813788
24.1589416187989,1167.74534486552,7126.2054941913
42.3469518097833,78.8616116853547,7126.20637458193
48.0856409878754,1626.49593793418,7126.20665236317
180.034820675661,37.9124960592225,7126.21303936318
189.089283109545,735.610461433112,7126.21347764443
202.714231505698,499.216445959405,7126.21413716005
213.252915611,1335.852650719,7126.21464728505
237.127644605494,1309.48751841942,7126.2158029413
251.54538306954,1623.53597232823,7126.21650083193
343.509023767541,35.4804449709256,7126.22095233193
351.593157693489,119.811438548112,7126.22134364443
359.3230502513,214.114725949344,7126.2217220038
3.28829152647836,760.526197574052,7126.2219139413
12.5690347404928,1240.64236661781,7126.22236317568
23.4931387465897,66.0586238487859,7126.22289195693
35.8423924938822,1800.53505438593,7126.22348972255
52.4935650394832,1113.99045543692,7126.22429572255
89.0029005667791,243.511877329183,7126.22606295693
177.229194880926,136.935782157899,7126.23033355067
186.245244452123,503.414143704362,7126.23076997255
196.355576598259,90.4057939621339,7126.23125936318
202.897062559529,955.979184702471,7126.2315760038
218.949123386711,1316.81354709201,7126.2323530038
235.574794906979,174.034023303626,7126.23315776943
256.494960870225,1869.98794227122,7126.23417041005
347.055401943018,60.4521085967313,7126.23855398817
352.499700132125,211.643411129891,7126.23881751943
356.483986363644,51.150424174029,7126.2390103788
2.38697938231185,69.6918356357656,7126.23929611318
5.54748711373971,1227.97738644209,7126.23944909755
14.9634824215455,461.998744816228,7126.2399048788
26.4608742834594,44.7590783880791,7126.24046141005
29.7860085799974,432.421043417008,7126.24062236318
38.638399947581,1813.8428536929,7126.24105086318
62.881763371636,131.832503247331,7126.24222436318
74.4740576289253,2653.64108464894,7126.24278548818
167.3583160957,34.3879577591188,7126.24728155068
174.963741686358,821.340162548978,7126.2476496913
187.605772574491,241.808434386925,7126.2482616288
196.968506346526,912.868558522462,7126.24871483193
210.105062529373,94.9668954586258,7126.24935070692
215.763375260639,2186.57714157189,7126.24962459755
242.942579559293,1956.71767677652,7126.25094020693
349.42854503231,37.3507960671482,7126.25609466005
353.588110181188,75.7009940843822,7126.2562960038
4.93443295230827,313.294806764119,7126.25684522255
10.6592418563916,122.448398642838,7126.25712233192
14.0618475152659,878.636274848077,7126.25728703505
30.1271430170724,1899.33802019482,7126.25806467567
47.8035195672603,427.878316111574,7126.25892030068
55.335347429461,71.3569550669924,7126.2592848788
184.738902786213,41.8577672522957,7126.26554798818
191.914685331673,161.722801816921,7126.26589533193
198.377731493954,867.618477062848,7126.26620817568
210.743125113097,177.243275611971,7126.26680672255
220.138461428525,1074.4277689767,7126.2672615038
241.550893088643,1885.35809186874,7126.26829797255
348.93552610171,47.8038685025606,7126.27349592568
358.033888955463,116.390966309332,7126.27393633193
3.44945812231997,305.767855479644,7126.27419847255
8.97865191635872,216.904619265712,7126.27446611317
19.7894540949661,1466.30863007147,7126.27498941005
29.5656910779266,1183.09084751189,7126.2754626288
43.0941231929819,211.643411129891,7126.27611747255
53.3848989763861,69.8937435705815,7126.27661559755
64.9684777171558,1616.11235505177,7126.27717630067
175.562360801738,55.552590305652,7126.28252959755
183.264948385613,898.261687254376,7126.2829024413
193.158683592056,217.596496376871,7126.28338134755
206.570908682396,1254.13857077206,7126.2840305663
220.955721803357,1378.38385150246,7126.28472686318
240.750616571573,1386.21314427212,7126.28568503505
359.618438335276,154.959087228512,7126.29143883193
4.22088127913334,264.234495395144,7126.29166161318
8.6538557000836,90.5096483871937,7126.2918761913
15.7202099391976,1289.12680530391,7126.29221823818
32.2651821753699,581.292569634684,7126.29301909755
39.7734458479674,1336.75248648046,7126.29338253505
66.7299200503647,2453.99567333493,7126.29468736318
174.199125868672,141.789330276865,7126.29988941005
180.682185499105,37.6638858989864,7126.30020322255
185.834674984025,714.46421001653,7126.3004526288
196.268772740778,1486.66934318697,7126.3009576913
209.734904928694,323.445603633843,7126.30160951943
223.334998011634,1683.17504378734,7126.30226783193
247.955065819965,886.809792266519,7126.3034595663
266.572961992039,2591.27985735574,7126.30436772255
342.302484227131,118.787743530469,7126.30803341005
346.252231192263,137.209910100466,7126.30822459755
355.522322166765,1175.95455595421,7126.3086733163
5.4509194392854,61.3774517321808,7126.30915391005
14.6496722455936,1179.01832741296,7126.30959917568
25.7774612788712,1047.22275295899,7126.3101378163
42.550328331211,352.146700688394,7126.31094970693
50.6870781935468,135.833649883565,7126.3113435663
56.8699364405428,1961.62797116983,7126.31164284755
176.816546544295,34.6600699530075,7126.31744886318
185.765454268134,590.528181909633,7126.31788203505
198.692837866619,1124.7331954678,7126.31850778505
216.074500515395,45.0467545209943,7126.31934914443
218.410584109769,1324.0987195573,7126.31946222255
233.024583283243,1248.37229442676,7126.32016961318
359.165672310158,85.6020046513528,7126.32627547255
2.03243453924863,48.1709429289712,7126.32641423818
6.56644451213847,325.299176484606,7126.32663370693
17.415013916471,857.861837122442,7126.32715883193
25.2499483593335,1742.1530884576,7126.32753808193
49.4542533213179,66.1296920001497,7126.3287096913
53.6506174095811,1595.14246256265,7126.3289128163
182.073237296333,68.0895131943693,7126.33512911318
184.739865219695,691.36946168058,7126.3352581913
196.567478686061,268.046751461526,7126.33583070693
204.002144555045,758.150764390564,7126.33619058193
212.404233772317,213.059112019742,7126.33659728505
221.868648658096,1630.92572780243,7126.33705541005
241.44694648662,1627.97375580226,7126.33800309755
346.373801323416,30.3617270214218,7126.34308208193
355.333684124038,104.031026848528,7126.34351578505
5.28971922004164,345.467238149766,7126.34399770693
10.4770707334615,594.081006610736,7126.34424880067
24.3341514573992,1540.68968694077,7126.34493816005
41.6932183156464,1509.94383663061,7126.34577842568
76.3325894334592,1107.49476256444,7126.34745514443
184.48644821208,734.383387435145,7126.35269033193
191.473394328286,692.672696978036,7126.35302853505
205.258773043872,637.529029567929,7126.3536958163
219.361461338662,1513.12606888609,7126.35437845692
237.455537495768,1486.66934318697,7126.35525430068
351.722853076184,94.4212485975982,7126.36078541005
358.32211976891,104.930189537278,7126.36110484755
10.6271502590646,1194.21905697692,7126.36170047255
19.7800658473545,119.575988000165,7126.36214351943
25.225977959763,21.3317991742956,7126.3624071288
28.957836786436,1314.07096315428,7126.36258776942
53.9542862169293,2490.95832849378,7126.36379772255
181.489213677992,360.165453017203,7126.36997105068
198.566155747647,1047.22275295899,7126.37079766005
210.456391865687,1431.45073572271,7126.37137320693
234.559661275732,564.500779454136,7126.37253992567
247.211053317347,1844.08666115132,7126.3731523163
344.295549318372,25.8492394156207,7126.3778516913
347.513192144293,43.2920435611273,7126.3780074413
358.308822850125,217.077786301978,7126.3785300038
2.88511920684499,174.895570248523,7126.37875151943
8.83653184106464,226.23260209631,7126.37903959755
15.1075136899097,1314.07096315428,7126.37934314443
24.4376449561299,426.823132393395,7126.37979476943
37.2959499091069,1281.64268087261,7126.38041717567
50.2284983402386,65.199748378042,7126.38104317568
67.4342364346933,2189.87428191042,7126.38187601942
178.466977152239,43.857976278483,7126.38725791005
180.476712700884,851.530623791064,7126.3873551913
187.572764323744,311.369791061722,7126.38769867568
198.594675884863,139.248806929615,7126.3882321913
204.380493442162,1684.60323468622,7126.3885122538
221.616251795212,673.752054147769,7126.38934655068
233.012608142764,581.292569634684,7126.3898981913
252.146091340579,2430.3610235421,7126.39082434755
340.495048635697,32.9403067322875,7126.3951008788
344.682051570479,109.143097337672,7126.39530355068
0.903903720259667,133.179578476472,7126.39608876942
3.67770038970394,1152.19545016032,7126.39622303505
15.9920920333399,566.096169940522,7126.39681911318
28.4317290554806,61.3391698545129,7126.3974212538
31.9314966699938,1225.03618360525,7126.39759066005
52.6925235125748,2909.56436721501,7126.39859559755
174.098499974531,63.4841484936643,7126.4044722538
184.883155566002,662.956911590129,7126.40499428505
193.990233898695,729.866611592911,7126.40543511318
205.117377332589,1443.1635886325,7126.40597372255
230.142878509866,1722.71807930002,7126.40718508193
248.702105452789,1011.59436383114,7126.4080834413
346.929626443995,63.9632791177291,7126.41283814442
354.58121212752,216.210521708504,7126.41320851943
1.23083512121289,75.5146153941233,7126.41353039443
5.09697756744504,451.134407608578,7126.41371753505
13.5707277526024,1233.83903094521,7126.41412770692
30.9727266316424,103.396957662483,7126.41497005068
37.3231166409741,1406.02340881202,7126.4152774413
53.3306314489043,1695.98579624619,7126.41605228505
181.042774625476,38.3436823958583,7126.4222341913
183.772025200512,171.751876609783,7126.42236630067
188.19434734437,697.430391216614,7126.42258036318
205.548895006934,849.409764747122,7126.42342041005
215.143397191436,1470.40335463089,7126.42388483193
229.894585181695,2260.13230353317,7126.42459886318
356.141314250133,93.1188251507287,7126.43071109755
2.54044656197325,50.8741798688206,7126.43102084755
7.75459029949213,892.217244530258,7126.43127323817
18.4785600374388,769.954544566076,7126.43179233193
35.0748570112316,1864.83650743696,7126.43259567568
61.7346805140662,1785.7817447009,7126.43388614442
187.063288917365,980.200698386113,7126.43995267568
193.482111935243,187.344112445587,7126.4402633788
203.347118194593,71.8816395295363,7126.44074089443
208.510259956604,1691.72631458991,7126.4409908163
230.66673926937,1525.00012617907,7126.44206330068
243.652549198694,882.732498208583,7126.4426918788
358.001532499861,173.926026358906,7126.4482269413
3.67533946601563,201.081803985481,7126.44850158193
7.44819351533115,51.7892603801862,7126.44868420693
15.2618233664325,978.973124787785,7126.44906242568
30.1369654988503,1309.48751841942,7126.44978245693
38.269196240659,950.301948243748,7126.45017609755
59.9731138052718,27.6279294580961,7126.45122667568
65.1146281382517,187.744861324113,7126.45147555068
73.249118440324,2374.29920169063,7126.45186930068
168.144726454202,118.073814614483,7126.45646272255
180.608250428059,253.936593974657,7126.45706601943
184.038293835259,1072.74777949584,7126.45723205068
193.671208882449,434.847491348478,7126.45769833193
207.25161129693,746.563033615644,7126.4583556913
219.04952737955,393.473281734558,7126.45892676942
227.05974077735,1729.68417366803,7126.4593145038
1.89182252849811,67.0116878653815,7126.46584105068
5.27731991644641,135.001163026338,7126.46600492568
8.59083353681797,159.028207269429,7126.4661653163
22.7697019951776,1223.07142191858,7126.46685164443
31.2683075687053,435.883246163726,7126.46726301943
40.9599717088471,26.9610601205672,7126.46773214443
44.3372277510397,111.105180611304,7126.46791589443
50.8619282410762,1448.98448795061,7126.46823172255
181.164196415327,41.6609212405827,7126.4745390038
186.143020943769,167.206484769089,7126.4747800038
189.638269400176,944.590516915866,7126.4749491913
208.379554016405,416.845918893571,7126.47585636318
222.277266122826,1443.1635886325,7126.47652908193
239.539493787548,2635.45252288111,7126.47736466005
353.924307553868,172.62481721847,7126.48290145693
1.09718486452392,85.3822290647344,7126.48324866005
3.77252834198393,288.04886254008,7126.48337816005
16.4055208763272,2038.58330216633,7126.48398966005
30.7945303932806,217.7691360572,7126.48468616005
47.1545397964996,188.842497195196,7126.4854780663
61.0170669995724,2167.79838524417,7126.48614908193
179.687982454464,67.3961164654457,7126.49189334755
185.200390777268,1006.23098742147,7126.49216017567
202.280883643532,488.56446666079,7126.49298695693
207.137045228581,1380.12756778494,7126.49322201943
224.618774992643,1486.66934318697,7126.49406822255
258.213574349836,876.581029984891,7126.4956943788
348.873437013689,122.217999609653,7126.50008276943
357.740031417394,194.431054589828,7126.50051195693
5.28186603245997,408.468092683023,7126.50087701943
12.5712731299442,185.327447832506,7126.50122986318
17.9797408163192,1191.19436536863,7126.50149166005
33.3800739886939,112.866868628991,7126.50223711317
45.490135043344,1375.76416925356,7126.50282330068
64.9002555101485,1214.1906369223,7126.50376284755
170.890011220829,82.471890427982,7126.5088981288
181.871895883224,198.82660795556,7126.50942970692
188.073799161717,239.936320811651,7126.50972991005
194.676939375587,860.660709367522,7126.51004953505
202.584180423296,1119.37470403944,7126.51043228505
220.151128667138,69.1844845301937,7126.51128261318
226.835936564179,1468.76677487029,7126.5116061913
351.001183747031,25.298216646541,7126.51761641005
358.848061740909,78.2036727042801,7126.51799623818
9.56880344435961,738.872629746368,7126.51851517568
20.8589594824838,253.343984679688,7126.51906167568
29.8036708479089,1598.15494171767,7126.51949464443
47.2043785281819,96.2443180707595,7126.52033692568
68.0099514275929,1498.75289956469,7126.52134401943
179.341103371297,386.341403313395,7126.5267330038
194.098747280233,38.4965045951979,7126.52744734755
196.370271462362,1304.888086473,7126.52755730068
205.7526958277,989.966331133019,7126.52801145693
229.189066222898,918.122522453046,7126.52914589443
253.42468249193,2119.55675233355,7126.53031901942
347.600452679725,98.7495987758713,7126.53487759755
357.634281862599,109.743963916387,7126.53536328505
4.97598217193616,1174.93148543701,7126.53571866005
8.70977779675954,94.1222932926422,7126.53589939443
20.1758583140472,463.298316377703,7126.53645441005
30.848826038908,1525.00012617907,7126.53697103505
49.5255512053123,60.9935990603105,7126.53787508193
63.4952471168889,1945.62432831447,7126.53855128505
177.695420887526,37.8504970421911,7126.54407914443
180.123824442164,348.068046607253,7126.5441966913
190.339065736539,233.426750151366,7126.54469116005
199.659835849278,1379.25593168831,7126.54514233193
212.812854741246,956.607904001316,7126.5457790038
237.236339040457,2001.67749042635,7126.54696122255
348.052618288961,20.2298663931622,7126.55231961318
354.494682659172,150.15584609035,7126.5526314413
0.487736115417494,97.841644508545,7126.55292153505
11.4418602673738,274.556738455445,7126.55345176943
15.7370002345774,1314.98578692657,7126.55365967568
37.5442129865503,164.601693386501,7126.5547152538
44.9075406873403,1598.15494171767,7126.55507167568
79.143738071627,2138.75916976747,7126.5567288788
172.752999121974,40.9214849506068,7126.56126003505
178.51718928782,261.087013120331,7126.56153905068
184.600948743448,1003.8380127142,7126.56183353505
197.74944847731,236.147629228967,7126.56246998818
203.966845990693,1443.1635886325,7126.5627709413
217.412964785615,66.4132013272756,7126.56342180068
220.794911414533,1754.5332964275,7126.5635855038
246.717466095823,784.267872866451,7126.56484028505
270.193217677627,110.766451566491,7126.5659766288
347.502509578895,36.6205364643601,7126.56971878505
356.956594949696,228.381730194016,7126.57017641005
3.50937878744162,106.705783098349,7126.57049359755
7.80193639468997,170.103015006973,7126.5707013788
14.9231662056122,461.998744816228,7126.57104608193
22.1554382086032,793.035193069613,7126.57139616005
27.5061251635232,576.619307857129,7126.57165516005
37.9147219701012,1115.06937017225,7126.57215898818
58.9346322489412,80.3368829793705,7126.57317645693
67.6963175795633,1881.52737834457,7126.5736005663
174.848859305314,46.3571993292167,7126.57878728505
181.299639229623,579.22028284807,7126.57909953505
189.625225446056,234.871150306404,7126.57950253505
196.830382537992,191.411914096662,7126.57985130068
203.336683558335,1436.48226647031,7126.58016623817
217.912269869122,1304.888086473,7126.58087176943
235.939204216449,183.083437299558,7126.58174436318
272.830731685201,2394.47195404807,7126.58353009755
340.668507107472,139.921838004931,7126.58681378505
356.878093019281,277.416062344216,7126.58759841005
0.548943155160444,146.738454720463,7126.58777609755
5.12168879042907,1447.32370532807,7126.5879974413
21.8554973431197,58.1147109601776,7126.5888074413
27.7329894116121,122.525087298264,7126.5890919413
34.417797308653,1750.41625638528,7126.58941551943
55.3628186226907,2514.02343387497,7126.59042936318
178.973900510456,137.756570040004,7126.59642998818
182.259007945849,175.859785067622,7126.5965890038
186.382742629573,193.559376859831,7126.59678861318
199.412775778457,1286.32549056817,7126.59741933193
214.322134415148,1491.51457851104,7126.59814101943
230.453280527967,2213.9035049662,7126.59892184755
353.642066083897,78.1435818830722,7126.60488480068
0.18064684794231,99.1293991337017,7126.60520130068
9.22833052587869,132.543198638757,7126.6056392538
13.1409558270911,847.992898123096,7126.60582864443
19.4109692392825,1428.08653791349,7126.60613214442
33.5481968756162,48.9448204188392,7126.60681645692
43.9077285424158,176.499675985653,7126.60731791005
56.9810165117839,1663.05091919838,7126.60795072255
76.3046273376193,989.966331133019,7126.60888608193
163.84400913119,27.9238750178212,7126.61312342568
177.668769108537,185.327447832506,7126.61379261318
180.044556726788,215.165177341881,7126.61390761318
188.479894011679,292.707635907163,7126.61431592568
199.021483314207,1290.99109180686,7126.6148261913
210.212540598542,1145.91647282225,7126.61536789443
236.085384465514,1825.73711704492,7126.61662026943
351.807869970564,30.9554222532871,7126.6222218163
0.118930388761527,258.192384139377,7126.62262411318
9.73635112590594,174.68060331538,7126.62308964442
16.7087713687199,374.688224891173,7126.62342714442
24.8319637943173,1635.34352726202,7126.62382034755
38.6331595069046,31.1445209899563,7126.62448839443
50.1757429874532,77.7216693781391,7126.62504711318
57.7666427422976,1739.38996539391,7126.62541455068
177.004390134328,79.3366830564857,7126.6311862538
182.661411666827,105.37689471013,7126.63146008193
186.717036104118,810.285227803575,7126.63165639443
203.180965052809,102.300848348058,7126.63246234755
209.690816869762,1457.25975730926,7126.63277745693
231.175555172305,1060.34558911006,7126.63381742568
253.299109141986,1420.48806051065,7126.6348883163
343.514480049979,33.6108259280099,7126.6392551913
347.818335608859,56.8893855634744,7126.63946351943
357.319872158558,109.143097337672,7126.6399234413
2.42103686827942,491.325591323033,7126.64017036318
8.10969254509628,261.230925779898,7126.64044572255
18.6296543434349,1489.90120241166,7126.6409549413
31.0405624184833,1109.12223849624,7126.6415556913
39.6873318855787,86.6383215170075,7126.64197423817
52.9998126603247,1311.32293912373,7126.6426186288
85.1404104168029,1180.03773419417,7126.64417439443
170.772383412435,182.980783303144,7126.64831941005
181.220684242889,267.906558049091,7126.64882516005
192.905944097403,882.732498208583,7126.64939078505
202.521750873667,1010.40498190486,7126.64985623817
210.666247891026,610.551720292563,7126.65025047255
228.11150159055,1471.22092286622,7126.65109491005
253.45624922034,1478.55860888058,7126.65232172255
348.201756467343,82.5288240524635,7126.6569078788
356.107383554173,213.763437506564,7126.65729055068
5.57825435862945,145.064335543843,7126.65774898817
8.87143174873644,1036.25674707786,7126.65790839443
23.8676228260882,1379.25593168831,7126.65863428505
40.1120708039756,78.8020274034018,7126.65942059755
43.858778341311,830.078061841988,7126.65960195693
68.9013877143572,2775.89395913935,7126.66081414442
168.923984225402,49.2318893985377,7126.66565573818
174.766291352967,458.405924330663,7126.66593853505
185.829843736112,253.788573489899,7126.6664740663
194.497917832547,1341.24289452586,7126.66689364443
207.322651955792,1190.18439548313,7126.66751442568
231.902047303593,2394.47195404807,7126.6687041913
253.249273952082,1545.36561325358,7126.6697375038
345.120137124075,40.7201147800684,7126.67418955067
349.653178735468,125.85353592609,7126.67440897255
0.855533933856734,260.654886563572,7126.67495122255
5.21329659031273,1090.53543972948,7126.67516216005
16.4663309645167,168.326436122967,7126.67570686318
25.8209947818369,1960.40139677223,7126.67615967568
48.7434719383962,945.226785731279,7126.67726923818
62.1737736235803,2043.29686503968,7126.67791933193
175.290317096371,70.7620212425653,7126.68339473818
182.812138243285,841.587521893672,7126.68375883193
190.494066797204,436.916558488321,7126.68413067568
197.239560585347,662.049359778649,7126.6844571913
213.606994343897,1744.91177062919,7126.68524945693
228.193878531159,1489.09384822815,7126.68595553505
352.28811030793,27.35025400602,7126.6919623163
0.124013149867928,110.256394292296,7126.69234161318
11.9190240728413,150.030668444323,7126.69291255068
17.5386011417282,957.236179210952,7126.6931845663
26.0126740889988,1375.76416925356,7126.6935947538
44.9382759012187,97.6975098043731,7126.69451084755
56.3204291750713,302.307151534009,7126.69506180068
72.276942082651,1658.70683854763,7126.69583417568
170.38083173139,85.3822290647344,7126.70058289443
183.544180138336,194.334381919958,7126.7012200663
188.287039895896,985.095671701686,7126.70144964443
198.264056783968,239.309044802738,7126.70193258193
207.799487075828,891.543117109705,7126.70239414443
222.812463624414,1635.34352726202,7126.70312084755
243.857874891008,513.465714391259,7126.70413955068
356.107384930487,96.6339716579334,7126.70957298817
2.03781573505838,162.302657424895,7126.70986005068
10.0845051598163,276.330291981708,7126.71024955068
17.4442821015758,540.004652105353,7126.71060580068
25.6226728235159,996.021265464719,7126.71100167568
38.8825375867174,960.997392773777,7126.71164351943
56.4398019149645,2312.7251225219,7126.7124933788
179.112941009989,233.426750151366,7126.7184106288
188.416925689073,83.7716285229106,7126.71886098818
194.38706051752,1400.02387460925,7126.71914997255
206.374781390891,637.529029567929,7126.71973023818
220.347705261806,1760.00769513962,7126.72040659755
247.059499139223,177.13724931312,7126.72169958193
253.241388949565,1541.47017372708,7126.7219988163
351.320100485399,70.8283709460744,7126.7267463163
358.151135515436,208.062053697056,7126.72707697255
3.02408260929811,273.596978406232,7126.72731284755
12.6185847562227,268.18694487396,7126.72777726943
21.022287934375,1592.1242102479,7126.72818405067
35.5094278060424,796.817001269545,7126.72888530068
50.8090483013262,943.316647017411,7126.7296258788
73.8399853651562,298.302910151094,7126.7307406913
178.668064210277,85.0515075034863,7126.73581489443
186.038493429128,111.779571709825,7126.73617166005
193.951867633402,267.344896220933,7126.73655470693
197.212119680424,747.770123599167,7126.73671251943
208.887050057538,939.484601225615,7126.73727764443
231.043529370304,1088.32787226731,7126.7383501288
243.680395500949,1371.38689293437,7126.7389618163
351.143145363,62.4772872326318,7126.74416355067
356.70139097898,161.373886475857,7126.74443259755
1.09692089873997,171.094222123358,7126.74464536318
10.0965077608159,420.078721807826,7126.74508098818
15.7176987905829,1111.82951734179,7126.74535308193
26.2208751928445,1371.38689293437,7126.74586148818
40.1250432179433,55.3408013859169,7126.74653451943
57.8611372601579,287.26507284027,7126.74739303505
67.9404808989372,1160.51468435074,7126.74788092568
176.68990056179,179.76943544884,7126.7531449413
187.49715190621,153.986018380792,7126.7536680663
194.015719277261,892.217244530258,7126.75398359755
208.62164849602,311.611070280549,7126.75469059755
216.835779222164,991.786652804194,7126.75509261318
233.69128235675,1487.47791861581,7126.7559085038
267.331273295,295.772711877973,7126.75753684755
356.458817509153,192.195578896381,7126.7618510663
359.883373359172,107.844240482269,7126.76201683193
5.16013974836503,162.995783536957,7126.7622722538
8.84551575763635,99.0345860873987,7126.76245064443
14.1290608651982,885.45282217467,7126.76270639443
28.5158107843095,1112.91043047856,7126.76340278505
39.1490744852948,936.921207284058,7126.76391748818
54.3060185690347,245.662795661516,7126.76465116005
74.4779405212182,2030.30858791919,7126.76562758193
177.149733885007,56.099506984264,7126.77059741005
182.376789459881,167.767383318917,7126.77085042568
188.883090480225,1124.7331954678,7126.77116536317
202.670405956382,632.79603779165,7126.77183273818
212.674215068554,1407.73281920303,7126.77231697255
227.948657375775,61.3391698545129,7126.77305633193
232.766083223289,1521.84276291933,7126.77328951942
259.553088902778,965.367008554097,7126.77458614443
347.237729505427,86.0398696733711,7126.77883051943
356.842238405216,131.261182478859,7126.77929542568
2.37143223683347,413.587830649931,7126.7795630663
16.7978862173988,1283.5178475612,7126.7802613788
29.5290090688776,22.0091687930246,7126.7808776288
33.9968455934844,1334.95225984603,7126.78109389443
46.7502415109568,1714.32135154248,7126.78171122255
88.7803781154636,185.226028959207,7126.7837456913
180.014174309674,28.1542220093023,7126.78816186318
182.436767507439,194.334381919958,7126.7882791288
186.868773566892,251.258791550413,7126.78849366005
198.404901128764,132.472297020847,7126.7890520663
203.926347805358,1403.45524091146,7126.78931933193
225.047616398251,1358.17046498232,7126.79034170693
238.313291480746,847.283576632663,7126.79098383192
356.487077325704,89.3080262520662,7126.79670491005
4.35751947160678,34.8122017324037,7126.7970858788
10.2772979615084,279.574974282326,7126.79737242568
13.7715780564193,514.635334347702,7126.7975415663
25.7715652053401,1155.32217126457,7126.79812242568
39.8035609313204,797.571231281324,7126.79880164443
47.5807147178849,1450.6432721717,7126.79917809755
79.4827653059473,1705.88332348842,7126.8007223163
170.631343020377,338.656075404842,7126.80513436318
182.329514749824,151.897563971382,7126.80570061317
189.719311837443,50.2237071375866,7126.8060583163
194.135177987468,1069.9416908011,7126.8062720663
205.18065373819,1725.5078477163,7126.80680672255
226.922338603685,809.542932689311,7126.8078591288
252.370381383257,1978.71763418789,7126.8090909413
347.490333416693,92.6637239162531,7126.81369522255
350.340310212128,54.226154816428,7126.81383317568
359.454167300769,135.764469111344,7126.81427433193
8.1038419650899,284.636758607348,7126.81469301943
11.8947726844064,1280.70409832759,7126.81487651943
23.1787956035449,641.7589237806,7126.81542272255
29.7260918841096,58.6777709754571,7126.81573964443
39.513626818702,260.798993512168,7126.81621341005
50.6055853492478,1829.68462603128,7126.8167503163
183.475705530342,28.5065530208906,7126.82318189443
185.47737116185,548.839640401866,7126.82327878505
202.822234946397,1346.61148898374,7126.82411836318
213.195001250243,649.673537189699,7126.82462045693
221.703290739365,271.94382856699,7126.82503230068
239.323500518978,87.1787989020767,7126.82588520692
250.511007044283,2607.93253659131,7126.82642673817
348.829234147608,148.646706055189,7126.83118583193
354.613760543718,87.7694930623285,7126.83146583193
357.910165893164,95.3125078861916,7126.83162539442
4.27314497773727,1222.08776431876,7126.83193339443
19.5992348598499,226.066443342887,7126.8326752538
22.9734343713235,771.514685471431,7126.83283858193
36.9951005823257,1764.10230867674,7126.83351730068
56.3380792393505,182.672474369205,7126.83445359755
69.2712731571299,63.4841484936643,7126.8350796288
81.131489129311,2398.48607641591,7126.83565372255
166.961188702908,53.5286814873359,7126.8398191913
173.558195760213,860.660709367522,7126.84013851942
183.332173220488,111.105180611304,7126.8406116288
194.564548564736,1319.55024684771,7126.84115533193
207.004508386568,1282.58059728381,7126.84175748818
219.478361875404,401.415373163516,7126.84236128505
239.062792860492,1940.67362180306,7126.84330926943
352.552167121257,90.975525723902,7126.84880272255
1.8810071511317,118.629453482733,7126.84925428505
6.49377960996755,830.802093787497,7126.8494775663
11.8780375073559,122.448398642838,7126.8497381913
24.4464705542964,132.755653692307,7126.8503465663
29.8371843703621,1708.70051441341,7126.8506075038
54.1635066763557,332.836064265152,7126.85178501942
62.3176876468876,116.471651767647,7126.85217972255
70.2291250530111,1924.49589597743,7126.85256267568
171.026757686482,44.7328354913346,7126.85744178505
176.770611622063,209.142897444892,7126.8577198163
182.37082085976,901.60223731317,7126.85799089443
195.488332048688,364.727276158661,7126.85862584755
202.391996445685,1432.29050841853,7126.85896001942
223.32604268294,1534.43313610779,7126.85997333193
236.10042043006,1326.82054232447,7126.86059167568
359.153953892199,154.229878868151,7126.86654808193
5.52048377338123,216.384243856282,7126.8668562538
9.47765505626649,69.2184226602777,7126.86704780068
16.7815880647213,1223.07142191858,7126.86740134755
32.1470592085962,1134.31464221492,7126.86814511318
39.3735208547149,523.324217294174,7126.86849491005
63.9513022416364,3003.91778118581,7126.86968459755
174.728534123135,66.2006838236806,7126.87504676943
179.636020483383,832.970303843439,7126.8752843163
192.412012191383,97.40860201779,7126.87590273818
201.732782304122,1933.22380326322,7126.87635391005
217.756114184211,1043.77217979845,7126.87712951943
229.456222711809,857.16067577124,7126.87769586318
261.159608907069,2929.33499679293,7126.87923297255
341.343087355181,60.4521085967313,7126.8831142538
351.780735946122,873.833116976641,7126.88361948818
5.3153011425842,295.518526316485,7126.8842746288
8.94031406044514,342.188444246716,7126.88445009755
18.8685885708526,124.879370733133,7126.88493067567
22.3812680978777,2109.3200519573,7126.88510070693
44.236577590554,1769.54706443411,7126.88615861318
186.903593822143,52.3306259436751,7126.89306441005
192.60645257266,833.691837787143,7126.89334045693
206.840842202212,641.7589237806,7126.89402947255
213.117957170042,1091.0865544389,7126.8943333163
236.052055077925,1712.91780759475,7126.8954434413
350.223499863892,21.8350754144225,7126.90096991005
353.643536518226,139.248806929615,7126.90113545692
0.0488020242089604,93.1692570316223,7126.9014455038
10.8279700960771,1246.44428112219,7126.90196726943
23.8515472511262,171.64243637513,7126.90259767567
27.3939240867402,681.295131421678,7126.90276914442
40.6169900232917,454.454085474509,7126.90340920693
49.2443916591977,228.217139630615,7126.9038268163
59.0813146084173,3232.22471010354,7126.90430297255
171.572922575343,41.3780849861656,7126.9097481288
177.930091303044,852.941661744211,7126.91005584755
188.829662720462,328.05991256879,7126.9105834413
193.803322453836,312.333797714004,7126.9108241913
209.472868577448,1453.12806232312,7126.91158267568
225.59626764798,2426.39974779024,7126.9123631288
358.875694681586,43.3462606086454,7126.91881451943
2.95552890786352,100.260189039858,7126.9190120038
7.58090587732789,261.805688239747,7126.91923467568
24.0819776184752,1315.89994456505,7126.92003341005
37.5794211885959,341.08854629622,7126.9206867538
44.6841882903971,1298.42125939916,7126.92103066005
69.9233812101417,108.625414219077,7126.92225236318
173.811797367727,26.6764457745872,7126.92728108193
190.088525014158,696.999236105,7126.92806895692
200.315064260166,192.391005904291,7126.92856397255
207.002454517162,605.111349916143,7126.92888767568
221.08900297768,1488.28616097774,7126.92956953505
241.406183701363,977.12893332158,7126.93055298818
258.846918205203,1614.62354597575,7126.93139720692
342.029828616242,40.7201147800684,7126.93542367568
345.667430609344,56.5581505240775,7126.9355997538
352.488781798944,199.769367714708,7126.9359299413
0.788544227930768,328.974986141262,7126.9363316913
6.42619792924025,417.20632504294,7126.93660458193
21.008885758088,2033.85908115195,7126.93731045693
39.838939575549,955.350021314416,7126.93822192567
55.4216532585002,1633.87237073209,7126.93897620693
178.454850527953,116.148569928587,7126.9449316288
185.145468781866,87.6087813406201,7126.94525548818
192.250558720938,922.043330575661,7126.94559941005
202.460312382976,1046.64843458835,7126.94609361317
212.213308051181,797.571231281324,7126.94656570693
235.79461434303,1744.91177062919,7126.94770716005
265.735994559805,1983.57330560839,7126.94915647255
343.364532913585,26.8738069991725,7126.95291408192
349.339186937717,263.094324104429,7126.95320328505
356.532077678945,355.54503785562,7126.95355145693
7.38613467803731,1587.58595159014,7126.95407684755
22.2325478633628,242.584202725382,7126.95479548818
30.383500799399,1491.51457851104,7126.95519003505
51.3181925984584,2561.40819665518,7126.9562033788
179.926289171869,437.947428322261,7126.96245478505
196.423487391873,1048.94370966946,7126.96325333193
205.925023979151,1014.56187895366,7126.9637132538
223.945179532951,2143.25246439273,7126.96458551942
258.205909543495,100.727606811013,7126.96624391005
349.037500403254,30.8223620237857,7126.97064061318
359.787616653181,80.9194655726486,7126.97116097255
3.46847350434663,185.934739826976,7126.97133914443
10.7888691843439,154.473336899663,7126.97169348818
18.417858964605,1156.36256126095,7126.97206276942
29.1925078407888,410.670081274489,7126.9725843163
36.969984427045,111.527155566282,7126.97296078505
45.3853083189424,366.782132443788,7126.9733681288
57.3788395116073,1477.74525949274,7126.97394867568
179.294835578324,190.625015772383,7126.97985001943
187.275351592377,208.60316252147,7126.9802363163
195.393056385636,69.1844845301937,7126.9806292538
199.537450099317,1240.64236661781,7126.98082986318
213.47970822499,1019.29165108317,7126.98150473818
233.277185353161,775.013664355839,7126.98246303505
258.137737128058,1948.09501863347,7126.98366641005
348.329866646139,113.199324913715,7126.98803216005
356.840738457638,176.606090862563,7126.9884441288
1.91575661780057,1083.34441417668,7126.98868978505
8.2613046317563,298.55476424423,7126.9889969413
22.3714172818777,165.625832493355,7126.9896799413
25.5057784261686,239.309044802738,7126.98983166005
34.6444909407581,1978.71763418789,7126.99027401943
56.2796526971326,1005.63324334502,7126.99132126942
81.135685313924,1858.37711885739,7126.99252442568
167.819977300356,61.2625436491321,7126.9967203788
178.612057172,154.959087228512,7126.99724276942
183.99470107093,1027.5166273388,7126.9975033163
191.461646721193,849.409764747122,7126.9978647538
206.211866312376,729.042382019429,7126.99857873818
216.300893829172,1663.05091919838,7126.99906709755
227.374775727295,751.379625185677,7126.9996031288
248.971847420674,140.324099562328,7127.00064853505
266.924823614335,1789.81740539541,7127.00152373818
340.768887242634,24.9946747327146,7127.00509816005
350.685218239604,283.048084970261,7127.00557816005
357.400691881888,76.8097668801815,7127.00590322255
1.34753364979503,154.716406353117,7127.00609426943
7.07912134740462,1469.58523128404,7127.00637170693
18.5129221585694,29.7167013219024,7127.00692516005
20.5278225022815,148.013365453004,7127.0070226913
28.8937584171302,344.159478693484,7127.00742764443
38.5034320368302,1293.78241453537,7127.00789280068
51.4763300912207,600.122673777292,7127.0085207538
70.6937405700489,52.9995561326935,7127.00945097255
176.186458982489,36.0387067410706,7127.01455734755
193.130731393465,167.879349310951,7127.01537753505
198.699952048649,738.465566474389,7127.01564711318
210.973025669951,769.564023617164,7127.0162411913
220.929706365338,206.612116304683,7127.01672314443
233.432611638536,55.3408013859169,7127.01732834755
237.916587959836,1576.94635127825,7127.01754539442
354.781130131151,96.7311369892698,7127.02320222255
1.94174112867795,64.2197892086749,7127.02354883192
8.2356416053215,202.571306950894,7127.02385348818
15.2865016095469,1100.96098904222,7127.02419478505
23.8599961102984,175.645983868655,7127.02460978505
32.3770011159403,921.391019037543,7127.02502205068
43.5699952360043,72.5321677719215,7127.02556384755
50.405226624455,435.5382721144,7127.02589470693
88.5504985509238,3357.76606519289,7127.0277411288
171.497766915615,52.9108527824729,7127.0317561913
173.915195431048,652.4440432365,7127.03187320693
185.146279614107,202.385733172328,7127.03241684755
192.206500696657,1501.15808672524,7127.03275859755
208.592333849743,1352.84783375766,7127.0335517538
222.254726784665,894.236573678597,7127.03421308193
238.048549850128,2693.22297796748,7127.03497758193
349.313205583437,45.0467545209943,7127.04036334755
352.820397515703,128.731830750795,7127.04053311318
3.85167019272489,209.860379074556,7127.04106708193
8.75818807874072,1042.04267437069,7127.04130458192
23.8373380756096,1257.96795202859,7127.04203448817
36.7203447254098,49.70665198889,7127.04267473818
50.3485210809021,2353.95325454135,7127.04333441005
73.5895991657473,1725.5078477163,7127.04445939443
165.47189494269,80.8614009084607,7127.04890695692
176.876644044649,55.1707811380364,7127.0494590038
180.00906839079,838.72497835813,7127.0496106288
186.796848600342,912.209696668498,7127.0499391913
204.549728076212,664.768295965956,7127.05079851943
217.77182557611,1890.45357146256,7127.05143853505
234.52532479726,2349.86297087403,7127.05224948818
348.727435366048,27.3287781293874,7127.0577774413
353.485143796691,125.254945304576,7127.05800773818
358.885218691082,138.708031172108,7127.0582691288
6.77696550390253,159.970606206095,7127.0586511288
11.8116339280704,999.034965865064,7127.05889483193
19.0584318420321,28.9966731181757,7127.05924561318
24.2651512242198,1651.44131702988,7127.05949764443
57.4073887956816,1022.82482483673,7127.06110189443
89.6435345844971,2402.49353744559,7127.06266228505
165.420830760601,84.2747607809891,7127.06633028505
170.409339242216,124.879370733133,7127.0665717538
173.993679699547,805.074340526346,7127.0667452538
186.881359274157,764.861896040969,7127.06736908193
194.033577592435,1366.99562780507,7127.06771528505
211.266430710681,1465.48828627857,7127.0685494413
234.172122433585,922.69519802457,7127.0696581913
265.702310632747,2489.02676247553,7127.07118441005
341.184570182904,48.1465527168989,7127.0748381288
347.642451625274,229.530630613262,7127.07515072255
355.9105799851,87.8764630507511,7127.0755509413
358.564296033529,286.216633726966,7127.07567939443
4.60318670779229,1414.55003266344,7127.07597170693
20.9160676942261,58.8775625476323,7127.07676133193
32.6984895043791,1761.37360252682,7127.07733166005
47.590094270761,1627.97375580226,7127.07805248817
180.553243998367,45.2548241935968,7127.0845118788
193.282107364739,816.936185366046,7127.08512801943
198.824535833403,808.799860418929,7127.08539630068
211.49206770929,1320.46118483942,7127.08600947255
236.881684082866,1555.44843671862,7127.08723845692
255.768873069977,976.513425676728,7127.0881526913
345.360276908758,58.5575754552536,7127.09248936318
351.897889273728,96.0488980017438,7127.0928058163
357.515206744773,132.755653692307,7127.09307772255
5.51476779032427,858.562387850981,7127.0934649413
17.063807227129,1262.7383583208,7127.09402397255
27.9017243167916,295.264090954817,7127.09454858192
36.8767786277677,76.9930091903959,7127.09498301943
45.5742273082573,1841.47652682043,7127.09540401943
73.7844459307923,217.941623081863,7127.09676953505
181.228796398308,38.4659908092555,7127.1019703788
186.407109633095,591.03705263297,7127.10222103505
195.245943488783,538.890099210931,7127.1026488788
209.276002454192,1325.00665994684,7127.1033280038
224.653094274233,1351.95865613724,7127.10407233193
244.258829851082,1391.40821087125,7127.10502134755
349.459416759644,89.3606091900701,7127.11011358193
351.965614476309,32.3467398699595,7127.11023489443
357.586159906693,285.164392099801,7127.11050695693
8.20199253706047,955.350021314416,7127.1110208163
21.8014399830389,1130.06615176658,7127.11167909755
33.3333711489177,1144.86653490786,7127.11223730067
53.3564836081502,64.657161569226,7127.11320651943
68.0892721662946,525.330889900033,7127.11391966005
179.152179595415,49.4223412195183,7127.11929566005
184.886026853289,427.526875013129,7127.11957320693
199.643670799803,170.43405575734,7127.12028755068
204.820047198861,675.534461702654,7127.12053811317
221.889242151072,1406.87828054098,7127.12136434755
242.984041357136,216.904619265712,7127.1223854413
265.589531659025,1347.50410829554,7127.12347966005
343.34506575291,83.4345162403771,7127.12723966005
346.421323403632,22.7954547599163,7127.1273885663
355.275328732096,162.070967757444,7127.12781714443
2.16898648896393,1015.74637589863,7127.12815083193
12.7244559903427,187.744861324113,7127.12866176943
19.0044761553991,1211.21590535012,7127.1289657538
29.0641291632972,31.2949804959217,7127.1294526913
41.2690925757442,1890.45357146256,7127.13004347255
59.8454277895924,1072.1870058461,7127.13094266005
174.449743692831,67.5701300467679,7127.13649008193
189.581186826396,773.460573366691,7127.13722251943
197.218892160755,875.894856644521,7127.13759222255
209.158516255844,907.584118969851,7127.13817016005
227.649632989911,916.811848661325,7127.13906522255
239.453359429404,1847.99497926491,7127.13963658193
344.800496308232,27.9238750178212,7127.14473591005
353.191610373564,66.3778268461535,7127.14514208193
357.944476808831,188.144735902007,7127.14537214442
3.20671736221049,209.681244589532,7127.14562686318
11.7305010862216,1146.96530051361,7127.14603945693
22.5187074367223,970.956204326967,7127.14656166005
35.0613167337959,1286.32549056817,7127.14716878505
62.6608030744805,117.195336768461,7127.14850473818
82.018307567319,2052.69157227406,7127.14944173818
172.394108682008,43.0472220369627,7127.1538163788
174.92451618766,729.866611592911,7127.15393886318
193.680972276664,1316.81354709201,7127.15484676943
207.625490000179,399.538735429417,7127.1555217538
214.265751877969,1649.98437135466,7127.15584317568
242.996319620241,1701.64859980559,7127.1572338788
345.979612356677,32.4192651890431,7127.16221878505
355.861726849374,113.861309269936,7127.1626971288
2.61787295218713,101.007022190736,7127.16302416005
7.60509023503515,862.056814820988,7127.1632655663
18.5679299035109,373.08015010673,7127.16379622255
24.8592479450421,300.561880939298,7127.1641007538
34.8746777333805,2008.87351198276,7127.16458555068
53.7021908326102,1505.15788721606,7127.16548759755
83.6129053041424,884.093742659076,7127.16693542568
171.838231256793,44.4959451229021,7127.17120597255
179.359084042211,268.467026387498,7127.17157001943
185.682359027752,746.160300213461,7127.17187609755
191.85133696316,668.376243240232,7127.17217470693
207.52572504457,1479.37173622381,7127.17293342568
233.124514077664,1008.0219992048,7127.17417253505
251.319302949439,2046.82493176733,7127.1750532538
341.892656009901,32.7973967428896,7127.17943745693
346.210391805212,87.2326655354527,7127.17964645693
359.485105203918,209.3225037747,7127.18028901942
3.01715256213287,262.665444950017,7127.18045998818
8.73260038789177,1229.9343765676,7127.18073664443
18.5911506909859,69.2184226602777,7127.18121384755
25.9990244110273,1275.05805913586,7127.18157242568
54.1666338500398,2067.86654466384,7127.1829358788
80.3522682508466,918.122522453046,7127.18420339443
173.254603350044,56.8893855634744,7127.18870033193
183.063120039127,306.504349678605,7127.18917511318
188.543571493079,928.541243894188,7127.18944039443
194.398467733465,646.891207267686,7127.18972380068
208.46338880253,41.8577672522957,7127.19040461318
213.570363831545,1581.51491902458,7127.1906518163
232.369751941342,766.432528553906,7127.19156180068
243.910721423432,1000.23789251225,7127.1921204413
344.729658648664,32.3104147603726,7127.19700058193
354.827078957444,98.2727649256887,7127.19748934755
7.23572735949327,821.340162548978,7127.19808998817
15.3466534719623,374.487607590623,7127.19848259755
25.437617786908,1156.36256126095,7127.19897105068
38.8595267928428,61.7589174245481,7127.19962073818
49.2855546324598,1715.72367424488,7127.20012541005
180.779479458773,32.868929800145,7127.20649383193
188.208657808154,916.811848661325,7127.2068534413
202.414964089997,1016.33812477075,7127.20754109755
215.531506842271,1355.51170288295,7127.2081760038
238.576001380418,1859.67075072568,7127.20929147255
350.677347563908,136.454680887965,7127.21471773818
1.75187502383575,114.108569815308,7127.21525380068
6.32946261690172,137.824751611504,7127.2154753788
10.7805136702744,155.322421591109,7127.21569083193
18.588978726308,1565.46631213672,7127.21606880068
41.2987325394753,1497.95043036249,7127.2171680663
53.7651617105581,1042.04267437069,7127.2177715038
175.866120572649,56.9718959508858,7127.22368180068
187.364480833638,808.799860418929,7127.2242383788
197.454153949817,23.355250025614,7127.22472676943
207.80529286221,1306.72983544855,7127.2252278163
222.864106591236,972.812164157233,7127.22595673818
234.56034159769,977.12893332158,7127.22652289443
346.573241266904,26.097905087008,7127.2319448788
2.99877855660093,170.984379432859,7127.23273995693
7.28681696816505,246.121262259535,7127.23294751943
11.9350971300409,198.258798267403,7127.23317251943
16.2528329253512,40.5756643562238,7127.23338151943
25.5432601301175,980.813985584916,7127.23383122255
36.963826266657,1227.97738644209,7127.23438403505
61.3443785074968,38.709448840768,7127.23556417567
81.2312705114413,2035.04124662857,7127.23652680068
170.436931687314,79.867765179209,7127.24084480068
176.744389600696,969.096802805325,7127.24115011318
187.902198779833,257.6095725626,7127.24169020693
198.207500474208,1086.11575289075,7127.24218903505
213.291815190987,1596.64936827397,7127.2429191913
228.783822874555,1086.66919906852,7127.24366908193
251.853495563186,291.936336216381,7127.24478576943
358.810761616484,139.518410713357,7127.24996028505
6.28254918696597,120.593007801872,7127.25032195693
16.4735806171975,951.566492268796,7127.2508152538
24.8814801913423,204.968708672482,7127.25122223818
38.2853125272761,94.0723679510036,7127.25187105068
43.986234479643,1520.26158328766,7127.2521470038
66.8867614450575,408.835881815506,7127.2532555038
180.867433041198,27.4787605863969,7127.25877273817
183.998566263729,155.443338756278,7127.25892430068
187.124857453305,255.264948068046,7127.2590756288
199.885354888838,1309.48751841942,7127.25969330068
215.146562521435,513.465714391259,7127.26043201943
224.001859048665,117.994225501405,7127.26086066005
240.114928529062,2055.0332546776,7127.26164061317
352.877363445683,186.338514063245,7127.2670988788
2.74721162525205,65.2717532800828,7127.2675766288
8.59823430691552,1007.42536535137,7127.26785984755
20.9600771670283,461.021665287831,7127.26845822255
28.3201769084796,260.22201060627,7127.26881448818
33.0536755501361,1527.36379099849,7127.26904361318
48.2567796515861,840.872815821569,7127.26977951943
61.3449162940379,115.824579094426,7127.27041305068
76.631302077118,2420.44539966457,7127.27115298817
172.267729746727,41.3496979712047,7127.27578226943
177.497690518827,444.082409734037,7127.27603542568
184.782901295475,215.165177341881,7127.2763880663
192.603309864946,264.092220314538,7127.27676661317
201.366609194027,1968.97009807628,7127.27719080068
221.564354896077,1346.61148898374,7127.27816847255
232.557860272217,732.333749198233,7127.27870061317
248.117332565256,57.2187054681539,7127.27945376943
353.639748323864,53.3528915491743,7127.28456158193
1.77972614553832,138.708031172108,7127.28495559755
5.15069762251608,116.067655486773,7127.28511876943
11.7974154941402,276.602130089287,7127.2854405038
19.9125379274445,925.298004883501,7127.2858333163
29.639064171243,105.555043872219,7127.2863041288
35.5272085168267,1274.11459160953,7127.28658914443
62.760642750327,242.42924334672,7127.2879073788
69.2908307975444,1054.66002597865,7127.28822347255
167.390512180168,51.7892603801862,7127.2929588163
182.760179682457,756.16551908908,7127.29370278505
193.620692600227,811.026967806328,7127.29422848818
208.736964261016,896.922036641712,7127.2949601913
219.320517147682,1003.23893637011,7127.29547248817
242.436349891601,2765.47784672232,7127.29659141005
347.071073224519,36.7485798735689,7127.3016562538
349.979153475944,61.4539322207897,7127.30179701943
356.092933077432,303.29996847378,7127.30209295692
5.5166755778388,304.289510255629,7127.30254911318
10.7024130927999,1350.17863556186,7127.3028001288
24.3712619839785,1302.12052251721,7127.30346176943
43.1483770653604,78.6229970017871,7127.30437067568
46.2504584659497,1423.87024393287,7127.30452083193
181.253622776043,48.8247081653626,7127.31105566005
193.559621702851,855.756632223148,7127.31165133193
203.434634715066,784.651121854552,7127.31212933193
216.005327359848,426.823132393395,7127.3127378163
231.5328426713,1629.45046344731,7127.31348942567
359.627823388711,64.657161569226,7127.31968986318
4.4897952930542,244.589709597065,7127.31992520692
8.56285080096278,86.8008234733431,7127.32012236317
20.3320379364908,1303.04367296219,7127.32069205067
32.6473980543588,916.155762364923,7127.32128817568
41.9326604640574,193.073418364165,7127.3217376288
63.2637472782738,130.038785295383,7127.32277016005
75.4012460436709,2112.7377625163,7127.32335767568
174.060346990962,54.7863143740557,7127.32813326943
180.896546816066,393.091059702755,7127.32846417568
187.233379275924,1013.37593871875,7127.32877091005
200.105564615645,270.002326052676,7127.32939398818
211.535395657621,1649.98437135466,7127.32993173818
233.085984571177,1132.19233988104,7127.33097489443
249.344958422456,802.830746327032,7127.33176191005
355.305087180976,114.683429419671,7127.33689091005
358.508526933197,207.338354818454,7127.33704597255
3.4072977769253,178.405554218664,7127.33728309755
12.9291705568895,402.163607970962,7127.3377440038
22.2128190057079,1252.21943925169,7127.3381933788
36.1547543316889,866.925198295121,7127.33886823818
43.914154247944,859.262383468007,7127.33924383193
58.1859883411071,21.8619462810654,7127.33993466005
67.0619438982939,242.274200701331,7127.34036430068
175.57798115022,31.3324817480254,7127.34561701943
181.132998731704,143.632536420135,7127.34588591005
190.519296693342,96.1955029521455,7127.3463402538
196.249593192185,824.26310221706,7127.3466176288
207.121726823699,678.642420037789,7127.34714389443
217.557761416181,848.701664502016,7127.34764905068
239.355935814365,1654.35132259972,7127.3487041913
350.161573843264,41.3780849861656,7127.35406773818
354.707850091703,220.000961892453,7127.35428780068
0.380365896669534,77.6007036407123,7127.3545623788
7.62070785437531,1208.23384630597,7127.35491284755
13.3942591361239,93.0683655142595,7127.3551923163
27.606698612109,372.677028126489,7127.35588026943
31.7259140625705,1359.94016048357,7127.35607966005
48.4093663142943,78.2637149532306,7127.35688722255
59.7392264138725,2960.36883895567,7127.35743564443
173.74443063627,228.217139630615,7127.3629540663
184.858016595847,572.958236411125,7127.36349201943
197.551695021293,1632.39965988993,7127.36410645693
210.22600557797,181.951051447804,7127.36471995692
223.738620620867,1487.47791861581,7127.36537403505
243.619379468247,2620.81112367696,7127.36633636318
342.505901356872,27.35025400602,7127.37110572255
355.593069637827,151.526027836191,7127.37173920693
1.92054101936062,358.492180385639,7127.37204548818
10.5734436805988,1111.82951734179,7127.37246433193
16.9800003477699,1492.32060042692,7127.3727744413
39.3750268665304,133.109023803257,7127.37385847255
45.6695729049788,68.0550060749852,7127.37416316005
48.9156218783005,1120.44840072656,7127.37432028505
59.0701772439953,1836.24504490609,7127.3748118163
171.719955894932,42.6085139393351,7127.3802646288
179.374123938412,625.629381634241,7127.3806351288
191.320203952179,788.473175639126,7127.3812133788
206.72731591808,1392.27218642901,7127.38195916005
221.91137502561,1030.4382902504,7127.38269414443
235.565375206126,925.947540864058,7127.3833550663
347.056957356527,30.5160445523978,7127.3887518163
0.160265471754588,83.3781932385591,7127.38938608193
7.4219120588001,310.644843182217,7127.38973758193
15.1083597708247,360.165453017203,7127.39010964443
22.5326961248298,306.013547834993,7127.39046901942
26.7987843452494,109.056985664324,7127.39067551942
32.4816297027722,1341.24289452586,7127.39095059755
58.896772918205,1021.64843251984,7127.39222922255
171.773155224121,44.4431297319525,7127.3976930038
188.709034918269,740.092209738918,7127.39851278505
202.03216789495,210.396880473418,7127.3991576913
205.496105006731,1086.11575289075,7127.39932536317
226.399162699051,903.600638757496,7127.40033717568
247.550774275073,1552.35302390366,7127.40136101943
354.986409188491,132.684876974487,7127.4065614413
1.12665817680764,154.229878868151,7127.40685866005
5.54865744581768,157.484789098383,7127.40707270692
15.0643971067961,1243.54671005023,7127.4075333163
22.2669718387767,420.078721807826,7127.40788195693
32.785642475927,49.9423419286771,7127.40839111318
37.3519321549396,1322.28117344368,7127.40861214443
63.4239419285651,300.061336888646,7127.40987416005
85.5881683963542,1103.68814087991,7127.41094701943
170.985776720199,147.249740178879,7127.41505884755
179.324274849144,175.324768592056,7127.41546247255
188.835495352017,879.3203387647,7127.41592286318
196.970631253472,305.521941079689,7127.41631664443
204.258747189768,26.0303219951075,7127.41666942568
210.453548875044,1341.24289452586,7127.41696928505
227.315185241352,875.894856644521,7127.41778547255
250.776088150071,1117.22409101844,7127.41892109755
347.603314788453,58.1147109601776,7127.42360801943
355.947946073962,126.820234869207,7127.4240119413
5.32875651599742,326.682458862138,7127.42446601943
8.91471097178781,301.809521818797,7127.42463959755
19.9601867225104,1070.50335262926,7127.4251742538
28.724131613396,1159.47806911265,7127.42559847255
48.8950851665044,170.323782855419,7127.42657484755
53.7089602925657,171.313727093114,7127.42680786318
60.8321268640597,1642.68032509796,7127.42715266005
174.211750056366,50.2237071375866,7127.43264080068
179.730291573313,459.388582729758,7127.43290792568
195.193893071902,195.491151044891,7127.4336564413
200.207579666422,1111.82951734179,7127.4338991288
212.229839881337,1201.2467687228,7127.4344810663
231.395925622544,231.324501220875,7127.43540880068
237.884795609849,1497.95043036249,7127.43572289443
256.122193702725,1345.71809251582,7127.43660567568
346.937967490325,111.358561261099,7127.44100161318
358.163564116204,973.430003270437,7127.44154498818
9.49665213754223,569.273517214697,7127.4420935663
14.3563644816219,193.170701656697,7127.44232880067
24.11484766943,92.765045645038,7127.44280116005
27.7905398006852,1535.21662049627,7127.44297908193
40.7492347437968,1563.16015686997,7127.44360634755
65.7059800752576,848.701664502016,7127.4448143788
173.115468439117,48.4141060574927,7127.45001353505
179.698918022105,129.168939433377,7127.45033220693
190.674992327627,957.236179210952,7127.4508635038
203.693404800345,1108.58000557101,7127.45149366005
221.553130147449,1277.88424286734,7127.45235816005
238.654903207604,1022.82482483673,7127.45317561317
0.586070709517363,60.8393752044023,7127.4590776913
3.59389538927196,113.033221671444,7127.45922328505
12.1683582890987,289.350488014151,7127.45963833193
23.2993752817151,978.35883838826,7127.4601771288
33.259283974019,1321.37156771961,7127.46065923818
49.7697168686478,1206.24166211059,7127.46145842568
180.941277998895,129.24165904149,7127.46780778505
189.31528383088,248.40093870715,7127.4682131288
198.114090825422,1109.66424937686,7127.46863903505
211.216430541574,289.090640315237,7127.4692732538
219.330907413074,1226.99783666746,7127.46966603505
242.498710493996,1641.21560786157,7127.47078747255
350.286517165433,48.5835954799896,7127.4760049413
359.135680573678,109.31511251755,7127.47643328505
8.18368701372732,356.600388107253,7127.4768712538
12.3271122907542,248.40093870715,7127.4770718163
17.841134649596,563.434687794739,7127.47733872255
22.0710696051704,52.4203111473831,7127.47754347255
27.1557716057705,1714.32135154248,7127.47778959755
52.726477291156,1077.22220032969,7127.47902734755
67.48218443952,1877.68867121463,7127.47974159755
168.114544908497,61.4539322207897,7127.48461270693
178.284917346351,116.874246391951,7127.4851050038
182.996465759284,676.868228133287,7127.4853330663
190.450176659765,1019.88140155385,7127.48569386317
203.712301058387,886.809792266519,7127.4863358163
220.756317747379,1664.49642957645,7127.48716083192
232.893816587933,1463.84626642515,7127.48774834755
357.419204801205,134.023375730763,7127.49377334755
10.39113445652,356.811108437327,7127.4944012538
14.2369406724875,281.183298866949,7127.49458741005
23.4634539892344,70.4959979280773,7127.49503401942
27.4554874133548,1329.53659193191,7127.4952272538
36.0489953446793,1799.19878995349,7127.49564322255
63.7692077930275,77.418897681536,7127.49698501942
72.7826749666907,1374.01501287826,7127.4974213163
173.346925189234,58.2358258838234,7127.5022891288
181.775806555449,952.829259937005,7127.5026971288
196.041507492047,178.72121838014,7127.50338766005
199.076769882549,949.669010097409,7127.50353458193
214.427715153032,1442.33003318561,7127.50427764443
228.770887414388,46.5846285158111,7127.50497192567
235.862742678835,724.077187097549,7127.50531520693
252.750202757431,1743.53298465491,7127.50613264443
351.960964131507,153.129522950657,7127.5109349413
357.183823385545,253.047138798479,7127.5111877538
1.16585005680083,72.0774134821411,7127.5113805038
8.03658922344896,294.75458185324,7127.51171308193
13.3262674875751,1289.12680530391,7127.5119691288
24.9253404632334,379.669684580364,7127.51253058193
34.2151220686163,1378.38385150246,7127.5129802538
55.0394171998331,91.6442893794667,7127.5139882538
62.8604713686869,2133.12922880959,7127.51436683193
174.261347557283,50.9203269827285,7127.5197591913
177.843428416773,20.2298663931622,7127.51993258192
181.166948752431,193.656424229971,7127.52009345693
191.209493489403,1180.03773419417,7127.5205795663
200.367250997912,316.160403412979,7127.52102284755
207.677962762314,1192.20344707571,7127.52137672255
224.303634282583,1732.46283985407,7127.52218148818
246.341324248257,1134.31464221492,7127.52324822255
350.241038282317,107.844240482269,7127.52827748818
354.541343044588,80.7451397411008,7127.52848564443
5.35408198376736,385.367543431769,7127.52900903505
9.26025129114525,870.385985507482,7127.52919811318
25.500180110927,398.408500634773,7127.52998420693
30.5180631014392,99.6021251586932,7127.53022709755
33.0810731504849,1513.92054448252,7127.53035116005
55.3398792139575,80.9194655726486,7127.53142859755
71.3725722099495,2184.37623544787,7127.53220466005
174.37198400442,56.6825891779033,7127.5371871913
180.732057929346,961.622892425851,7127.53749505068
194.183987005983,114.273111806451,7127.5381461913
198.079181236578,197.118293909782,7127.53833473818
207.292137079008,2087.5443595969,7127.5387806913
229.829517134464,303.29996847378,7127.53987161317
239.87658106712,1160.51468435074,7127.5403579413
354.167138037448,104.211479723393,7127.54589017568
358.769903818576,67.7436995388803,7127.54611297255
5.20518947041828,140.457936947946,7127.54642447255
11.2440801071034,986.924986179361,7127.54671678505
20.5987439620022,220.683124552146,7127.54716959755
28.0986148801933,43.427459545109,7127.5475326288
33.8450512133081,1481.80823167365,7127.54781078505
59.4457770069744,507.873187949315,7127.54904998817
68.3630506240739,1803.20447462634,7127.5494816288
174.767671176032,68.2961603937216,7127.55463214443
177.780660575698,642.695063834964,7127.55477798818
193.560603329573,678.642420037789,7127.5555418163
201.118577778911,1406.87828054098,7127.55590766005
216.447572820671,1012.78241348979,7127.55664966005
228.980175402458,1390.54368020197,7127.55725630068
245.070649129905,104.12128798043,7127.55803516005
275.079493956151,1985.99692247114,7127.55948773818
343.366603204816,66.6250457581619,7127.56279317568
347.612032395279,118.470969145967,7127.56299867568
356.451511887929,947.133149686863,7127.56342655068
1.43420993751405,83.0394850104277,7127.56366773818
8.08415576847688,378.877040851933,7127.5639896288
16.9530097700243,104.031026848528,7127.56441892568
19.8659319792465,1693.14728903913,7127.56455992567
44.2907075148029,451.134407608578,7127.56574220693
50.5129469859827,1903.13298453759,7127.56604339443
81.7710171118395,353.424900456645,7127.5675564413
178.010107183742,75.9487819856908,7127.57221489443
183.827881722629,106.881718753282,7127.5724965038
188.764419829661,585.415271814327,7127.57273545693
201.376430534356,500.419372606586,7127.5733459413
207.899517063512,1351.06892340531,7127.5736616913
226.30025056031,1389.67870544349,7127.5745523788
247.954134623648,850.117309880716,7127.57560053505
343.308207589739,35.5795948259185,7127.58022833193
358.323443698589,71.4884887398348,7127.58095514443
358.522286805551,146.353817953582,7127.58096476943
3.99660510293852,297.293412110378,7127.5812297538
12.2382640383574,915.499287490462,7127.5816286913
24.2492263392185,92.6130144796034,7127.58221008193
32.6503471574156,1189.17364844151,7127.58261673818
49.6013982867609,1595.14246256265,7127.5834372538
68.0260187728539,121.05952351682,7127.58432909755
176.999136968617,37.2248239177697,7127.5896039413
186.753423760433,355.756368808358,7127.59007609755
192.580882214915,884.773532217054,7127.59035817568
207.709420188832,790.757459512292,7127.59109047255
215.122781466055,1158.44056569614,7127.5914493163
233.91119446149,1470.40335463089,7127.59235876943
359.511275301132,136.729794153467,7127.5984384413
5.08566071380557,133.672448110467,7127.59870826942
8.43597319840557,70.8283709460744,7127.5988704413
17.7522241906172,1289.12680530391,7127.59932139443
32.7145215633876,708.124558990164,7127.60004564443
37.2114098723571,362.038593548775,7127.6002633163
50.5719873126494,312.09307360669,7127.60091003505
62.038713466899,89.6754406842781,7127.60146508193
73.6442424363919,1838.86261773125,7127.60202684755
173.0929053795,50.5035110953678,7127.60684066005
179.546913300727,149.277382122115,7127.6071530663
187.727240783239,1005.03516620165,7127.60754903505
196.848522264789,340.647565710839,7127.60799055068
206.243212943255,1411.99740788522,7127.60844530068
224.760476226882,1431.45073572271,7127.6093416288
248.611963869043,1556.9938671689,7127.61049616005
347.384689405936,117.515538966551,7127.6152772538
356.199313472637,202.199965104732,7127.61570392568
1.06903256958164,117.115150910507,7127.61593964443
6.98235502807016,249.608222979703,7127.6162258788
14.2872564731787,1282.58059728381,7127.61657947255
26.4285746137351,47.0860885004587,7127.6171763788
32.1127110948678,1393.13560687526,7127.61745151943
52.4679818815461,1004.43675599138,7127.6184368163
68.3557389433091,69.2862503481884,7127.61920586318
172.327113945254,30.0311685241805,7127.62423859755
185.023051930963,149.528889270556,7127.62485314443
199.774885520605,1080.56585901295,7127.62556720693
217.867670478944,624.186147213379,7127.62644298818
231.840594349859,1276.94277374246,7127.62711934755
256.532323163654,1658.70683854763,7127.62831455068
345.207628429345,59.1561313822986,7127.6326068788
348.462392919187,22.5754553939694,7127.63276442567
350.612868118803,165.852567790559,7127.63286851943
5.14261721157165,152.021215060749,7127.63357183193
8.46613754722959,1296.56774205955,7127.63373270693
18.0183532351662,1319.55024684771,7127.63419508192
30.9250778788524,38.6183342249158,7127.63481983193
38.6011960758988,301.311087191891,7127.63519139443
46.4374217551067,303.795127942763,7127.63557070693
58.4267565893577,933.062849206578,7127.63615105068
178.942781027783,62.7772972494611,7127.6419846288
192.137440779355,744.950601205829,7127.6426233163
201.792628817382,455.115084507796,7127.64309067568
218.123909273509,80.102667554538,7127.6438811913
220.99260830075,962.872559462369,7127.64402005068
236.478805589867,1428.08653791349,7127.64476966005
356.009652847273,118.550239069926,7127.65055555068
1.77577984884714,271.25202084477,7127.65083466005
6.86370984636453,80.1612873302382,7127.6510809413
16.7455015769487,1416.24911798033,7127.65155926943
31.2332870104211,164.029956284395,7127.65226055068
34.5070965693385,1211.21590535012,7127.65241901943
56.0024871489733,1107.49476256444,7127.6534595038
72.4289928001669,361.415286587174,7127.6542546288
177.259521944845,34.4220901782322,7127.65933073818
191.755054533341,208.783240696064,7127.66003239443
197.150610269625,868.311145207912,7127.6602935663
212.868898770902,1095.48625726319,7127.66105441005
231.544332700961,1396.58395958975,7127.66195839442
261.680036866592,884.773532217054,7127.66341711318
344.946551721374,66.3778268461535,7127.6674476288
357.875226556205,53.6601492406863,7127.6680734413
2.19199395244008,673.752054147769,7127.66828239443
7.70730747247018,22.7051259737987,7127.66854936318
9.41845563613713,104.481569229709,7127.6686321913
17.5287361116441,314.969578196767,7127.66902476943
28.1364988248756,361.415286587174,7127.66953823818
35.1211853432396,1864.83650743696,7127.66987633193
55.7321114941025,894.236573678597,7127.6708740038
68.3254000045703,83.6594057918028,7127.67148358193
175.971498701117,26.9174699890629,7127.6766941913
184.39166458839,301.311087191891,7127.67710176943
189.945713770799,247.946663201049,7127.67737061318
198.016613022122,193.267943315867,7127.67776128505
203.150057437966,1055.79955889112,7127.67800976943
212.360430882862,942.041000762117,7127.67845559755
231.943893468875,270.280520187072,7127.67940353505
245.998807822653,1553.90145195611,7127.68008386318
357.843207405613,249.909148930527,7127.6854976913
2.46598657973559,72.2726600788093,7127.68572145693
9.23052536179778,231.811334017173,7127.68604889442
15.4944057301605,1266.54187138087,7127.68635209755
25.1370046929453,264.376659453447,7127.68681884755
41.1600137733427,1322.28117344368,7127.6875944413
60.3800066872832,2010.0703324033,7127.68852478505
177.270049808773,55.552590305652,7127.69418284755
179.818856746539,346.986744892419,7127.69430622255
195.560063838036,922.69519802457,7127.69506817568
203.734581001254,1465.48828627857,7127.69546386318
224.679602315292,213.059112019742,7127.69647770693
231.001586139644,1590.61286364448,7127.69678372255
351.896840757198,25.2749956380915,7127.70264470693
356.005081168455,115.986692472703,7127.7028435663
9.90989479293679,693.10657213606,7127.7035166288
20.0454051271339,171.313727093114,7127.70400723818
23.4328393132326,1077.78019842186,7127.70417120693
40.4119738278655,1617.59972083786,7127.70499308193
62.106853076267,1133.25393513719,7127.70604322255
177.261861082373,64.983261827134,7127.71161730068
182.671942729628,816.199829944964,7127.71187917568
192.510802401841,163.915367390466,7127.71235542568
196.095465658864,227.887583803543,7127.7125289413
206.318776870376,72.9196980575608,7127.71302380068
208.919231383033,1136.4328367236,7127.71314967568
219.043443840756,1459.73322318582,7127.71363973818
245.036045491473,1386.21314427212,7127.71489791005
352.987833203794,20.9429071307277,7127.7201233163
356.563458144606,191.411914096662,7127.72029639443
3.91258277169543,124.049090444167,7127.7206521288
14.5287382017548,1249.33519085602,7127.7211660038
27.1484960614729,408.099914972482,7127.72177686318
31.5921227595145,156.887114410864,7127.72199195693
37.2275169005604,88.0366751720985,7127.72226473818
49.4844506500115,1583.0348143453,7127.72285803505
72.0031084736613,1981.14702421037,7127.72394805068
169.043704092397,71.9469622767477,7127.72864530068
179.002644348047,744.143080488868,7127.72912736318
187.826952330343,1106.40852035715,7127.7295545038
198.683268889698,496.499230617786,7127.7300800038
209.448233850287,1462.20247021489,7127.73060108193
226.085203247031,2364.14821053188,7127.73140639442
350.892816931208,25.9625654308593,7127.73744770693
353.69598810955,59.9840802029128,7127.73758339443
2.1577948188488,110.851224033315,7127.73799298818
10.3884786399061,1132.19233988104,7127.73839139442
22.1896227194437,149.654497128004,7127.7389626288
26.0118647458078,901.60223731317,7127.73914764442
45.737235905675,552.388523811231,7127.74010491005
59.8082900937259,1495.54024719833,7127.74078601943
178.228069304959,48.0488947240953,7127.7465181288
187.72637789532,716.145254209266,7127.74697789443
200.085638395478,538.331934585301,7127.74757614443
210.899991333116,1351.95865613724,7127.74809961318
225.807090371965,756.960272241258,7127.7488211913
242.91243858902,1094.93714095521,7127.74964917568
344.789505161924,23.2292084872965,7127.75458053505
2.3522570473517,131.97494486139,7127.75543066005
5.67351778516762,258.48331808298,7127.75559142568
11.4089790414994,307.4835941419,7127.75586905068
21.0557743626982,561.296398249311,7127.7563360038
27.1957005889014,1083.34441417668,7127.75663320693
36.7572774303196,1644.14371006671,7127.75709603505
57.9989494063414,507.577146979798,7127.75812423818
72.6029418645289,193.656424229971,7127.75883114443
176.51524497383,56.1413554533985,7127.76386101943
179.716747927901,109.056985664324,7127.76401598818
187.492610515698,212.175416125504,7127.7643923788
195.701021345919,492.547835850843,7127.76478970693
204.422034216012,877.951711331093,7127.76521184755
215.485586599157,1382.73892336116,7127.7657473788
236.655597607294,759.339369160728,7127.76677211318
255.451434920482,1941.91240865393,7127.76768192568
338.994264169405,31.612323869723,7127.7717258163
347.849560696635,187.04300608352,7127.77215445692
357.647425146206,229.694291364879,7127.77262872255
3.92550855069009,34.9468717852908,7127.77293261318
5.892634915812,241.497433162152,7127.77302783193
11.5470740131986,1506.75483201468,7127.77330153505
32.8387795656526,315.208109613607,7127.77433216005
37.8095341769582,947.133149686863,7127.77457276943
54.7550977867012,2325.17027853874,7127.77539301943
178.182434484978,100.634292565793,7127.7813673788
184.328171030476,270.558464521287,7127.78166486318
194.517588499827,336.429523128956,7127.78215808193
200.960944068805,1232.86392206268,7127.78246997255
208.836551009775,829.353419273815,7127.7828511913
219.630890479262,75.5146153941233,7127.7833736913
226.638818425116,1423.02547523343,7127.78371291005
261.940569512406,1104.23259425119,7127.7854216913
345.945644425076,41.8858142614553,7127.78948795692
349.652647863379,88.8333989701451,7127.78966739443
1.54546634137493,114.437410936308,7127.7902430663
5.60044517928247,773.849095914159,7127.79043934755
13.9353925867752,1003.23893637011,7127.79084280068
27.8992781414793,45.0988621447657,7127.79151872255
33.6415181537589,1290.05928162229,7127.79179667568
46.7190024439623,1253.17922705648,7127.7924296913
76.1600469339938,992.998461235572,7127.79385478505
177.839561598702,197.499197551743,7127.79877658193
186.751347621042,720.748072335908,7127.79920795692
199.908562909003,1108.58000557101,7127.79984483193
214.332434454456,929.188559428695,7127.80054301942
222.347812609744,869.694982696956,7127.8009310038
253.005479855993,69.1165666366622,7127.80241498817
258.795171047171,1934.4674750954,7127.80269523818
348.343642902738,69.8937435705815,7127.80702983193
355.376103399692,383.216264276953,7127.80737023818
0.279393401526544,106.264663735089,7127.80760758193
9.23152908470417,249.758741466266,7127.80804091005
14.5544554540285,1391.40821087125,7127.8082985663
27.0066815514109,86.4755142493401,7127.8089013163
32.2185656910876,130.399496756084,7127.80915359755
36.4265504555174,1247.40862084138,7127.80935728505
55.0261270592772,1844.08666115132,7127.81025759755
181.235326257468,184.514611922815,7127.8163667538
188.707113865529,208.60316252147,7127.81672842568
196.765101241918,1019.88140155385,7127.81711847255
209.108867469609,147.249740178879,7127.81771597255
213.223563724386,1357.28484007558,7127.81791514442
223.968838129251,885.45282217467,7127.81843526943
248.942691656481,1920.74312010959,7127.8196441288
348.689580432002,68.261757357746,7127.82446008193
354.398572301504,81.0934236428196,7127.82473642567
359.143368857214,242.11904703364,7127.82496609755
6.7833337894157,390.982302089782,7127.82533591005
13.918443836768,497.406615895812,7127.82568128505
19.4947660851705,132.117247697572,7127.82595120693
28.1915691662765,2012.46197484295,7127.82637217568
57.8714836244157,1054.0898154332,7127.82780883193
62.3031667714419,1416.24911798033,7127.82802334755
174.955850619604,129.24165904149,7127.83347630068
184.367326806883,695.271840100986,7127.83393186318
190.726109533042,371.667335796744,7127.83423966005
198.213714138105,843.728031885149,7127.83460209755
213.613078948983,1550.80304153898,7127.8353475038
229.605422321716,167.318811583606,7127.83612161318
234.09908259619,920.085008182525,7127.8363391288
256.793987736273,1972.63116952229,7127.83743767568
343.464399411118,31.612323869723,7127.84163295693
345.723334405269,88.6216378059856,7127.84174230067
349.907109380712,194.044127987958,7127.8419448163
2.31285269827163,260.077570590767,7127.8425453163
4.99174693476204,592.560944756571,7127.84267498818
14.0775206381152,87.5551575685307,7127.84311478505
21.2223146386407,2121.82471592826,7127.8434606288
47.5628917265416,1365.23514715492,7127.84473564443
60.3698719794765,988.750858965659,7127.8453555663
172.583874353494,65.3436818542907,7127.85078728505
185.929603158281,686.56974550052,7127.85143328505
191.578231973952,763.681895499246,7127.85170670693
201.560090819822,814.725231723656,7127.8521898788
225.132036033346,2082.93093884038,7127.8533308788
248.103901204533,715.725367861353,7127.85444283193
347.048032062484,44.1515227156408,7127.85923222255
353.916511593711,73.6248700894393,7127.8595646913
359.776249791894,102.575975491348,7127.85984833193
5.19988891346628,300.811792142142,7127.86011086318
12.9444401566376,297.798591342158,7127.86048573818
18.0336613529219,58.7977305732679,7127.86073208193
20.435918358001,1127.93596684924,7127.86084836318
39.1881780885912,1423.87024393287,7127.8617560663
61.8417651311835,1761.37360252682,7127.86285261318
175.31055984531,62.7398757946374,7127.8683294413
182.415649784382,818.406786784465,7127.86867336318
195.694236779389,707.275016331721,7127.86931611318
205.541166368738,1312.23965027516,7127.8697927538
221.742359563719,1491.51457851104,7127.87057697255
243.685469896132,845.152059447685,7127.8716391288
341.937846350866,21.0965411806541,7127.87639503505
359.240100876733,194.334381919958,7127.87723255068
2.75859072305216,175.645983868655,7127.87740286318
9.51861038458728,121.369525540871,7127.87773008193
17.9155348443705,1092.18811772394,7127.87813653505
28.8296320976025,559.687352019722,7127.87866483193
37.2543171429814,600.122673777292,7127.8790726288
49.1952323992589,65.9874724306952,7127.8796506288
53.004562513111,272.495997988287,7127.87983501942
72.7523289021205,2930.97657255714,7127.88079091005
170.66028071628,527.044907716601,7127.88553014443
184.78427364041,125.554594498922,7127.8862138163
187.655232227915,486.09694047741,7127.88635278505
197.301059225196,1878.96920245123,7127.8868196913
216.155968431027,113.365178355807,7127.88773236318
224.633914974598,1048.94370966946,7127.88814273818
234.580266117428,2347.81527552741,7127.8886241913
351.829905314689,79.9265584272568,7127.89429966005
355.901024062026,100.447414275173,7127.89449672255
4.31086043432101,71.0931521985536,7127.89490380068
11.7361651874013,1245.47916424689,7127.89526322255
24.5696147895866,1003.8380127142,7127.89588442568
34.634109755282,469.422167803657,7127.89637159755
55.6014040601562,432.421043417008,7127.89738651943
70.125342796052,3121.70111982368,7127.89808955068
173.581533435748,711.09007571124,7127.90309734755
182.080139009276,200.145219841907,7127.90350872255
187.42792076697,67.3263875206054,7127.90376758193
196.350078758649,1492.32060042692,7127.90421467567
206.846799242233,1168.77463263165,7127.90472276943
224.557069497002,2225.82086095713,7127.90558003505
257.237061442294,217.941623081863,7127.90716191005
348.998308274303,37.0984250264161,7127.91160361318
356.994318560824,107.931316661869,7127.91199066005
2.72558342116309,91.6442893794667,7127.91226808193
9.49722379644332,243.666142818455,7127.91259586318
16.2320653074951,1109.66424937686,7127.91292186318
35.495958603725,140.324099562328,7127.91385433193
39.5890275422066,1226.01739871442,7127.91405245693
69.3712687134736,2572.65098113635,7127.9154940663
172.689947736694,156.887114410864,7127.92049520693
184.61472312112,1081.12208074829,7127.92107242568
192.111688879664,888.841444890431,7127.9214353163
210.461097601263,1008.61818896902,7127.92232351942
226.358538578621,1911.95836940494,7127.92309303505
252.795954822469,873.833116976641,7127.92437273817
349.927579277857,23.405475474414,7127.92907439443
351.583529107603,103.306058152342,7127.92915455068
357.608862269971,166.418032132576,7127.92944620693
9.75088023105277,186.942530899792,7127.9300339413
12.1357062030928,1142.76399454383,7127.9301493788
18.4899697335682,364.933305796455,7127.93045695693
27.7778145408005,119.18251108245,7127.93090653505
34.8580490539232,414.676709636908,7127.9312492538
41.9037443006596,264.376659453447,7127.93159030068
48.8145102532961,1579.99358041394,7127.9319248163
78.9159979146542,499.216445959405,7127.9333818788
176.67933651912,57.4644568041016,7127.93811411318
182.183029362983,123.289448095143,7127.93838051943
186.502701918865,191.902077562034,7127.93858961318
193.737879119082,518.128373538929,7127.93893983193
205.546447553951,1275.05805913586,7127.93951142568
213.034697758397,805.820854488104,7127.93987389443
236.741572228442,2508.27714154411,7127.94102142568
350.558616764187,31.612323869723,7127.94652734755
355.639122443952,72.4673793195407,7127.94677326943
358.921970319081,251.408310836254,7127.94693217568
12.4642826705658,1199.24303820795,7127.9475876913
21.5019596332158,293.476909440926,7127.94802516005
25.7867700478626,307.239067520726,7127.9482325663
38.4975567442339,1215.18051177105,7127.94884783193
46.9280521089069,374.888758924996,7127.94925591005
63.649594423626,2847.74048786574,7127.9500653163
171.123964999423,81.0354838787219,7127.95526761318
178.254233126556,168.103045372625,7127.9556127538
187.804189291808,1021.64843251984,7127.95607501943
195.999042647712,168.994832017155,7127.9564716913
203.183863509383,1259.87831278707,7127.95681947255
216.290399546371,2093.2968691767,7127.95745389443
240.763594622322,758.547169521506,7127.95863851943
357.272737001122,83.7716285229106,7127.96427814443
9.68558183674205,342.846723233592,7127.96487898818
15.2322067013984,270.419520109755,7127.96514747255
21.0335186063215,285.690998635957,7127.96542828505
28.5914930180808,1234.81325164931,7127.9657941288
49.6278659308848,58.1954831546661,7127.96681239442
54.4297976186663,1576.94635127825,7127.96704483193
173.352172116907,39.4605736975251,7127.97280126943
179.283248483283,142.97697747967,7127.97308836318
187.982311124653,120.748716581076,7127.9735094413
194.32463117927,1206.24166211059,7127.9738164413
212.84447686043,1098.22695382178,7127.97471289443
234.316626087732,62.251329091545,7127.9757522538
243.590913383069,2042.11958454437,7127.97620117568
353.665738509102,143.632536420135,7127.98152934755
356.592863829603,49.6593807741696,7127.98167103505
3.75250650321181,98.6544179681914,7127.98201759755
12.6100625531273,1221.10344058513,7127.98244634755
22.6706839601006,230.184565852554,7127.98293333193
33.1344791005998,81.9576836952329,7127.98343983193
37.1526590367003,198.069172174797,7127.98363433193
45.0963761489469,1950.562600328,7127.98401884755
181.695402727956,41.4631419476397,7127.99062701943
189.496766265929,765.254859480535,7127.99100464443
199.437307051886,566.096169940522,7127.9914858163
204.751840741961,104.840622294766,7127.9917430663
216.056199891364,284.372608794214,7127.9922902538
224.980574988946,1642.68032509796,7127.99272223818
256.235417193043,221.532903132982,7127.9942351288
0.0205381632673607,108.01832345253,7127.99925884755
3.83051391408152,97.0704627789587,7127.99944326943
6.59850018907478,90.6652045107315,7127.9995772538
16.7143199299693,1094.38791362493,7128.00006691005
24.6725629156078,235.510250190529,7128.0004521288
35.5895653660653,339.321210018895,7128.0009805663
40.4592844254313,115.905667008587,7128.00121628505
51.8795277622792,444.75881311179,7128.00176908193
61.7797188873991,1895.53550633548,7128.00224830067
181.310243382692,50.7817642103614,7128.00803417567
184.556292393592,860.660709367522,7128.00819130068
195.384202767968,253.492254964627,7128.00871542567
209.0501464995,312.333797714004,7128.00937692568
213.366591096043,1570.83401841618,7128.00958586318
236.828462441416,1197.23597702404,7128.01072153505
250.089295603693,99.2241219743839,7128.01136342568
353.477698796648,88.6746231998359,7128.0163679413
1.29261984651587,95.2138853871354,7128.01674622255
7.50065624399536,140.991995856155,7128.01704672255
17.7494684056821,1288.19377387401,7128.0175428163
30.4257157980884,368.417713003666,7128.01815641005
35.0149240673209,115.662250610438,7128.01837855068
45.6000909524458,232.620450679732,7128.01889092568
51.638336027326,412.86032925747,7128.01918320693
62.2657892962816,517.838161240292,7128.0196976288
73.3193350017188,1777.68288978086,7128.02023267568
171.644340823413,54.5284928321621,7128.02499209755
175.094720423299,268.886607424079,7128.02515911317
185.061085034281,382.037707025162,7128.02564153505
193.425729750362,234.711083901828,7128.02604642568
197.77348572911,1450.6432721717,7128.0262568788
214.242277764135,153.986018380792,7128.02705405068
221.968187747868,1487.47791861581,7128.02741153505
248.604124261407,850.117309880716,7128.02870084755
268.446793008213,1866.12569841316,7128.02966133192
341.622343548049,76.5033869587484,7128.03320339443
347.30454326861,151.773829615287,7128.0334784413
354.989377057333,82.5288240524635,7128.03385042568
357.586603535495,530.456178982064,7128.03397614442
5.66847790117971,452.132886685774,7128.03436734755
12.4556125113487,78.7423945491916,7128.0346958788
17.5451565449032,867.618477062848,7128.03494223818
30.3550419199066,20.802254016572,7128.03556230067
31.9402991808423,2095.59325448083,7128.03563903505
54.7998308860359,2093.2968691767,7128.03674555068
176.464367871824,45.0467545209943,7128.04263472255
180.469635932991,518.70824302469,7128.04282859755
185.585003716413,238.994796175618,7128.04307620693
198.153759600623,1318.63853169989,7128.04368459755
213.118316571236,1138.54703442939,7128.04440895693
237.533730915732,2277.09406885879,7128.04559078505
353.84403018757,68.1929096524314,7128.05122078505
356.290510449787,79.7500537830231,7128.05133920693
5.49475077569779,181.123060993826,7128.05178473818
13.4494430023058,1078.8954174501,7128.05216978505
21.5274438092683,319.235693435616,7128.05256080068
33.2627372026362,1291.92223585761,7128.05312884755
57.0332026858519,918.122522453046,7128.05427945692
77.5314726461872,1750.41625638528,7128.05527167568
170.879267937899,51.287987745674,7128.05979017568
178.012441187101,189.933790917252,7128.06013545693
182.259161576331,860.660709367522,7128.06034101943
190.109267491969,267.625838157315,7128.0607210038
201.640553096043,108.36564978689,7128.06127917568
204.780724559627,1199.24303820795,7128.06143117567
213.016573213331,1093.28857078594,7128.06182983193
233.282751961506,1827.05384155213,7128.0628108163
351.675058279081,26.4776117697707,7128.06853572255
0.184316167278604,213.763437506564,7128.06894761318
6.93077839207543,166.756386477118,7128.06927417568
11.3937729213065,112.783601902144,7128.06949020693
20.3891634249685,39.2816161542964,7128.0699256288
23.8379290639743,1323.19033507855,7128.0700925663
33.6441862679512,1792.50281284737,7128.07056723818
72.9056909980813,876.581029984891,7128.0724676913
175.402528244203,165.739227897532,7128.07742905068
184.762034019321,51.1963214877564,7128.07788209755
191.543035510504,867.618477062848,7128.07821033193
200.846051828091,663.410271162235,7128.07866064443
215.700857730244,1038.57489275327,7128.0793796913
224.772105560205,900.935104297673,7128.07981878505
250.618157278235,1456.43441751275,7128.08106986318
351.653368643468,38.5879141140411,7128.08596047255
354.434912430356,148.013365453004,7128.08609511318
0.835981577924976,156.40734540856,7128.08640495693
6.40487943341784,922.69519802457,7128.08667451943
13.7675615348243,228.874821872616,7128.08703091005
21.620895409801,50.5964332930819,7128.08741105067
31.6995935243539,1742.1530884576,7128.08789891005
54.8812768417067,341.748906951267,7128.08902101943
61.210039422007,1010.99983940145,7128.08932736318
172.484379033331,65.1276671481682,7128.09471359755
184.77262408983,180.499573620985,7128.09530841005
189.328584291443,143.50165500332,7128.0955289413
192.766374816087,802.081512318864,7128.09569534755
210.657088708126,1018.70167856788,7128.09656134755
224.558028811464,1530.50971896107,7128.09723422255
243.632762878748,211.998224530774,7128.09815753505
349.07964407317,24.9946747327146,7128.1032616913
356.371956405458,96.8767080444799,7128.10361467568
2.91957548571462,89.9369675955164,7128.10393161318
8.09014160305736,116.148569928587,7128.10418189443
14.4221321051177,24.3159589685682,7128.10448839443
16.1000321635866,500.118946256123,7128.10456961318
25.3743194589236,923.346565873118,7128.10501853505
43.3825315744439,1796.52337450875,7128.10589022255
64.8446740488806,198.82660795556,7128.10692909755
179.412924963971,57.3417147098354,7128.11247364443
184.731977774573,229.366858839342,7128.11273111318
194.08599599251,141.524042485131,7128.11318389443
198.645829715266,646.891207267686,7128.11340461318
205.360657758167,1180.03773419417,7128.11372964442
225.287576623257,776.950725978054,7128.11469420693
241.7508811011,1613.13329360979,7128.11549111317
346.010514048202,29.0371424821467,7128.12053780067
351.354745084444,152.637930073141,7128.12079648818
3.37765086116359,85.7664703146632,7128.12137845693
8.51270923788759,293.220725477994,7128.12162701943
15.8453711934348,1426.40155242901,7128.12198195693
30.0284360477868,54.2694465754945,7128.12266848817
31.8841973835697,257.025428718194,7128.1227583163
42.9806751097996,469.101868461053,7128.1232954413
52.5487078698952,1793.84407328342,7128.12375858193
75.2164980237663,482.37203120749,7128.1248558163
176.160680589924,46.2811421131359,7128.12974201943
179.449338784347,92.5115262173648,7128.12990120692
184.465930613671,623.704310420692,7128.13014403505
195.638911265583,535.25167631463,7128.13068486318
205.896116144098,1317.72626144055,7128.13118136317
224.616096168565,1290.99109180686,7128.1320875038
245.039154326828,1901.86888460175,7128.13307608193
350.512827670192,137.688360712929,7128.13818153505
355.156265911849,33.5583782984372,7128.13840630068
358.615361065833,139.518410713357,7128.13857373818
8.02360921861544,1222.08776431876,7128.13902914443
20.4270929383326,212.352441186781,7128.13962953505
25.2948752371269,1140.65756839921,7128.13986516005
35.3138557469171,73.3692273602315,7128.1403501288
48.3077355933771,2400.49069510917,7128.14097909755
180.999671697466,41.9698373277377,7128.14740205068
186.984332399305,287.003310006639,7128.14769173818
196.470374714115,864.14658762024,7128.14815091005
203.853393083365,859.961823973521,7128.14850828505
216.802404073303,518.418363792961,7128.14913508193
232.398998030263,2561.40819665518,7128.14989003505
353.469679774952,28.7526565057039,7128.15576501942
356.40713464801,64.4388500892212,7128.15590720693
1.63289902411657,246.73124654484,7128.15616016005
13.5525096886328,306.259045901314,7128.1567371288
18.1985303278238,225.233776074418,7128.15696201943
24.1105615875453,1906.92017731919,7128.1572481913
44.4419453849285,91.2847922251991,7128.15823233193
50.7145412322323,332.610189390792,7128.15853595693
61.4201115004862,1678.88303259645,7128.15905416005
174.968880453587,42.0536903911195,7128.16455048818
181.235665944018,157.604054806804,7128.16485383193
190.845662400988,1010.40498190486,7128.1653190038
202.740740439247,776.56370223167,7128.16589478505
215.298844046367,204.234046341512,7128.16650266005
223.437530706853,1764.10230867674,7128.16689661318
250.68452241467,874.520900140396,7128.1682155038
350.749405271967,29.0775563349666,7128.17305914442
352.634541154225,94.8183961901883,7128.17315039443
0.361984164049503,198.448243948768,7128.1735244413
7.00773359901987,614.478135041452,7128.1738461288
12.5659791398427,114.190865097008,7128.17411517568
20.4118886970668,32.2011965703251,7128.17449495693
25.9817549892134,1480.18441947784,7128.1747645663
51.1263682756959,378.877040851933,7128.1759816913
59.5345906871108,1644.14371006671,7128.1763886913
175.521124310752,50.1769216454395,7128.18200301943
183.534242793042,731.512239671162,7128.18239089442
195.032280291918,839.441516298223,7128.18294745693
202.264552332487,197.499197551743,7128.18329753505
212.791292924352,60.9165357046138,7128.18380708193
216.213911976221,1489.09384822815,7128.1839727538
235.608215370866,1476.11689538252,7128.18491153505
353.382722921127,29.3988652866339,7128.19061241005
357.807950224633,127.263907745423,7128.19082661318
4.62865573969177,119.497398087809,7128.19115676943
15.2247317418607,1173.9076377637,7128.19167258193
24.2772573400158,99.8846838573542,7128.19211076943
33.3010540286572,1313.15569529278,7128.1925475663
53.1582486488556,959.745283246605,7128.1935087538
71.7274823446429,178.72121838014,7128.19440759755
176.577834255757,66.5897892382361,7128.1994828788
184.987993352587,103.215082314367,7128.19988997255
192.791939250515,578.700976028301,7128.20026772255
204.009143121987,955.350021314416,7128.2008106913
216.170528914258,211.998224530774,7128.20139936318
229.125350298647,1510.73997756157,7128.2020264413
247.31465165082,1265.5920755833,7128.20290689443
349.984185416767,64.4388500892212,7128.20787661318
355.917198543715,111.189703277947,7128.20816380067
3.01583252653092,218.630225035099,7128.20850741005
7.93913592135958,432.421043417008,7128.20874572255
16.9461471763453,1242.57937272887,7128.20918170693
28.9280576552651,1328.63176016684,7128.2097616913
40.6372045366528,106.441327973883,7128.21032847255
56.3190169358146,157.604054806804,7128.21108755068
63.4799508081909,1241.6112582514,7128.21143417568
173.644513534531,25.2749956380915,7128.2167666913
189.153629413868,170.323782855419,7128.21751741005
194.71381179042,442.386766108527,7128.21778655068
203.700486777563,964.12056116435,7128.21822155068
220.605700726468,46.6853500302733,7128.21903984755
224.136779648029,1341.24289452586,7128.21921076943
235.328159769634,1438.99148152826,7128.21975248818
356.523026736343,149.528889270556,7128.22561892568
1.73684767417056,142.97697747967,7128.22587130068
5.06908352634811,69.082572995427,7128.22603259755
15.4373306720886,1050.66177980007,7128.22653447255
21.2922268748956,1246.44428112219,7128.2268178788
36.7190294716776,206.248046419333,7128.22756461317
48.1031195436805,1430.61051893767,7128.22811566005
73.0078945381372,822.071855033357,7128.22932117568
171.016376890883,50.1769216454395,7128.23406983193
178.666994137754,126.671992339844,7128.23444016005
186.699480488812,613.498918333732,7128.23482897255
194.026332125065,170.213426686772,7128.2351836288
197.997060882267,1017.52062331428,7128.23537583193
217.532426689998,1100.4146482918,7128.2363214413
231.590246203423,1352.84783375766,7128.23700191005
245.527339571607,271.113437255721,7128.23767653505
354.695427278032,84.6085285166609,7128.2429608163
5.24540922222961,238.365022164899,7128.24347148817
11.8892219342068,157.604054806804,7128.24379308193
15.1717469720653,978.973124787785,7128.24395197255
31.8361541922913,822.071855033357,7128.24475861318
45.1131271888401,1518.67873832146,7128.24540128505
68.4833240981767,276.058148562797,7128.24653251942
80.4413476629586,68.2273404439826,7128.24711134755
179.106904528927,54.0960609640706,7128.2518872538
184.641585917725,213.411566196697,7128.25215516005
190.557168011634,178.616052504132,7128.2524415038
197.475358319602,193.267943315867,7128.2527763788
202.351210535532,234.390673536922,7128.25301239443
208.686106272396,1461.37979495364,7128.25331903505
228.375446330567,183.083437299558,7128.25427209755
231.809363296489,1290.05928162229,7128.2544383163
261.563521120047,1742.1530884576,7128.2558785663
338.914131081228,30.4003801299135,7128.25962272255
347.210665550877,71.4227496589892,7128.2600243163
351.765334553723,140.05605009082,7128.26024478505
359.685487476366,324.373694571278,7128.26062816005
4.9112518900515,399.538735429417,7128.26088111318
8.96687632734244,50.7354991352571,7128.26107742568
14.9402391527068,1539.12804723433,7128.2613665663
36.7890927267055,936.279165308918,7128.26242416005
48.0101701944784,1740.77197101496,7128.2629673163
83.8845635382016,708.124558990164,7128.2647038163
172.191879936137,55.8477500356425,7128.26897833192
183.230899768182,179.246090192819,7128.26951267568
188.374673699004,321.814963566425,7128.26976166005
194.853859770714,883.413397989585,7128.27007528505
207.619521963736,919.431308865626,7128.27069320692
220.60178113403,1408.58680275358,7128.27132161318
250.179691678733,1400.02387460925,7128.27275333193
350.074059629174,78.9211473950502,7128.27761573817
358.803788053365,202.756741951582,7128.27803830068
5.31654502996441,366.372071569643,7128.27835355068
9.24660136421585,97.3121166980562,7128.27854378505
15.8775021636811,1451.47205365959,7128.2788647538
33.8360034648824,103.032887777132,7128.27973403505
42.7213201003936,1064.87219042606,7128.2801641288
63.6786077275598,1846.69313174624,7128.2811785663
174.283788688617,62.7398757946374,7128.28653241005
179.77650638054,272.220024299941,7128.28679828505
187.068495913137,218.45827924416,7128.2871512538
195.568392647853,1191.19436536863,7128.2875626913
207.368245566202,840.872815821569,7128.28813386318
219.977996710634,966.611901631609,7128.28874423818
237.39161626584,1955.48799375445,7128.28958714443
261.445497736415,22.1421561641399,7128.29075147255
354.19127615006,114.765315306631,7128.29524083193
2.46101847076641,99.3187615483393,7128.2956411288
5.98951506995052,135.626010422385,7128.29581192568
14.2179393307444,1246.44428112219,7128.29621022255
25.1220299062684,350.005968652312,7128.29673803505
33.8843608362739,55.8477500356425,7128.29716217568
39.7615300299174,1502.75925037135,7128.29744666005
84.6768283332078,1045.49890966865,7128.29962078505
171.137421824307,164.601693386501,7128.30380591005
179.427177613165,36.9398157895606,7128.30420717568
184.428920731827,778.110686994182,7128.30444928505
200.107827971341,623.222140561097,7128.30520822255
206.517612597851,959.118673371506,7128.30551848817
223.393129238168,69.320139906015,7128.30633534755
227.764449368941,1561.62083264633,7128.3065469413
357.160948522659,103.306058152342,7128.3128103788
4.41646191556131,65.487289202526,7128.31316158193
7.59730583967531,113.778771126949,7128.31331555067
15.7030671946551,727.391091803753,7128.31370791005
25.8769903915394,697.430391216614,7128.3142003788
30.9629836284849,263.949889722781,7128.3144465663
47.4458256469192,1678.88303259645,7128.31525622255
61.320619125542,2193.16653726764,7128.31592783193
172.717298955724,58.1954831546661,7128.32131998818
181.272716824054,97.6975098043731,7128.32173411318
187.187330556466,866.925198295121,7128.32202041005
197.256344642689,1139.60285652581,7128.32250780068
212.00269067515,553.475876241549,7128.32322159755
222.269256669567,1522.63268660136,7128.32371855068
246.842841735653,2485.15874545774,7128.32490803505
348.359020958861,70.6956160279049,7128.32982192568
354.823358395066,108.192121928141,7128.33013483193
358.924497213105,171.094222123358,7128.33033334755
5.90595580970874,407.362615861828,7128.33067128505
15.7180232954011,1501.15808672524,7128.33114623818
29.2645320428789,1321.37156771961,7128.33180195693
40.2034846469025,110.766451566491,7128.33233145692
61.8676982252183,1167.74534486552,7128.33338011318
175.93229717753,130.038785295383,7128.33890141005
192.835574290706,825.720658514939,7128.33971961318
203.675105378828,282.250389727068,7128.34024430067
207.768819916693,826.448465218732,7128.34044245693
224.324121667843,1165.6839937757,7128.3412438163
235.445131982751,87.1787989020767,7128.3417821288
257.060280308553,1614.62354597575,7128.34282841005
349.541042204532,20.9008105961361,7128.3473049413
355.357848381922,196.927557594151,7128.3475865038
0.511306190760337,193.170701656697,7128.34783595693
9.44568804120713,1145.91647282225,7128.34826842568
17.9242802217404,184.514611922815,7128.34867883193
23.6907299854282,798.324684136986,7128.34895795693
40.0210420424796,680.853706747087,7128.34974842568
47.3159367347231,2013.65657481745,7128.35010153505
188.071141794988,87.2326655354527,7128.3569355663
191.482140133112,806.566646804896,7128.35710067568
203.256492026129,593.068094634219,7128.35767061318
209.733418537575,218.97371416113,7128.3579841288
220.107476040188,1544.58734691332,7128.35848628505
241.486014033303,1205.24434876756,7128.35952111318
351.039844402636,97.4568134526343,7128.3648240663
358.985821150303,100.913971623484,7128.3652086913
2.89069925891428,60.0623370483611,7128.36539770693
9.67363751066928,974.047509316733,7128.36572603505
21.7294686304735,851.530623791064,7128.36630959755
28.1899324327989,222.885779277426,7128.3666223163
34.9925613530137,255.41210812996,7128.36695159755
41.6544506598348,119.340051729644,7128.3672740663
50.737964840503,2353.95325454135,7128.3677137538
184.962864993674,200.332889166432,7128.37421091005
194.282666707338,894.908702697705,7128.37466203505
203.86296581814,289.090640315237,7128.37512576943
210.544868593113,299.810759551988,7128.37544920693
222.368285663487,2019.6193606381,7128.37602151943
244.241349026473,958.491508384895,7128.37708028505
259.684291457527,971.575264685498,7128.37782780068
339.636647092554,43.2920435611273,7128.38169789443
345.05253913426,61.0320891047955,7128.38196005068
349.105581174017,101.192866586164,7128.38215623818
357.863392908338,302.555674958072,7128.38258016005
1.29246791646301,301.061536811531,7128.38274614443
8.18677123513583,1137.49043517686,7128.38307986318
20.7694074309337,99.3187615483393,7128.38368892568
28.2447457604464,1290.99109180686,7128.38405076943
43.3510107059491,1174.93148543701,7128.38478198818
58.5789702333476,349.145989897437,7128.38551909755
70.6480360277771,257.463661501589,7128.38610330068
178.003617218903,28.1542220093023,7128.39129984755
184.558660616913,100.166444583216,7128.39161714443
193.299364155465,488.871998438611,7128.39204023818
197.323354448438,180.291254148202,7128.39223501943
206.248697945095,74.8899969815753,7128.39266705068
208.861741532994,956.607904001316,7128.39279353505
224.343419664006,1161.55041141042,7128.39354292567
238.610734599063,957.86412135368,7128.39423353505
267.346144411869,221.363205543668,7128.39562447255
343.94686884664,28.4859479754429,7128.39934342568
352.075225992148,90.4057939621339,7128.3997368788
1.72073015215881,130.831054323544,7128.40020376943
4.82733071085379,281.983991712309,7128.40035414443
12.3452782614674,292.450785810416,7128.40071805067
16.5187237219323,56.3501398320732,7128.4009200663
19.0294405967036,536.373889747921,7128.40104159755
34.1802515614577,1299.3470743794,7128.40177497255
50.258781775468,538.331934585301,7128.4025532538
58.6256860893919,1896.80382511881,7128.4029582538
176.691356706878,83.7155345045915,7128.40867322255
181.768634427304,128.073357474889,7128.40891898818
187.124808939405,898.261687254376,7128.4091782538
200.479898860095,713.200776214507,7128.40982470693
208.769009049569,225.900159689374,7128.4102259413
215.091315673613,1758.6406775294,7128.41053197255
243.095589671125,799.077470858833,7128.41188751943
345.329992797115,28.1333602247802,7128.41683617568
353.54292282302,54.7434285402826,7128.41723372255
2.01796416936581,202.571306950894,7128.41764395693
7.07200046230168,20.1426063328736,7128.41788859755
8.41806495543798,91.4903916515719,7128.4179537538
13.4653224924261,428.229451898687,7128.4181980663
21.622408547448,308.215980515669,7128.41859291005
34.979758141137,1245.47916424689,7128.41923947255
53.4169677400503,1572.36423881102,7128.42013192568
73.9145920634237,33.5408749385646,7128.42112411318
172.500740844062,29.8153272904056,7128.42589617568
182.683702394736,80.6287051013932,7128.42638908193
184.029766850294,20.6890424930828,7128.42645423818
189.059270516973,111.611359043806,7128.4266976913
192.178137388796,885.45282217467,7128.42684866005
205.966098464337,894.236573678597,7128.4275160663
219.944832654546,1489.09384822815,7128.42819270693
242.998365508904,945.862721479784,7128.42930861318
254.183935236059,1528.9375321359,7128.42985005068
344.601377210352,80.9194655726486,7128.43422670693
350.786495017611,88.3562251141612,7128.43452609755
357.878027444787,274.830352919864,7128.43486936318
1.07404284167693,370.249136905088,7128.4350240663
10.2318003877642,960.371560054796,7128.43546734755
20.6662209817876,1252.21943925169,7128.43597242568
30.451819080651,49.0885630755056,7128.43644609755
34.137517889614,482.060280582175,7128.4366245038
44.4741309286152,2251.603570258,7128.43712484755
78.1987936962655,259.354121512345,7128.43876611318
183.150826758703,184.208856501833,7128.4438463163
187.359457084938,208.062053697056,7128.44405003505
199.32393649324,1152.19545016032,7128.44462917567
209.417483280876,144.805070712017,7128.4451177538
212.799752671908,1008.0219992048,7128.44528147255
229.96804630275,1353.73645626657,7128.4461125038
252.33434383684,182.672474369205,7128.44719514442
356.046835477683,71.4227496589892,7128.45221534755
4.29269080909431,212.882655947766,7128.45261448817
9.73957135815656,192.781249297447,7128.45287814443
14.7932848514007,277.416062344216,7128.45312276943
19.1207045247271,1197.23597702404,7128.45333223817
32.8799366155968,51.0124893715602,7128.4539982538
37.2125211215694,1040.31028236307,7128.45420797255
49.7047740800977,396.138344349595,7128.45481266005
68.4082913954441,1747.66623395328,7128.4557180038
174.292240027973,369.436314873184,7128.4608433163
189.406897690304,65.6663612375041,7128.4615749413
191.355947385425,799.077470858833,7128.46166928505
199.544990422035,1515.50816340773,7128.46206567568
219.456737776771,235.510250190529,7128.4630295038
226.485970314386,1565.46631213672,7128.4633697538
262.264815738507,2345.76580382395,7128.4651016288
338.908176948847,22.3532893584011,7128.46881155068
344.207539166146,154.473336899663,7128.4690680663
356.212368235286,92.5622842262719,7128.46964916005
1.10629708363902,419.720758149111,7128.46988605067
8.39441305751331,39.8455643479956,7128.47023883193
11.0797632502599,1777.68288978086,7128.4703688163
30.982149489093,415.039030920994,7128.4713321913
42.1244643957627,1047.22275295899,7128.47187153505
54.142205414993,87.8229919343276,7128.4724532538
67.1677194057709,608.084860242997,7128.4730837538
89.5353081010489,2141.00670525852,7128.47416645692
162.044927987535,40.9788418476165,7128.47767628505
172.524862962306,198.258798267403,7128.4781835663
177.600849483965,898.930818671317,7128.47842926943
183.249914163772,191.018853512581,7128.47871416005
195.185987462252,803.579314201386,7128.47929192568
205.437059184202,1483.43037853493,7128.4797881288
219.356075919963,780.425279955921,7128.4804618788
236.39815592354,1448.98448795061,7128.48128680068
358.426808180784,104.750971785528,7128.48719359755
3.16740834050138,99.41330397778,7128.4874230663
7.27177515545773,201.081803985481,7128.48762173818
16.8078510467007,1086.11575289075,7128.48808333193
27.5757211669369,1026.93142878252,7128.48860455068
36.7405802310849,28.8545801835349,7128.48904817568
44.3786084027144,1581.51491902458,7128.48941789443
66.8546569676846,160.673765958741,7128.49050584755
84.9400176082709,150.280940469649,7128.49138126943
182.289852964232,181.537535004495,7128.49609348818
185.838362918832,37.5702351174123,7128.4962652538
191.796877108691,791.517407172648,7128.49655367568
205.678772105375,160.907481783212,7128.4972256288
214.213208181634,1105.8650661866,7128.49763873818
228.148687551359,1495.54024719833,7128.49831328505
350.72803191147,23.9755177516843,7128.50424673818
354.286548618935,49.2318893985377,7128.50441898818
356.606492341459,50.8279980604431,7128.50453128505
8.22461042377249,181.330409021463,7128.50509366005
12.0268390195637,123.897531123518,7128.50527770693
18.7122925159882,1211.21590535012,7128.5056013163
34.8773323709675,78.6229970017871,7128.50638378505
38.5869181692256,1251.25876326848,7128.50656334755
59.9812732720778,1012.18855519392,7128.5075989413
173.731144854825,57.2187054681539,7128.5131050038
185.077790425638,195.10631998898,7128.51365423818
191.583123122063,169.438962860369,7128.5139691288
199.199523827083,852.236448078969,7128.51433780068
207.371458592767,989.966331133019,7128.51473336318
222.808913504219,1225.03618360525,7128.51548061318
244.233611477465,111.527155566282,7128.51651767567
256.088339930044,1780.38672693503,7128.5170915038
348.737463501105,102.117023170756,7128.52158342568
352.94803062549,47.7792978792468,7128.52178723818
359.418823980372,582.325965226005,7128.52210045693
3.0870917187171,194.431054589828,7128.52227801943
18.8276532484091,278.227607619641,7128.5230399413
25.5134295445253,1738.00662750523,7128.5233635663
40.8162779991478,31.0312019136116,7128.52410430068
41.5238495496809,611.043882159379,7128.52413855068
69.3031338530941,1898.07125572372,7128.52548320692
178.061269070045,284.1082091809,7128.53074764442
186.445604454587,51.6984788312413,7128.53115348818
191.645545080827,990.573512105186,7128.5314051913
200.382052223387,333.512772954236,7128.53182808193
209.38841784141,194.913626905269,7128.53226403505
217.848610514672,1779.03525244716,7128.53267355068
235.63990285323,1294.71144916238,7128.53353473818
0.412977233441989,40.8065387036416,7128.5395743788
0.830031278555108,180.187018083977,7128.5395945663
10.0713932683857,242.11904703364,7128.54004189443
21.388341455452,963.496726846813,7128.5405896913
28.1686973848304,1492.32060042692,7128.54091789443
43.50995870214,206.248046419333,7128.54166048818
59.8893359365484,88.1965958599018,7128.54245333193
108.321510125278,1905.65851987401,7128.5447976913
170.40833001875,104.750971785528,7128.5478030038
180.883100273611,873.833116976641,7128.54831003505
187.5927635966,96.3418858579423,7128.5486348163
196.517784293566,449.130843627188,7128.54906683193
207.101982817194,244.743281196946,7128.54957916005
213.514027079124,1757.27254969615,7128.54988953505
232.48837126901,1459.73322318582,7128.55080798818
270.563596150895,795.30643182224,7128.55265101942
336.564332581925,27.9448929274562,7128.55584578505
351.485311932361,59.5912555412248,7128.55656803505
354.604501566297,212.175416125504,7128.55671901943
0.581092351000496,29.1380704287025,7128.5570083163
9.05645653461653,191.411914096662,7128.5574185663
12.2460159752501,1069.37958488373,7128.55757295692
29.0091991871522,454.784709891243,7128.5583843788
39.8064438162857,1501.9588905929,7128.55890701943
62.879990063638,935.636901289172,7128.56002389442
182.51155650392,122.371640598473,7128.56584111318
186.487450018611,754.57357029407,7128.5660335663
199.998128225779,170.874453475633,7128.56668755068
202.821635634385,1107.49476256444,7128.56682422255
223.77343570437,1143.81581983736,7128.56783839443
236.590422672592,1230.91170589618,7128.56845880068
261.712117368854,224.899848744187,7128.5696748163
348.682407665022,40.4887477711835,7128.57388461318
351.168591951114,76.9930091903959,7128.57400495692
359.427036357767,115.824579094426,7128.57440470692
4.97559805815274,342.627454186228,7128.57467328505
11.563566761668,269.305550082422,7128.57499217567
19.877209539821,1233.83903094521,7128.57539459755
31.7800347706816,74.260125826342,7128.5759707538
34.9908988406549,1204.24614724612,7128.57612617568
54.5298154074161,1099.32141167945,7128.57707195693
77.7634690993515,191.215474010242,7128.57819658193
178.368391744846,113.696177472811,7128.58306636318
182.054413391079,115.905667008587,7128.58324478505
186.250777404185,110.511717832384,7128.58344791005
196.716832142526,824.992185677331,7128.58395451943
203.398089280537,834.412650085881,7128.58427792568
216.513663671314,925.947540864058,7128.58491278505
237.534542311651,1188.16201322147,7128.58593030067
251.817674356446,1521.0523951481,7128.58662167568
347.844363847069,87.9833012001896,7128.59126984755
350.855739210697,64.8747444653708,7128.59141561317
359.283975015107,159.264323951191,7128.59182358193
9.49921627190371,617.893347598653,7128.59231805068
15.7824644338774,1366.99562780507,7128.5926221913
28.2301713731542,1343.03479448761,7128.59322472255
41.1159141120352,72.9840840540952,7128.59384845693
71.6657670879756,2085.23909250857,7128.59532722255
174.313350700356,178.510817239186,7128.6002958788
184.00533764019,46.3318619581266,7128.60076501943
188.710430134446,1144.86653490786,7128.60099276943
197.635773631103,183.595846858786,7128.60142480068
205.721198718239,136.798489203116,7128.60181617567
210.266792418192,138.978689667724,7128.6020496913
217.235661901976,1711.5132644463,7128.60238701943
236.25778010803,1428.08653791349,7128.60330778505
259.906551046928,720.748072335908,7128.6044525038
340.967715205442,31.1067942238008,7128.60837626943
352.743358297226,96.2931054337979,7128.60894626943
359.246431358231,243.203041039308,7128.60926105068
5.24561793346223,235.510250190529,7128.6095514413
9.06624596136775,365.756119835581,7128.6097363788
14.9043567680977,138.097130952808,7128.61001897255
23.7076828831671,1375.76416925356,7128.61044509755
40.9634546667898,487.023754658367,7128.61128036318
48.9697944307101,1695.98579624619,7128.61166791005
69.3421734507357,94.2220468314048,7128.61265403505
88.2868202944533,353.63750816586,7128.61357105068
173.500448083784,48.1465527168989,7128.6176958163
180.818261366248,247.946663201049,7128.61805003505
192.711725443627,885.45282217467,7128.61862573818
198.68993018921,197.118293909782,7128.61891511317
207.942590130672,1149.06029136108,7128.61936298818
226.788461057871,627.548457643456,7128.62027522255
247.898108937019,2089.84740623919,7128.62129703505
345.447755799017,22.8854296624448,7128.62601892568
353.430208573642,75.9487819856908,7128.6264053163
358.579147224375,328.51774078857,7128.62665455068
5.72458678670523,181.123060993826,7128.62700042567
10.1472316926773,86.3668095374415,7128.6272145038
15.9130359321386,65.487289202526,7128.62749359755
19.9076516410573,1567.7690257121,7128.62768695692
30.4127648790478,1091.63744710372,7128.62819545693
56.1658509622741,831.525459599192,7128.62944203505
71.5852292037249,24.4123540826813,7128.63018841005
78.2074144866706,2089.84740623919,7128.63050895693
171.689493360362,42.9926302891737,7128.63503395693
174.842899536151,227.392354945621,7128.63518659755
183.809238293029,159.735530358418,7128.63562061317
193.104507493171,1412.84872690051,7128.63607055068
209.661745967315,844.440350977749,7128.6368720038
222.664341330294,1636.81357356893,7128.63750139443
237.661500806721,1288.19377387401,7128.63822733193
355.617826607991,130.111005303135,7128.64393883192
1.72385909203449,133.883126807177,7128.64423439443
8.72403992044423,713.200776214507,7128.64457323818
16.5567147654646,29.1380704287025,7128.6449523788
24.9010232888603,1249.33519085602,7128.64535628505
35.0252357465826,1538.34656124729,7128.64584634755
58.1258969425688,34.677007793027,7128.64696453505
62.2176746822835,1261.78578696567,7128.64716259755
168.46993498226,26.8956471677351,7128.65230573818
182.521298577009,71.4227496589892,7128.65298589443
189.128635111713,399.538735429417,7128.65330572255
198.74347356406,969.71697338688,7128.6537711288
204.795921675062,858.562387850981,7128.65406409755
216.449547422836,48.7524985659515,7128.6546281913
221.746004405332,1393.99847221,7128.6548845663
245.956119761767,1352.84783375766,7128.65605645693
268.202013950306,1743.53298465491,7128.65713326943
346.237276796644,115.824579094426,7128.6609105663
349.951704552699,142.05410459045,7128.66109036318
356.273042777668,280.648199124656,7128.66139634755
1.07013250765219,54.6575562587748,7128.66162855068
3.81907371356917,996.624671678603,7128.66176161318
19.6467904836136,1718.52476693601,7128.6625277538
33.2794860723686,265.086397277514,7128.66318764443
42.5524822065172,1811.18919861945,7128.6636365038
55.917256042802,49.4223412195183,7128.66428342567
71.4767283358414,2934.2570595503,7128.66503658193
168.074446159597,48.6560583490281,7128.66971239443
170.676191833443,220.171700315852,7128.66983833193
179.062141178864,853.646264786789,7128.6702442538
190.506917141969,1440.66181206881,7128.67079823818
203.708355574332,190.625015772383,7128.6714372538
210.596848536132,47.4834477293129,7128.6717706913
215.99853746656,1779.03525244716,7128.67203216005
237.093659472315,2434.31608204503,7128.67305326943
270.715896577834,1581.51491902458,7128.6746807538
343.462772358812,103.759757730248,7128.6782020663
345.863738165125,47.1110234157024,7128.67831828505
354.294233567376,250.959503178549,7128.67872636318
0.214657619082512,685.254908372457,7128.6790129413
4.71186865258675,325.068055806454,7128.6792306288
16.1440555028715,1834.93487071473,7128.6797840038
34.6461473137223,415.762729799596,7128.68067959755
47.9244115466164,241.963782343646,7128.68132233193
60.2594622577872,2279.20571305162,7128.68191941005
175.527966301995,36.1688110017688,7128.68750272255
179.076476294173,203.127056841446,7128.68767448818
183.199888140627,111.611359043806,7128.68787408192
197.049503468766,175.645983868655,7128.68854447255
201.39274025183,1497.14740604878,7128.68875470693
213.293305884849,947.133149686863,7128.6893307538
234.143101966241,611.535710959288,7128.69033998817
242.944491395896,1742.1530884576,7128.69076601943
348.344566973224,53.396891075419,7128.69586791005
352.501226924876,96.4880328413464,7128.69606911318
355.834108376437,77.6007036407123,7128.6962304413
4.61387033948121,862.753923858151,7128.69665542568
9.38771864197523,263.379817955212,7128.6968865038
18.4492825939203,384.977272283038,7128.6973251288
26.1492877802616,80.5121108671258,7128.69769784755
36.0988669575874,1355.51170288295,7128.69817945693
54.2930102299792,2107.03854364169,7128.69906014443
91.4705360084673,479.245754192448,7128.70085972255
172.808014598701,76.257389292067,7128.70479686318
179.192621074728,204.785285951026,7128.70510591005
187.441381565786,863.450533294952,7128.7055051913
192.701362521323,348.4996180525,7128.70575980068
201.33618851256,1047.22275295899,7128.70617776943
212.268362435793,47.9999893998606,7128.7067069413
215.556697868103,1406.87828054098,7128.70686611318
230.931530090302,828.628166082979,7128.70761033193
248.2925337467,188.842497195196,7128.7084506913
258.574916850855,1710.10750005252,7128.70894841005
341.999925114182,27.0697318727198,7128.71298659755
347.407101564212,92.1044282509165,7128.71324833193
352.993753290014,206.975561689582,7128.7135187538
2.95333918262639,189.339321998716,7128.71400084755
9.82246427565864,1280.70409832759,7128.71433334755
19.3223868644782,141.125194863534,7128.7147931913
25.2105312100617,1054.66002597865,7128.71507820693
48.1481798769751,164.029956284395,7128.7161885038
58.8637568229369,1077.22220032969,7128.7167071913
72.3837961460071,2444.17552863752,7128.7173616288
164.398438819516,82.4149082312431,7128.72181559755
171.997085729383,187.544604846046,7128.72218341005
183.723018006848,752.978346341138,7128.7227510038
190.083737531158,1334.95225984603,7128.72305889443
205.608670482654,986.315584761144,7128.7238103788
222.395095046889,1743.53298465491,7128.72462292568
240.232713415768,1564.69792678138,7128.7254795663
350.408574056162,119.103657492126,7128.7308126288
358.153770861138,155.201407281425,7128.73118753505
1.82881735543156,56.6825891779033,7128.73136542567
9.11305977058383,1226.99783666746,7128.73171801943
24.1257135194781,240.561986997179,7128.73244470693
28.5819293303399,1276.00086052837,7128.73266041005
42.9693248112561,343.503753219565,7128.73335683192
49.7538770990483,79.9265584272568,7128.73368523818
56.0690821674531,64.4752862211107,7128.73399092568
79.2991851379367,1691.72631458991,7128.7351153788
174.556003188466,151.401988168764,7128.73972628505
181.420931960663,50.3638034055065,7128.74005858193
192.028371874203,1148.01324002656,7128.74057203505
201.014401261962,364.521191009715,7128.7410070038
214.519591949527,719.07774179536,7128.74166072255
225.733890623774,1644.14371006671,7128.74220355068
239.502806630238,1011.59436383114,7128.74287003505
353.561595225677,45.7965089462053,7128.74839105068
1.32777389787984,167.206484769089,7128.74876697255
5.27235606794473,56.6825891779033,7128.74895791005
10.4151615996916,29.2988341921152,7128.74920684755
12.6072776213341,922.69519802457,7128.74931295693
18.5496519017639,453.129145316922,7128.74960059755
34.2773015189439,851.530623791064,7128.75036189443
44.3992543412456,1739.38996539391,7128.75085184755
67.3356118093919,2559.52969929751,7128.75196208193
166.486978528711,33.5058439326907,7128.7567615038
175.832281267707,565.033075883292,7128.75721386318
186.292525611597,183.083437299558,7128.7577201913
190.34330812867,997.830595927951,7128.75791626943
201.685434503798,97.8896408376784,7128.75846528505
207.891211303435,1979.93266226604,7128.75876567568
233.307297101418,1705.88332348842,7128.7599959413
250.018187139046,991.786652804194,7128.76080483193
342.515411668989,33.6631937603027,7128.76528216005
351.067278778287,87.9833012001896,7128.76569611318
357.736269255568,209.142897444892,7128.7660225038
4.36491041961247,229.530630613262,7128.76634336318
11.8528378619454,80.5704253314943,7128.7667058163
15.9042659408225,1203.24716856857,7128.76690192568
32.9056734462918,1372.26352503461,7128.7677248788
53.3019394931909,1684.60323468622,7128.76871216005
177.80999728058,116.793838489393,7128.77473897255
183.826292126737,81.6130774072832,7128.7750301913
192.464346077313,824.26310221706,7128.7754483163
202.176023723184,1004.43675599138,7128.77591841005
215.106635281009,660.685783859805,7128.7765443163
228.138605190464,1695.98579624619,7128.7771751288
272.287582887848,1023.41246588367,7128.77931216005
347.374738621615,112.366352333915,7128.7829467538
351.471358319127,33.2948946191181,7128.78314505068
357.22295940973,179.560283308788,7128.78342345693
3.11465451434458,480.185780027398,7128.78370864443
12.2830643751017,182.157469663657,7128.7841524413
16.1208006739332,190.822024848103,7128.78433820693
19.9146365528966,1363.47244605872,7128.78452184755
31.5630975431823,22.9238832777368,7128.7850856913
40.351574985168,551.026280160016,7128.78551109755
55.4029644340196,1414.55003266344,7128.78623966005
78.1417699939711,114.683429419671,7128.78734033193
177.716646677081,45.745195825786,7128.7921602538
180.756428225688,223.39100014257,7128.79230739443
192.084674364386,222.548340866879,7128.79285573818
195.4391832074,168.660960198075,7128.79301811318
200.350220326679,1067.1281636121,7128.79325583193
218.134411147175,775.789044116237,7128.79411667568
225.688834762326,1092.73856629954,7128.79448234755
263.05551976976,2583.84447171522,7128.79629108193
340.767017043057,82.8696139487661,7128.80005270693
348.125179986358,66.5192137483395,7128.8004088788
354.719927445821,170.874453475633,7128.80072809755
358.173857842316,1126.86937558948,7128.80089528505
10.0918545083738,106.793782150838,7128.80147217568
17.8028348466554,129.894206502001,7128.80184542568
22.8007043690163,1259.87831278707,7128.80208734755
33.8290719239701,2287.63163967471,7128.80262117568
57.87488343983,282.250389727068,7128.80378511318
70.2351123390628,230.673799506143,7128.80438341005
79.7779669110964,62.7398757946374,7128.80484533192
176.626927555957,35.014012522705,7128.8095455038
186.031302150018,159.735530358418,7128.81000072255
194.032799993719,198.448243948768,7128.81038803505
197.688155857131,615.944073523167,7128.81056497255
207.334628416217,875.894856644521,7128.81103191005
223.455122289523,1283.5178475612,7128.81181222255
249.663029681166,1448.1543741951,7128.8130808163
348.353441973083,29.2787877276268,7128.81785792568
352.968796829453,191.804142013474,7128.81808133193
359.78950238209,99.41330397778,7128.81841148818
5.56563602379412,202.014044381471,7128.81869108192
12.8614991151128,1400.88252109649,7128.81904423817
27.4677511711423,61.4539322207897,7128.8197512538
32.3952509619634,721.581794316251,7128.81998976943
48.7268542177817,1811.18919861945,7128.82078030068
76.9932395733133,42.7186133689084,7128.82214853505
175.094869661789,38.8003518203561,7128.82689714442
186.864379634587,109.056985664324,7128.82746684755
194.128285781896,188.842497195196,7128.82781845693
197.65613670654,756.563034443047,7128.82798922255
210.681327897626,1529.72379208194,7128.82861970692
232.784868511891,991.786652804194,7128.8296896288
244.885245613368,900.935104297673,7128.83027534755
342.302545616379,21.2352444656227,7128.83499083193
357.974028462984,144.675244007075,7128.83574941005
3.115220033851,231.649158188851,7128.83599826943
8.20831478885744,304.783087656801,7128.83624480068
15.6452402932615,959.745283246605,7128.83660478505
21.4752811076983,64.7297701550364,7128.83688698818
27.7401297999792,1167.74534486552,7128.83719023818
50.356272416538,481.123973994357,7128.83828497255
62.5363804406148,903.600638757496,7128.83887455068
178.141367759762,53.2647780049356,7128.84447041005
182.916507261023,128.366428597815,7128.84470155068
194.019118106238,197.118293909782,7128.84523897255
197.202867227578,748.172024334082,7128.84539308193
208.309997230899,411.766648555911,7128.84593072255
219.802547172594,916.811848661325,7128.84648701943
229.675300549389,1230.91170589618,7128.84696491005
256.369771460264,686.56974550052,7128.84826923818
340.492667320952,33.2772559508143,7128.85234120692
354.360359356671,172.406991461038,7128.85301247255
358.592231035238,104.211479723393,7128.8532173163
3.90773308680999,273.734285238802,7128.85347461318
11.2697696264116,92.765045645038,7128.85383097255
14.0906945999055,370.452057918413,7128.85396751942
25.1206760781608,172.62481721847,7128.85450142567
31.9049055662613,1421.33438352232,7128.8548298163
55.6392177846319,1894.26629937373,7128.85597867568
182.516930108864,184.921467027976,7128.8621201913
191.425488134287,153.129522950657,7128.86255141005
192.402595360592,173.709838180436,7128.86259870692
198.711990109702,1365.23514715492,7128.86290411318
217.504922300822,136.798489203116,7128.86381378505
228.330250315243,1531.2953127733,7128.86433778505
246.939510872176,1764.10230867674,7128.8652385663
349.961861995525,75.0153342221616,7128.87022536318
0.00634349306890769,77.0539951289173,7128.8707115663
4.55810729868942,569.273517214697,7128.87093189443
12.7755564827001,1093.28857078594,7128.87132966005
27.9670399079834,1619.08586537862,7128.8720650038
44.3864440035376,1335.852650719,7128.87285978505
58.2396100907076,29.7956277706124,7128.87353034755
65.4337920682818,265.228089491032,7128.87387858193
178.125534340936,35.014012522705,7128.87933342568
184.385541112998,113.448014871231,7128.8796364413
195.009766422615,149.905379775994,7128.88015070693
198.952411869687,755.767892712811,7128.88034155068
208.661507042868,1184.10692362403,7128.88081151943
230.219197474485,855.756632223148,7128.88185501942
251.046075040814,1550.02732871168,7128.88286314443
346.084359391079,34.8459178178828,7128.88746347255
348.784558256909,76.931981618511,7128.88759417568
353.864741136982,57.6684498765356,7128.88784008193
1.85816902596892,199.581171034247,7128.8882270038
6.19365869158852,1003.23893637011,7128.88843686318
15.4156528502297,55.9317939186066,7128.8888832538
22.1238244600399,832.248214788223,7128.88922051942
34.5121367069816,273.047029430984,7128.88982017567
40.1717406370143,876.581029984891,7128.8900941288
50.9312180404226,2094.44550591797,7128.8906149413
175.908300247507,33.347755112878,7128.89666445693
187.628099405986,798.324684136986,7128.8972317538
197.023435683836,482.683504277048,7128.89768653505
212.787884165244,903.600638757496,7128.89844961317
224.488961129496,1796.52337450875,7128.8990160038
244.58438008084,994.208604332414,7128.89998872255
355.543992435336,43.1834047687207,7128.90535972255
358.725159234299,151.64998423689,7128.90551370693
5.75374617253092,712.357284271548,7128.90585392568
19.5497771276291,266.500183032647,7128.90652172255
27.3398427515485,44.680304595035,7128.90689880067
30.7027443489688,1503.5592770829,7128.90706158193
45.5720761245142,1324.0987195573,7128.90778133193
76.7617132794031,509.940700776923,7128.9092910663
178.140703723405,60.8779693322958,7128.9141983163
188.001513586763,194.431054589828,7128.9146756288
191.515484274976,739.685868111906,7128.91484572255
203.316951154205,632.79603779165,7128.91541697255
211.256471908038,1144.86653490786,7128.91580128505
227.185224192443,1500.35683876837,7128.9165723163
358.697013604851,119.024762268438,7128.92293814443
4.82822427695618,118.312262764597,7128.92323492568
7.94773674816314,63.1874899625906,7128.92338592568
16.5192944507643,1140.65756839921,7128.92380083192
28.5560805014924,616.431961031338,7128.92438347255
34.4484212430684,270.002326052676,7128.9246686913
46.2076016633099,306.994346610523,7128.92523789443
54.4863823002276,67.7436995388803,7128.9256386288
73.0349569660585,2133.12922880959,7128.92653647255
170.800193540644,41.3496979712047,7128.93127314443
181.247203209909,859.262383468007,7128.93177883193
192.113203684859,160.205335109076,7128.93230480068
195.915432318229,347.203293893372,7128.93248884755
205.487015874934,1335.852650719,7128.93295216005
224.631151424997,1222.08776431876,7128.93387883193
242.831105091839,1825.73711704492,7128.93475980068
347.827361298679,20.1571762753483,7128.93984214443
352.267760037382,95.4602369374058,7128.94005708193
2.91813197171485,128.293223267129,7128.94057261318
6.78169205799169,723.661852664037,7128.9407596288
17.7390441692867,143.763279059073,7128.94129001943
27.4239295534809,1391.40821087125,7128.9417588163
38.4196945650415,1751.78971328904,7128.9422910663
62.6553108716523,866.925198295121,7128.9434641913
89.019774948848,187.243803795312,7128.94474036318
175.00585650065,88.3562251141612,7128.94890251943
185.208508644626,113.530802814399,7128.9493963788
188.480058605702,325.068055806454,7128.94955473818
192.281318802418,371.262687259843,7128.94973873817
205.973409083508,919.431308865626,7128.9504015038
213.639197803155,35.0475343191547,7128.9507725663
217.106362911853,1453.95528949877,7128.95094039443
227.272538991293,998.43289191881,7128.95143248818
245.730730419854,1518.67873832146,7128.95232595693
344.322043920403,30.7460688853123,7128.95709826943
358.048350705767,157.006838086282,7128.9577626913
4.77867302113447,273.596978406232,7128.95808847255
8.26100960260847,261.805688239747,7128.95825703505
16.9090702684708,1408.58680275358,7128.95867564443
31.0756724512804,109.572628748111,7128.9593613788
36.7165541119286,1164.65193045201,7128.95963442568
48.9108652097057,1022.23685072289,7128.9602246913
72.3707997945072,206.430164628735,7128.96136026943
174.716890749528,56.3918009510722,7128.96631433193
183.107036415785,157.245994003574,7128.96672045693
190.253444414769,252.154547242256,7128.9670663788
194.884939105411,220.342313839161,7128.9672905663
202.528454834221,866.231419927033,7128.96766055068
219.087952868628,1130.06615176658,7128.96846211317
227.011333788188,951.566492268796,7128.96884564443
261.159730370318,1832.31152472985,7128.97049859755
344.025007866965,113.943791901772,7128.97451214443
352.336391009698,103.396957662483,7128.97491445693
358.440163933477,260.366367355047,7128.97520991005
2.92575429081507,1289.12680530391,7128.97542703505
20.7396424574792,982.039227714893,7128.9762893163
26.2778745677292,89.88471772442,7128.97655739443
37.8959926124638,1041.46546942019,7128.97711976943
51.3827837927576,1533.64931865241,7128.97777259755
63.3724414642789,562.9008925645,7128.97835295692
178.451914906199,67.2565753090382,7128.9839233788
192.862229014913,881.369255356645,7128.98462091005
199.787520840942,599.119975852602,7128.9849561288
211.022801382415,743.334671593487,7128.98549997255
226.278844257523,1404.31188899726,7128.9862384413
246.680275024333,1366.11566503575,7128.98722597255
351.342113343463,80.5704253314943,7128.9922921288
357.323223286272,112.449924372093,7128.99258164443
3.21169043154731,180.187018083977,7128.99286667568
7.73698485033904,327.60139045962,7128.99308572255
15.4566806675616,1007.42536535137,7128.99345939443
22.9985152450489,66.8362240552334,7128.99382445693
27.3101178837949,1742.1530884576,7128.99403316005
48.6996309912712,865.53697542513,7128.99506851943
60.4907683555224,1658.70683854763,7128.99563926943
177.215539274939,64.2563571795485,7129.00128933193
179.932846374117,287.787849106991,7129.00142086317
185.143116552914,168.883615425663,7129.0016730663
194.092992638249,427.175128603352,7129.00210628505
198.904931041317,1152.19545016032,7129.00233920693
211.843289716586,1275.05805913586,7129.00296548817
230.115872750389,859.262383468007,7129.00384997255
242.768233115922,1807.20127751499,7129.00446241005
343.793760603138,26.097905087008,7129.00935255068
352.70231866614,92.1044282509165,7129.00978376943
359.28964180785,168.994832017155,7129.0101026288
6.50867913621585,293.988638988552,7129.0104520663
11.6108122074334,1169.80314324167,7129.01069903505
25.6189209816973,1066.5646144048,7129.01137709755
35.8767714595953,99.7905855171233,7129.0118736288
41.5657498985253,1470.40335463089,7129.0121490038
61.6097559201036,412.86032925747,7129.0131400663
180.752600916759,57.1776445634775,7129.01890717568
186.34441740005,147.632045477408,7129.01917784755
193.432076230925,96.7796884299155,7129.01952092567
196.844688605086,441.366249104291,7129.01968611318
205.469830680729,1079.45241634155,7129.02010361317
219.033447661554,729.042382019429,7129.02076016005
227.737029461029,1026.93142878252,7129.02118145692
248.802131358504,669.275246334422,7129.02220111318
349.135904367346,70.9608899418512,7129.02705776943
352.619209310317,84.7194814301844,7129.0272263788
6.08534149823271,328.51774078857,7129.02787820693
10.0292781440714,205.335040637245,7129.02806911318
15.2314782929963,516.093612290547,7129.02832092567
22.5928692332145,55.1281971461481,7129.0286772538
31.8180913887729,1448.98448795061,7129.02912380068
55.9000562446351,908.908170949019,7129.03028948818
69.6011848419366,1663.05091919838,7129.0309526913
173.205216575509,65.4155271617718,7129.03596764443
175.989342684774,251.557746855369,7129.03610241005
181.722544380842,279.306022754611,7129.03637992568
190.991021356885,450.467552148837,7129.0368285663
197.485056101679,1278.82493483611,7129.03714291005
209.395305612714,1175.95455595421,7129.03771942567
228.05815050511,812.508227365782,7129.03862280068
255.253494675614,2188.77582724986,7129.0399391913
346.863026817447,77.9027675701371,7129.04437355068
354.702157618723,78.5632323085927,7129.0447530038
5.33542131970826,1195.22547414874,7129.04526770693
10.2248310099554,185.124568452544,7129.0455043788
24.4078958643075,896.922036641712,7129.04619091005
33.1779739117573,244.282233330395,7129.04661542568
39.1891040004253,1664.49642957645,7129.04690639443
57.167618694621,55.3832257832454,7129.04777664442
72.4549729143547,420.436407910785,7129.0485166288
106.177599934851,1648.52620443412,7129.05014897255
172.236834124137,35.7770792158707,7129.05335741005
175.082291761467,170.323782855419,7129.05349514443
186.121957192895,995.417415161626,7129.05402951943
196.876592600927,678.642420037789,7129.05455009755
202.210816846727,139.113803809821,7129.05480830067
210.406638639284,42.2209038564159,7129.05520501943
214.61204100618,1658.70683854763,7129.05540858193
236.940571276966,1022.23685072289,7129.05648939443
258.847205507263,1638.28228760821,7129.05754978505
349.932837807905,90.8205038951948,7129.06195878505
353.213748884884,86.3668095374415,7129.06211759755
358.264234381211,220.853349497396,7129.0623620663
4.54619138199574,952.829259937005,7129.06266614443
14.4544524242518,358.282459256287,7129.0631457538
19.46491113459,378.678643997432,7129.06338828505
24.0505685696349,33.8545129430212,7129.0636102538
34.4694949287696,2186.57714157189,7129.06411458193
52.7081842204127,293.220725477994,7129.06499742568
61.2610197287865,954.720413837151,7129.06541142568
175.04769025092,79.2181806263947,7129.07091926943
181.866781805098,154.351656456164,7129.07124934755
188.840170409409,689.627965844153,7129.07158689442
199.397576746516,434.155572603956,7129.07209792567
208.678320035688,1431.45073572271,7129.07254716005
221.40330980576,58.8775625476323,7129.07316311318
239.192019746783,1453.12806232312,7129.07402417568
255.58172649617,1011.59436383114,7129.07481751943
347.433033803335,74.4496478355394,7129.07926358193
352.976107871382,172.842365420145,7129.07953189443
0.44208508499203,207.157041520745,7129.07989328505
5.39928222198078,328.746446731643,7129.08013323818
9.28834329601123,960.997392773777,7129.08032148818
20.652097100171,117.914580877176,7129.08087155068
25.8578480832836,1269.38692890377,7129.08112353505
42.6374938915709,218.45827924416,7129.0819357538
48.4543000313827,1040.31028236307,7129.0822173163
72.0795067806776,2185.47713259909,7129.08336089442
171.120799669425,50.5964332930819,7129.08815498818
177.732655399814,586.953818881852,7129.08847503505
188.501493919125,530.172794555028,7129.08899630068
197.557570351468,1188.16201322147,7129.08943466005
213.782650498166,1429.76974704112,7129.09022003505
223.704791852009,1170.83054362865,7129.0907003163
250.452739031849,78.1435818830722,7129.09199505068
259.788357817672,1909.4408276743,7129.0924469413
345.301368257309,141.789330276865,7129.09659851943
351.938402213339,71.0931521985536,7129.09691978505
354.500443825731,68.0550060749852,7129.09704380068
1.16620672885256,1148.01324002656,7129.09736645693
12.5373848883435,233.587676978786,7129.0979168788
17.6943934562122,135.695260583546,7129.0981665038
27.9060839915572,1261.78578696567,7129.09866080068
40.54779204242,2195.35856160746,7129.09927272255
69.566294967736,276.602130089287,7129.10067736318
77.8679941948736,40.2560554335629,7129.10107920692
173.610622136333,31.7975194785713,7129.1057136288
185.187744958425,198.258798267403,7129.10627401943
196.502433547649,270.280520187072,7129.10682170692
203.020355319317,1162.58513926937,7129.10713720693
228.159803885889,918.122522453046,7129.10835408193
241.978107869402,599.621519103977,7129.10902295693
251.378931742011,1668.82530017176,7129.1094780038
349.721045759474,169.881955724982,7129.1142382538
355.347401584308,150.15584609035,7129.11451059755
359.998264068561,320.410670218152,7129.11473572255
7.27831012529956,120.202861553231,7129.11508811318
13.5060371536601,1240.64236661781,7129.1153895663
19.0207051118853,670.173028183285,7129.1156565038
31.4532405783867,833.691837787143,7129.11625830068
43.3383119389379,225.400559328293,7129.11683359755
57.7005292317922,2142.13002891483,7129.11752880068
82.5549478125463,45.6166632245569,7129.1187318788
174.772952751122,35.8754137508299,7129.1231956913
182.236347604777,90.4577315830046,7129.12355695693
189.835317276757,962.247947988715,7129.12392478505
201.914712586165,376.089687170733,7129.12450948818
211.71515939569,829.353419273815,7129.1249838788
223.848461802674,1800.53505438593,7129.1255711913
245.505896625042,952.198098147505,7129.12661951943
355.212410121205,82.0722309557986,7129.13192986318
1.40107864991696,55.9737707572783,7129.13222942568
1.57571196789201,195.395019608746,7129.1322378788
8.96098985982661,183.288578758933,7129.13259536317
13.2874412092351,608.084860242997,7129.13280478505
25.3955654657349,307.727926474044,7129.1333908788
32.8334592940572,1587.58595159014,7129.13375091005
54.6222726139158,101.563528420723,7129.13480559755
60.3603162302029,1564.69792678138,7129.13508334755
173.219735360648,28.6503702706664,7129.1405749413
181.603747870341,298.302910151094,7129.14098076943
185.936332338735,123.821689013148,7129.14119048818
195.704822241829,144.415271408072,7129.14166333193
199.778523349122,1271.28019222766,7129.14186051943
209.364309979526,1019.29165108317,7129.14232451943
227.6862809528,651.060261258607,7129.14321139442
243.96010355232,1860.96360543786,7129.1439991288
353.498439611607,119.340051729644,7129.14930133193
6.39838549934591,196.545529851377,7129.1499257538
12.1231944410078,1141.71128107188,7129.15020286318
24.7904034796243,824.26310221706,7129.15081601943
36.3242714436536,568.2164183618,7129.1513743163
46.2364060822103,1813.8428536929,7129.15185411318
63.4860447092687,45.2288657915023,7129.15268908193
79.8354017602392,1670.26592556851,7129.15348047255
162.954398283258,25.205207712653,7129.15750384755
170.995922988106,279.843676009861,7129.15789309755
178.988382478017,716.564918512574,7129.15827997255
182.63695962306,95.6077370051212,7129.15845658193
192.657231331617,1158.44056569614,7129.15894161318
203.949324167892,1299.3470743794,7129.15948820693
219.048810395025,577.140446544888,7129.16021909755
227.731733164544,1769.54706443411,7129.16063939443
257.639542476429,204.417940907753,7129.16208708193
348.674172763986,32.6358766400414,7129.16649361318
355.137541763537,86.0398696733711,7129.16680647255
1.67870488753742,58.8775625476323,7129.16712309755
6.17333356108634,190.427770774271,7129.16734066005
11.7328703382545,30.7269661103948,7129.16760976943
15.7684813825513,879.3203387647,7129.16780511318
24.9743356693418,309.675590726144,7129.16825072255
30.2139803946144,156.527429906461,7129.16850434755
41.6261537767476,1126.86937558948,7129.1690567538
52.3130018131955,951.566492268796,7129.16957405068
181.722412841847,73.3051813694985,7129.17583811318
190.66841536846,239.936320811651,7129.17627114443
195.046396549787,233.909225322293,7129.17651355068
199.796357862986,164.715782680069,7129.17674347255
205.797803998481,68.878285020002,7129.17703397255
211.142680634107,1163.6190899722,7129.1772926913
225.771528480664,1065.43662781178,7129.17800080068
251.918104381822,710.667191761161,7129.17926642568
342.57925828202,34.4050309075694,7129.1836548788
356.708416001218,176.286624187227,7129.18433880068
2.28054181604922,75.8249921184451,7129.18460851942
4.77996081434582,273.734285238802,7129.1847295038
11.7191329895402,41.8858142614553,7129.18506539443
17.8045064060486,297.798591342158,7129.18535995693
21.2836149906054,943.316647017411,7129.18552836318
34.4179116507673,474.834505048705,7129.1861641288
40.1001113337496,1016.92954057597,7129.18643917568
55.8510023784198,694.406587786744,7129.18720159755
81.4339743393553,1517.09433904301,7129.1884399413
84.333984673644,1816.49284503038,7129.1885803163
169.974350386104,70.6291344854115,7129.19272573818
177.033603069579,113.116301048155,7129.1930674413
180.813235874842,1098.22695382178,7129.19325039442
196.402728313741,983.262915532634,7129.1940050038
202.111397383552,743.334671593487,7129.19428133193
217.862933990027,2639.10049369542,7129.19504378505
253.92164456732,857.861837122442,7129.19678920692
345.986966454223,59.4334026438048,7129.2012456288
359.095762089052,228.381730194016,7129.20188016005
4.02132511930176,20.7457263173838,7129.20211858193
5.29314620944062,85.6568635465571,7129.20218014443
13.1213018963555,884.093742659076,7129.2025590663
26.2362307629064,920.738263410215,7129.20319389443
37.7226475104587,1187.14960084532,7129.20374989443
56.8842141311392,2175.55062853592,7129.20467741005
175.303670505102,31.3886486247306,7129.2104095038
180.423234646938,508.760311657142,7129.2106573163
191.894802683828,830.802093787497,7129.21121259755
196.556963157291,263.094324104429,7129.21143826943
205.628211062409,1505.15788721606,7129.21187736318
222.917230876073,148.393700105665,7129.21271423818
229.193377482407,1476.11689538252,7129.21301803505
244.176333885134,1394.86078243323,7129.21374328505
350.740222367611,26.6103319934707,7129.2189200663
355.666108159973,181.951051447804,7129.2191585038
358.965418706644,263.807475864297,7129.21931820693
13.8086039326312,467.818450644586,7129.2200366913
18.4830306440657,1265.5920755833,7129.22026295693
27.9739149166739,612.518091802627,7129.22072236318
42.0452919419951,1547.69819182832,7129.22140348818
87.6381416499592,1930.73401710819,7129.22361041005
169.795525181562,102.75898187917,7129.22758723818
184.584157635432,1108.58000557101,7129.22830308193
192.167310272832,218.80203204816,7129.22867014443
198.249455730002,259.643723188319,7129.22896455068
207.744213598911,96.3418858579423,7129.22942414443
212.194296253208,1472.03804701235,7129.22963955068
221.217447342466,1390.54368020197,7129.2300763163
247.913101348033,730.278337801593,7129.23136851943
347.044454636779,32.8152956197147,7129.23616697255
359.560271784911,76.5647614753284,7129.23677280068
2.94867433250628,280.915873895893,7129.2369368163
9.54342186712628,270.558464521287,7129.23725603505
19.4923553699115,493.46249308968,7129.23773761318
26.7888640606137,88.886259463905,7129.23809080068
30.0439513501468,923.346565873118,7129.23824836318
49.9153490816239,1703.06124758213,7129.23921023818
78.1859307955693,22.6403826242283,7129.24057867568
179.916124636093,65.9518689660743,7129.24550292568
185.531828071101,88.0900075106439,7129.2457747538
194.243157063178,988.750858965659,7129.24619642568
208.083088438144,1401.74050144992,7129.24686634755
224.698753243126,122.601748198115,7129.2476706288
235.802978124379,1665.94060768688,7129.2482081288
351.469296934011,20.1862849352752,7129.25380695693
358.546303450217,127.190077914285,7129.25414951943
3.06449635094763,100.634292565793,7129.25436822255
10.8226050684357,78.1435818830722,7129.2547437538
14.6771268009229,915.499287490462,7129.25493033192
28.3304814196342,1047.79662724042,7129.25559122255
39.7003683803582,210.753789420259,7129.25614158193
46.3522509718929,231.324501220875,7129.2564635663
56.4709758724344,70.562597431767,7129.25695336318
61.0895586881428,2032.67624954151,7129.25717692568
173.733782971945,29.5383370541025,7129.26264817568
177.742601792143,172.079739346742,7129.26284222255
186.823210813164,169.105979219708,7129.26328176943
192.601604090288,1143.81581983736,7129.26356147255
202.376872711752,146.353817953582,7129.26403464443
211.456190496428,62.3267409904926,7129.2644741288
215.048600946053,1503.5592770829,7129.26464801943
233.014849364699,1514.71457598973,7129.26551767568
258.337323966073,1009.21415668864,7129.26674341005
340.504391413271,40.3725698705504,7129.27072070693
350.281274033193,88.7275877770044,7129.27119395693
357.145557206007,278.49761385923,7129.27152622255
2.20443549431858,178.300194053627,7129.27177109755
9.43444789946761,520.732734710094,7129.2721210663
13.7634816464098,136.316929966185,7129.27233061318
19.0182977693007,1255.09691528691,7129.27258497255
36.8534905277261,800.580879367629,7129.27344828505
43.9734291398814,1514.71457598973,7129.27379292568
68.3759316094443,230.999372408114,7129.2749741288
80.399482985547,1834.93487071473,7129.2755561288
165.923641673292,37.130062913171,7129.27969592568
171.984482538701,284.372608794214,7129.27998930068
181.221002608312,227.227042737255,7129.28043639443
184.429929880135,344.595962875616,7129.28059172255
194.451169987768,1495.54024719833,7129.28107680067
211.140109796672,1374.01501287826,7129.2818846288
225.099476193271,868.311145207912,7129.28256033193
254.436902733829,2040.94163791524,7129.28398041005
341.847165740487,22.0624594982066,7129.2882115038
348.329256971843,165.625832493355,7129.28852526943
0.0806902746405314,134.931552042694,7129.28909409755
2.66629611421431,176.499675985653,7129.2892192538
8.2506882421743,1584.55337739838,7129.2894895663
24.3573018038937,121.678750408805,7129.29026920693
31.7903537119969,159.264323951191,7129.2906290038
41.2231344910368,1840.17001636505,7129.29108559755
55.635385397902,1529.72379208194,7129.29178322255
174.488681288212,36.2336896597704,7129.2975363163
181.069871273359,152.021215060749,7129.2978548788
184.748791326374,260.077570590767,7129.29803295693
196.934709707323,888.164819468074,7129.2986228163
205.090827438427,1211.21590535012,7129.29901761318
213.751799979223,934.993971135611,7129.29943684755
233.532700638626,2133.12922880959,7129.30039530068
350.016987591477,29.2787877276268,7129.30603372255
2.22937535925541,192.976065682693,7129.30662486318
9.08365177920392,99.6964039101655,7129.30695664442
13.5269557151323,693.973489784838,7129.30717172255
21.2366448546469,364.108604378188,7129.30754491005
27.6183461334478,1649.98437135466,7129.3078538163
47.5136308917986,106.529556009871,7129.30881684755
53.3314054306854,1281.64268087261,7129.30909845693
185.272515163756,266.641153601199,7129.3154850663
190.130613546956,60.4521085967313,7129.31572022255
196.845118790164,301.560415527646,7129.31604523818
203.145152385793,1185.12188951314,7129.3163501913
215.839153648509,978.35883838826,7129.31696464443
229.44408861409,1396.58395958975,7129.3176231913
251.794891875712,60.5685501753328,7129.31870508193
257.872841012046,1531.2953127733,7129.31899928505
345.472263134914,36.5884544883954,7129.32323953505
350.666716241552,112.449924372093,7129.32349097255
357.162687746917,237.891623067199,7129.32380541005
4.56507394735649,20.1862849352752,7129.32416372255
8.17071903402796,182.87805991779,7129.3243382538
16.4827477761438,1401.74050144992,7129.32474059755
27.669285902373,997.830595927951,7129.32528208193
45.5567718350728,690.499268873879,7129.32614792568
59.7282159756797,1714.32135154248,7129.32683389443
173.512304100279,94.669660999358,7129.33234161318
183.075172178043,160.790686321022,7129.3328045038
190.498862970243,147.122078408835,7129.33316384755
195.83986597199,1199.24303820795,7129.3334223788
214.43234102011,729.866611592911,7129.33432234755
223.850595925758,1407.73281920303,7129.33477823818
241.678687166122,1743.53298465491,7129.33564120693
349.380286431424,35.9734811383738,7129.3408646288
352.112442203685,120.981891171823,7129.3409968788
3.01846953978084,231.811334017173,7129.34152478505
7.54376395857258,273.871564315797,7129.34174383192
10.9541167724698,1236.75925056688,7129.34190891005
22.6942521612134,26.8519494833752,7129.3424771913
24.6245796245284,1238.70236290458,7129.3425706288
42.4936660875353,1398.30491630022,7129.34343558193
60.8191878574176,255.853116470917,7129.3443226288
67.7270486504073,188.044843585367,7129.3446570038
180.297419178436,66.6602884002998,7129.35010597255
183.890152390174,149.403184268593,7129.3502798788
196.117388793458,728.62987865463,7129.35087173818
202.290240325167,323.909982169468,7129.35117053505
209.743951263227,1176.97662727068,7129.35153133193
230.239961550563,677.755851441475,7129.3525234413
250.102966565212,1551.57808823247,7129.35348491005
347.292371714477,35.5795948259185,7129.35818936318
350.167526660396,90.6652045107315,7129.35832853505
356.821023250389,125.404867046264,7129.35865059755
5.00974348730752,812.508227365782,7129.35904697255
9.69546811279553,234.550934230526,7129.35927378505
17.8806375531048,47.4339630074372,7129.35966998817
20.867803202903,187.844906296419,7129.35981458193
29.5736445626419,1750.41625638528,7129.36023598818
50.1652029198939,703.866409601517,7129.36123272255
61.4598781537024,1647.06659422365,7129.3617794413
179.655636032333,74.4496478355394,7129.36750070693
184.446915405445,147.122078408835,7129.3677326288
190.282120977371,963.496726846813,7129.36801508193
201.38537742197,866.231419927033,7129.36855253505
211.954404435244,169.105979219708,7129.3690641288
216.753108126109,1348.39617249582,7129.36929641005
230.879037885968,1210.22269983229,7129.36998017568
254.928077436323,981.426717672207,7129.37114426943
349.842730444121,40.9214849506068,7129.37573861318
354.251817838197,119.024762268438,7129.37595203505
4.37893545556667,175.538986124657,7129.37644223818
9.71251413956084,413.587830649931,7129.37670041005
16.265620776998,1247.40862084138,7129.37701761317
29.1339325579971,421.150808671555,7129.3776405038
33.9074580232208,87.0709754297039,7129.3778715663
42.1129636937948,871.766492327453,7129.3782687538
52.1393685589162,1294.71144916238,7129.37875408192
179.215418413078,29.4188284843955,7129.3849178788
185.258182646064,171.64243637513,7129.3852103788
193.013386203905,840.157443615652,7129.38558576943
205.861684479174,677.755851441475,7129.3862076913
217.990790565322,1458.90910463464,7129.38679480068
235.057725882113,768.39118401395,7129.38762092568
255.937219347251,1240.64236661781,7129.38863159755
345.630627137047,61.9866658002621,7129.39297320693
353.429408277486,92.6130144796034,7129.39335070693
4.94164885006199,416.485151921719,7129.39390795693
9.66514073885354,412.86032925747,7129.39413659755
16.6704863247523,1337.65187815271,7129.3944756913
29.2214883762323,66.8362240552334,7129.39508322255
40.6033188503931,862.056814820988,7129.39563416005
53.8225111530654,1528.15082810065,7129.39627403505
178.220172347769,29.7167013219024,7129.4022955038
183.014679642641,125.704155418127,7129.40252758193
186.001199693055,280.11210018164,7129.40267214443
201.872816807811,1100.4146482918,7129.40344041005
210.237461561471,94.7688455488205,7129.40384530068
215.351215346434,1339.44855207346,7129.40409283193
236.815940218404,1208.23384630597,7129.40513183193
269.892327141275,1801.87020859535,7129.40673289443
341.614967316741,124.124807654447,7129.4102046288
347.872714490961,54.7434285402826,7129.41050753505
350.263350819873,40.6912663286629,7129.4106232538
358.727094289744,664.315880083421,7129.4110329413
5.98777244013631,283.843559767405,7129.41138439443
9.73964469738229,298.050861768928,7129.4115660038
14.7781867178507,1200.24534755458,7129.41180989443
28.2036464828161,1623.53597232823,7129.4124597538
40.4586434716953,809.542932689311,7129.41305295693
54.0490525638839,228.052424167124,7129.41371080067
92.5000134685481,1882.80502300131,7129.41557201942
168.57525158056,149.277382122115,7129.4192544413
180.75406840587,80.5704253314943,7129.41984395693
183.268013277558,357.862683930676,7129.41996564443
189.165195939353,1279.76484964876,7129.42025109755
205.107182898384,339.985040120894,7129.42102276943
211.088938440576,1224.05419133997,7129.4213123163
227.707508442784,1540.68968694077,7129.42211673818
248.330513230132,817.671763631012,7129.42313236318
339.006193003723,20.4894209238082,7129.42752151943
357.799447956955,224.230509160428,7129.42843120693
1.05324408529984,105.999112265387,7129.42858870693
6.12245177585415,463.298316377703,7129.42883408192
13.4825515548839,79.8089233589039,7129.42919034755
17.0833546837581,330.342891929902,7129.42936464443
23.6839125376722,944.590516915866,7129.42968414443
38.0845427307922,1270.33383812147,7129.43038120693
53.9442164072677,2184.37623544787,7129.43114889443
176.806008355663,45.487762861951,7129.43709601943
188.360212549957,245.050174596528,7129.43765530068
193.488814970424,419.003887142111,7129.43790355068
203.485522526957,1393.13560687526,7129.4383874413
216.121743020639,467.496985567806,7129.43899909755
228.949705065643,1622.05393561266,7129.43962003505
253.773135214199,816.199829944964,7129.44082161318
355.402616264896,93.6720562227933,7129.44574098818
0.383054754218151,207.700523446874,7129.4459820663
11.3852756844562,281.71734389737,7129.4465146288
12.6112596317338,547.193956812464,7129.44657397255
21.3974775134559,747.368000819648,7129.44699926943
30.4532311085284,71.0931521985536,7129.44743761318
32.76897843506,1405.16787094924,7129.44754970693
57.7166854878879,1043.77217979845,7129.44875730068
76.6777949655695,332.157940041711,7129.44967511318
176.746874218859,76.5033869587484,7129.45451895693
185.747429517588,101.099982552366,7129.4549546288
191.893488825199,374.286851512196,7129.4552521288
206.605295553695,1096.03481845966,7129.4559642538
218.389654161998,1231.88814704633,7129.45653467568
237.683244841975,831.525459599192,7129.45746858193
264.284964851241,20.7315709738198,7129.45875623817
355.387705347652,85.1618914277097,7129.4631660663
358.87068752851,80.5704253314943,7129.46333466005
4.70621590012719,168.103045372625,7129.4636171288
13.0219092172881,337.989664034311,7129.46403084755
17.2786363218045,283.843559767405,7129.46423689443
23.6503309228974,523.036891575401,7129.4645453163
33.5008113088555,183.493484295916,7129.4650221288
41.2185703655062,1376.63791477394,7129.46539570693
65.170125122953,1644.14371006671,7129.46655508193
171.763582066587,123.136958962711,7129.47171473818
182.936562718499,326.452309629133,7129.4722555663
188.149738019365,994.813231791625,7129.47250791005
203.772801363153,206.793915324965,7129.47326414443
208.444968514324,1315.89994456505,7129.47349030068
221.866877520259,1119.37470403944,7129.47413998818
239.317941576656,2272.8656734472,7129.47498470693
349.264293364845,41.1218732676577,7129.48030666005
356.738986094974,127.485175194231,7129.48066847255
4.29566934554547,198.637523096679,7129.4810342538
7.99557122820891,333.963162679751,7129.48121334755
17.799246034652,82.5857229824756,7129.48168789443
21.638596331942,1647.06659422365,7129.48187373818
46.553700841377,1008.61818896902,7129.4830797538
57.7641259569014,1735.2369541257,7129.48362239443
177.960258343431,85.272136574055,7129.48944048818
185.306154973603,311.852155210346,7129.4897960663
191.773074769763,391.75046540052,7129.49010909755
198.780357116234,893.564000570279,7129.49044828505
213.650011691471,1480.99654762035,7129.49116805068
222.135059790682,910.230169015591,7129.49157876943
237.115756633145,262.09256986931,7129.49230391005
249.23840668788,71.2251785328633,7129.49289070692
0.205120598015878,102.941662138978,7129.49826205068
4.45506894658461,97.0704627789587,7129.49846776942
10.4029308217736,162.302657424895,7129.49875567568
14.236793561883,61.1089998048264,7129.4989412538
19.6578502859212,360.582508296403,7129.49920366005
25.893001669613,525.330889900033,7129.49950547255
32.6675472045403,514.635334347702,7129.49983339443
44.3621681749573,55.1281971461481,7129.50039947255
48.8106368683749,1148.01324002656,7129.50061480068
72.9465088218129,1753.16205996978,7129.50178309755
168.845903367268,32.9581258118328,7129.50643272255
180.831687480067,878.636274848077,7129.50701289443
187.419333383891,151.153575767005,7129.50733176942
193.282622378683,850.824299902797,7129.50761558193
208.320454315639,68.1929096524314,7129.50834348818
211.419953356273,1548.47501487865,7129.50849351943
229.578588963203,1472.85472706926,7129.50937248818
358.169708973787,35.0475343191547,7129.5155969413
359.691697908508,86.0944440739253,7129.51567061317
7.36329702260623,329.659632924972,7129.51604195693
14.5051857883277,346.119272132128,7129.51638766005
17.9862311710349,249.30696396197,7129.51655616005
26.8279701863699,206.612116304683,7129.51698414443
29.5891777054154,1159.47806911265,7129.51711780067
45.9656497801769,1891.72544295957,7129.5179105038
63.8641108272381,910.890474159487,7129.5187768788
175.298235083454,48.073330038978,7129.52417084755
181.746432647808,207.519515460497,7129.52448297255
189.300533500845,238.837505328604,7129.5248486288
195.83524066859,614.478135041452,7129.5251649413
204.168574077624,1115.06937017225,7129.5255683163
218.105344646116,650.598352969212,7129.52624292568
229.766071911951,1636.81357356893,7129.52680736318
253.223101299527,268.046751461526,7129.52794280068
350.607475921875,64.9109307970797,7129.5326566913
354.332233230487,39.7275060071145,7129.53283698818
357.457233258875,45.2288657915023,7129.5329882538
10.4030163270528,290.128671087686,7129.53361489443
14.4315257781316,198.258798267403,7129.53380989442
19.2621864130056,1025.17350164533,7129.53404372255
33.1954062224668,67.6048800274387,7129.53471816005
36.3859340621755,778.110686994182,7129.53487259755
52.9083104702412,989.966331133019,7129.53567236318
70.7638394589312,1607.15862840277,7129.53653666005
175.925690667535,202.941996541028,7129.54162701943
184.211895622205,63.8162370170114,7129.54202811317
188.985421162586,976.513425676728,7129.54225917568
200.188099160666,699.582280994093,7129.5428014413
215.644921903308,1513.92054448252,7129.5435496288
233.558877185258,123.745791391627,7129.5444167538
238.413102009735,1031.60457953777,7129.54465172255
0.532887412274752,50.8741798688206,7129.55056151943
3.02326801920297,131.117963708682,7129.5506820663
9.74778001527659,158.673366112971,7129.5510075663
17.0765683745231,776.56370223167,7129.5513623163
23.0092587769367,193.656424229971,7129.55164948818
31.9930285668537,1157.4019520566,7129.55208434755
51.0803518221152,399.162342068493,7129.55300826943
68.5498153106265,120.748716581076,7129.5538538788
75.3007966935289,3363.49126328628,7129.55418066005
164.549067052924,66.4132013272756,7129.55850072255
174.660044798443,848.701664502016,7129.55899014443
182.055975042626,740.092209738918,7129.55934814443
189.419948305221,857.16067577124,7129.55970459755
208.05664661048,1587.58595159014,7129.56060670693
217.241519105201,2013.65657481745,7129.56105130068
248.258459702686,79.3958648825921,7129.56255267568
263.256264778497,1911.95836940494,7129.56327864443
338.41734107799,26.277275494424,7129.5669168163
344.645713705735,92.8156718149609,7129.56721830068
351.495148205464,101.192866586164,7129.56754984755
358.635423047884,423.286822259783,7129.56789547255
6.43162182836768,208.422959446786,7129.56827284755
11.4162566761034,1528.15082810065,7129.5685141288
30.2647099632573,1315.89994456505,7129.56942648817
40.8405157324792,718.659576293135,7129.56993841005
52.5290035839106,180.082726508601,7129.5705041913
64.1771417745047,156.166898857002,7129.57106801943
76.1816481191098,71.5541584317414,7129.57164909755
97.0259566808995,167.543257045821,7129.5726580663
176.152597017685,40.8353073577672,7129.5764881913
187.473741600744,104.750971785528,7129.5770361913
191.996453622001,475.783246134398,7129.57725511318
200.690351505882,247.491582783255,7129.5776759413
213.451171778686,790.757459512292,7129.5782936288
219.96651111524,1158.44056569614,7129.5786090038
234.865863036645,341.968758865718,7129.57933020693
260.592479770621,132.188329726723,7129.5805755038
272.318734885356,1557.76591626022,7129.58114311318
346.159247717046,110.426674748698,7129.58471736318
354.732419455684,132.755653692307,7129.58513234755
358.554338719935,386.146836728329,7129.58531734755
3.11288124392512,947.133149686863,7129.5855380038
16.6948976568645,291.936336216381,7129.5861954413
21.5533188397557,273.734285238802,7129.58643061318
28.8039235024859,1586.07038613923,7129.58679114443
48.6524026061647,2203.01377140686,7129.58775191005
84.8725118268076,372.475300602915,7129.58950514443
178.014039656226,78.083449428501,7129.59401366005
180.38175735734,214.640596962745,7129.59412826943
190.284853679686,141.125194863534,7129.5946076288
194.070942441205,824.26310221706,7129.59479089443
204.506331396725,1462.20247021489,7129.59529601942
221.633629880082,449.799697488373,7129.5961250663
237.360311098187,1724.11362964198,7129.5968863163
273.517152067773,680.412060027891,7129.59863648818
344.691682500327,99.3187615483393,7129.6020816913
348.996829257974,26.9828291654672,7129.60229008193
354.711308647079,201.268585131587,7129.6025666913
0.0833001937603939,295.009433548543,7129.60282672255
9.39955118597201,1229.9343765676,7129.60327767568
21.6529341763926,218.97371416113,7129.60387080068
25.4167499094968,427.878316111574,7129.60405298818
39.0223305120395,438.975855665547,7129.6047115663
47.669100054292,1766.82679597917,7129.60513011318
72.5683874539893,1910.70004262883,7129.60633536318
174.389287293896,195.491151044891,7129.6112640038
178.14245071233,93.2700375266826,7129.61144567567
183.790111128926,1023.99977386369,7129.61171905068
198.309530706717,1343.92985629006,7129.61242186318
210.695583355816,1431.45073572271,7129.61302141005
229.961736287467,200.707686581758,7129.61395398818
235.061609760842,1449.81415761691,7129.61420084755
259.63358082847,1417.09799450496,7129.6153902538
348.216888896012,85.1618914277097,7129.6196781288
356.557323785528,268.18694487396,7129.62008184755
7.84651146215575,281.983991712309,7129.62062830068
10.7868714572819,1349.2876815846,7129.6207706288
23.3879070851941,406.623984483545,7129.62138058193
26.6927051514676,55.8477500356425,7129.62154055068
33.3087572778489,392.325560927276,7129.62186080068
40.7314796709741,1437.31915258627,7129.62222009755
68.5262582844331,84.552989609854,7129.6235655038
78.9532544855469,2483.22251650279,7129.62407022255
170.380020589126,694.839352721743,7129.62851586318
184.142480601756,67.9514014501059,7129.62918203505
187.838508963276,910.890474159487,7129.6293609413
194.947149623799,1476.93113294878,7129.62970503505
217.60977505776,530.739507897948,7129.63080201943
223.661254807265,1722.71807930002,7129.6310949413
243.670164080062,1477.74525949274,7129.63206347255
347.863300816767,30.3230253406728,7129.6371069413
356.477145053513,177.77251892781,7129.63752389443
2.15966749860862,181.744411187346,7129.63779895692
6.31083996823698,138.708031172108,7129.63799989443
12.6102280020613,1238.70236290458,7129.6383048163
21.7276358497325,20.9569202269666,7129.63874614443
30.0722671352414,1293.78241453537,7129.6391500663
40.9699017545094,437.947428322261,7129.6396775663
48.8910230762277,262.235927417365,7129.64006098818
61.501742582156,68.8441803564643,7129.64067141005
77.718107249913,1665.94060768688,7129.64145636318
174.21478948415,55.2558589161922,7129.64612728505
177.258767391171,206.793915324965,7129.6462746288
182.219192525077,122.907864441579,7129.64651473818
189.927267666133,152.021215060749,7129.64688784755
194.213369354704,1104.23259425119,7129.6470953163
202.799130131006,287.003310006639,7129.64751091005
211.35390243753,564.500779454136,7129.6479250038
222.478786273582,158.08020170649,7129.6484635038
228.645504648727,1736.62229041582,7129.6487620038
245.071364700537,20.2878321781119,7129.64955709755
271.314456995529,2591.27985735574,7129.65082739443
338.625750216655,53.3528915491743,7129.65408559755
345.802501086033,159.146307243674,7129.65443298818
349.678004685747,111.863587837213,7129.65462058193
359.425189921923,1073.30799803407,7129.65509239443
9.128152013697,1025.75969940233,7129.6555620663
23.5090915759358,394.236587819563,7129.65625817568
31.2991571998551,353.849921586047,7129.6566352538
36.9665082097536,520.732734710094,7129.65690958192
52.1541180763147,4022.53297338007,7129.65764473818
179.835918307335,1072.74777949584,7129.66382517568
194.85050885438,241.963782343646,7129.66455195693
204.965037396507,1678.88303259645,7129.66504155068
216.050862770489,1522.63268660136,7129.66557816005
241.41497819389,902.934949031931,7129.66680591005
343.999296289052,22.9110723448667,7129.67175114443
357.685253413578,79.9265584272568,7129.67241361318
1.57689684756367,199.581171034247,7129.67260198818
8.67359403222883,215.688480964538,7129.6729455038
16.2012255360158,295.009433548543,7129.6733098788
19.8462518844496,872.455885314594,7129.6734863163
33.0554375094139,284.900714131453,7129.67412570693
38.8761172455263,1312.23965027516,7129.67440745693
65.6366535381873,1936.95237626912,7129.67570280068
174.703060018132,169.217057033322,7129.68098216005
182.169682868703,39.5794334806521,7129.68134358193
187.318298757323,1096.03481845966,7129.68159280068
199.990349791315,1076.10520494461,7129.6822061913
211.309234738953,903.600638757496,7129.68275408192
231.861734671713,1739.38996539391,7129.68374892568
353.888127293537,34.199622300779,7129.68965561317
358.682957425679,167.767383318917,7129.68988770693
6.11665497074398,110.766451566491,7129.69024753505
13.9787043622402,1197.23597702404,7129.69062809755
28.9029116720152,320.8794618903,7129.6913505038
33.3762357538028,343.28487275026,7129.69156703505
44.9830558844842,237.417252524352,7129.69212886318
54.1605040238741,1570.83401841618,7129.69257309755
81.2983903001941,1860.96360543786,7129.69388670693
168.919762576628,73.0484145394783,7129.69812801942
176.544878873324,185.833667898372,7129.69849711318
186.572897699325,1138.54703442939,7129.69898251943
199.877631319049,1430.61051893767,7129.69962653505
215.976497725745,1541.47017372708,7129.70040580068
236.271728220705,843.728031885149,7129.7013881913
257.804240501838,2687.85971258012,7129.70243047255
343.311613755928,31.5379423965201,7129.70656945693
346.799760656696,183.493484295916,7129.70673830068
1.79756573250614,459.388582729758,7129.70746426943
6.34255078217905,940.763689172286,7129.70768426943
13.2045743571505,1581.51491902458,7129.70801642567
26.2304111476201,49.6593807741696,7129.7086469413
34.7299850826445,923.997489632455,7129.70905836317
51.7075056363971,1665.94060768688,7129.70988016005
73.174637005435,346.336348489018,7129.7109388163
174.502302674238,40.7777527022812,7129.71584358193
184.827294999494,118.708626262176,7129.71634336318
187.920983683255,39.7865768109185,7129.71649311318
191.523400810588,243.048470238705,7129.71666748818
200.730223534032,1245.47916424689,7129.71711314443
213.706995109567,934.350707915144,7129.71774128505
223.122344817989,227.227042737255,7129.71819703505
240.404908750554,342.846723233592,7129.71903359755
253.281935972915,2074.83297209876,7129.71965691005
347.677208222471,101.655996120886,7129.72422611317
354.595398568018,279.574974282326,7129.72456098818
2.45228323960337,88.9918902458042,7129.72494130068
8.75296243461603,381.447096131637,7129.72524628505
16.0159001828499,1423.87024393287,7129.72559784755
28.8196524764461,317.820048056916,7129.72621761318
40.4403529187146,88.886259463905,7129.72678011318
47.8546825950119,321.581372642044,7129.7271390038
57.6302739785889,3380.60823779074,7129.7276121913
174.454143651795,40.8353073577672,7129.73326705067
176.780866130267,242.274200701331,7129.73337967568
182.820079604223,276.194261905616,7129.7336720038
191.4210118533,274.556738455445,7129.73408833192
197.072545866196,1809.86081677048,7129.73436189443
216.186984032513,94.8183961901883,7129.7352871288
220.710018891041,1423.02547523343,7129.7355060663
231.543094060485,520.444021212541,7129.7360304413
257.01986574957,2847.74048786574,7129.73726364443
347.099661801658,96.2931054337979,7129.74162395693
349.329222286913,108.36564978689,7129.7417318788
354.361953950509,117.994225501405,7129.74197548818
5.94391869281974,1323.19033507855,7129.74253611318
21.3962222773555,1292.85260275225,7129.74328408193
35.210007102763,1056.93798158057,7129.74395273818
47.2258113614214,87.5551575685307,7129.74453436318
64.3117917097093,371.667335796744,7129.74536141005
70.4039438821653,71.3569550669924,7129.74565630067
87.8517799792237,3261.85145560487,7129.74650086318
163.502216928678,75.6389187395179,7129.75016272255
170.169916554793,87.715952556966,7129.75048547255
174.726845117903,203.311992241773,7129.75070605068
183.861436496928,1286.32549056817,7129.7511721288
197.593876401277,603.120831055293,7129.75183684755
207.141572968687,1202.24752375719,7129.7522990038
216.933304261693,2376.32402644294,7129.75277297255
251.284417509507,908.246422515191,7129.75443573818
353.921026007526,169.77130812279,7129.75940386318
5.36967545419578,208.963138459417,7129.75995803505
14.3366598104572,962.247947988715,7129.76039208193
23.1829180214764,968.476188134559,7129.76082028505
35.4162875813242,520.155141181533,7129.7614124413
43.6518133977574,58.4371231959757,7129.76181108193
48.7436169539969,363.075070008989,7129.76205755068
74.7342818441425,2089.84740623919,7129.7633156288
174.635506535404,29.9724585428596,7129.76815134755
176.668160674269,236.147629228967,7129.76824973817
186.751700746619,161.954991084734,7129.76873783193
191.017143367655,1280.70409832759,7129.76894430068
202.877036502566,202.385733172328,7129.7695183788
210.691634752742,1350.17863556186,7129.76989664443
226.249170247631,404.399930209465,7129.77064970693
238.25948691153,367.805230716556,7129.7712310663
255.401311230701,2316.88113139228,7129.7720608163
351.792115955202,66.4838947783686,7129.77672661317
355.018474335221,111.863587837213,7129.77688278505
359.322652656214,1166.71516892097,7129.7770911288
18.8589868254413,325.991567073913,7129.77803678505
25.1687043366652,1569.3022437091,7129.77834220692
35.0178935990134,55.1281971461481,7129.77881895693
43.199189443022,2072.51349415571,7129.77921497255
181.983600519258,47.1110234157024,7129.78593283192
185.619588551481,179.978351666499,7129.78610883192
197.006583783131,475.467221150438,7129.78666001942
206.105915035958,1411.14553375843,7129.78710047255
220.587890150136,160.43973094515,7129.78780147255
229.13201014199,1527.36379099849,7129.78821505068
259.953335554274,1018.11126196338,7129.78970695692
347.059355445395,21.6866715557762,7129.79394686318
352.28641098269,144.545320157619,7129.7941998788
358.044468067129,287.003310006639,7129.79447859755
7.34619314837002,636.112829077717,7129.79492884755
13.2511229651878,109.31511251755,7129.79521467568
16.559794627762,599.119975852602,7129.79537483193
25.5128986724362,114.765315306631,7129.79580820693
29.1953695220605,411.401440691961,7129.79598645693
39.4306242094303,1681.74563164314,7129.79648189443
64.2701941546793,1910.70004262883,7129.7976842538
181.097937424186,923.997489632455,7129.80333930068
194.218030973069,988.142678792769,7129.8039743788
204.425847874535,684.816037210823,7129.80446848818
222.67744907869,2416.46769261195,7129.80535195693
255.597924990549,1551.57808823247,7129.80694547255
348.603232327101,124.427176895203,7129.81144739442
352.89094801413,128.219962425291,7129.8116549413
3.58715712890261,78.5632323085927,7129.8121726913
6.63145787319396,1150.10623247258,7129.81232005068
18.3193000876634,1155.32217126457,7129.81288580067
28.7388720461816,78.5632323085927,7129.81339016005
35.70838709177,1410.29299349782,7129.81372751943
51.0493256469664,215.688480964538,7129.81447009755
59.0785840386851,91.5930178924107,7129.8148587538
63.1923119319659,955.350021314416,7129.8150578788
176.389554726431,74.7015921342964,7129.8205371913
181.653409203112,119.340051729644,7129.82079198818
194.7638188364,837.290015098802,7129.82142659755
204.841548514299,319.941212412189,7129.82191441005
211.343975975921,40.4307004542304,7129.82222916005
216.737272151942,1370.50981674491,7129.82249022255
232.410691834276,985.705739253717,7129.82324889442
249.422428854723,1117.22409101844,7129.82407234755
347.760669351043,39.4605736975251,7129.82883241005
351.770456607894,106.969579027894,7129.8290265038
2.72974547976117,32.8510621483424,7129.82955698818
5.70303081797221,248.249615308893,7129.82970091005
9.91327510508698,944.590516915866,7129.82990470692
25.3707434846902,455.115084507796,7129.83065292568
29.9789967478419,1515.50816340773,7129.83087598817
56.1336426788712,190.131549393513,7129.8321420038
66.2074987228911,2351.90911190841,7129.8326296288
174.17935668924,124.804111489851,7129.83789072255
183.693482314181,145.839396115122,7129.8383512538
189.013503561437,1179.01832741296,7129.83860876943
204.680144450245,1020.47081895762,7129.83936711317
214.576139292108,896.922036641712,7129.8398461288
230.822524030567,167.094060810058,7129.84063253505
242.969383949446,1660.15612368398,7129.8412205038
354.289237979097,37.0033413632509,7129.8466089413
356.566895280212,134.582983646325,7129.8467191913
4.91314056417907,186.136731028519,7129.8471231913
11.641848881088,957.86412135368,7129.84744889442
20.0439380983603,215.862633323738,7129.84785559755
28.1674532860709,451.800319378748,7129.8482488163
36.7396566632126,113.448014871231,7129.8486637538
40.4669962942015,1589.10018477343,7129.84884417568
53.9934915359493,164.258870394285,7129.84949892567
87.2241756216875,1833.62369732265,7129.85110745693
178.014448383956,900.935104297673,7129.85550216005
190.104173133184,933.707000605466,7129.85608736317
208.32607702875,1527.36379099849,7129.85696939443
219.566199452864,1236.75925056688,7129.85751347255
235.969463751724,2197.54858754584,7129.85830747255
264.001821134524,522.461851559797,7129.8596643788
341.307239439492,37.2248239177697,7129.86340634755
353.868570968371,217.077786301978,7129.8640143788
357.410625041872,145.452386246525,7129.86418583193
6.26947229055441,270.83610354417,7129.86461464442
11.148552503402,207.881364899798,7129.8648508163
15.6832080380967,432.768487712565,7129.8650703163
25.0578853235683,1103.14313239712,7129.86552409755
33.9441703957334,2027.93803971701,7129.86595423818
54.1606382920111,90.0413632543007,7129.8669328163
73.989749602079,1573.89312693823,7129.86789264443
170.017407454199,142.05410459045,7129.87254086317
182.809539071629,967.233737547701,7129.8731600663
195.678496376854,390.405208161582,7129.87378298818
201.033642129344,1039.15365201601,7129.87406991005
217.098292069345,1710.10750005252,7129.87484751942
241.002072885781,109.486857080565,7129.87600458193
251.142102378083,1777.68288978086,7129.87649541005
349.506166661848,113.28228632923,7129.88125672255
356.637725912592,57.5461414631384,7129.88160192568
0.313418043846792,929.188559428695,7129.88177984755
6.38265162608302,144.934758639081,7129.8820736288
20.422071669816,314.969578196767,7129.88275320692
28.8732260644452,1925.74511892474,7129.88316228505
53.1627495437889,1253.17922705648,7129.88433801943
67.8916645056324,119.497398087809,7129.88505097255
177.713416589857,32.7257110299684,7129.89036689443
187.592625922908,140.457936947946,7129.89084509755
190.648224543674,145.452386246525,7129.8909930038
202.499724999335,1010.99983940145,7129.89156667568
208.764573729195,413.951123379164,7129.89186992568
217.567254282459,1063.17699088976,7129.89229601943
242.849056385726,1514.71457598973,7129.89351978505
349.89636627628,39.2816161542964,7129.89870141005
357.980177440116,70.1620497811639,7129.89909270693
8.19703265779253,257.463661501589,7129.8995872538
13.7033078240328,364.933305796455,7129.89985378505
18.7260328099209,278.227607619641,7129.90009691005
26.532883942653,1657.25633216596,7129.90047480068
45.330980853683,115.499686204057,7129.90138472255
57.8206513770989,1237.73125082494,7129.90198928505
83.1379612209846,1085.00808337908,7129.90321476943
172.9340185236,136.247998994143,7129.90756134755
180.840613934348,92.7143986584333,7129.9079440663
185.46888070323,262.235927417365,7129.90816809755
189.273691696555,934.993971135611,7129.90835226943
198.997635580398,945.862721479784,7129.90882295693
215.7017468245,1405.16787094924,7129.90963151943
234.228371261607,847.283576632663,7129.91052830068
255.779928574239,1712.91780759475,7129.9115715038
341.767053184287,37.0033413632509,7129.91577151943
346.697780934447,80.1612873302382,7129.9160101913
357.488569644903,172.515945973117,7129.91653251943
1.07291013981334,334.188121620116,7129.91670601943
9.69740661607223,1367.87503546287,7129.91712348818
23.9621391911745,944.590516915866,7129.91781397255
30.1491937590059,95.8530824157755,7129.91811345693
47.1037956849602,1205.24434876756,7129.91893414443
73.3304252708309,120.670876069262,7129.92020364442
87.8143371831595,2078.30730403202,7129.92090473818
169.593725169298,45.6423961125996,7129.92486326943
175.667477947219,754.971918315306,7129.92515726943
186.569631724592,276.737938120775,7129.92568498818
195.238997019794,36.9715889847466,7129.9261046288
199.727492536779,1429.76974704112,7129.92632189443
208.444309048458,1005.63324334502,7129.92674383193
227.729829773719,676.423916878832,7129.92767734755
244.793537168749,2097.88741933892,7129.9285033163
354.533621569803,160.43973094515,7129.93381528505
359.988894798114,140.05605009082,7129.93407934755
6.15464477418431,197.499197551743,7129.93437780068
10.2880632983463,30.1482519504681,7129.9345778788
18.1133138631925,1412.84872690051,7129.93495666005
37.7564939788105,1346.61148898374,7129.93590748818
54.1639545609279,215.339759912503,7129.9367016913
65.3637273993611,1944.38776190964,7129.9372438163
174.689340077678,41.0361154778993,7129.94253572255
183.001368857372,205.151950982696,7129.9429380663
187.064094887881,1001.4393758695,7129.94313472255
200.680004967823,912.868558522462,7129.94379380068
212.545062897802,200.707686581758,7129.9443681288
218.647544585236,1690.30411889537,7129.94466351943
237.678378307809,1280.70409832759,7129.94558470693
355.168824271328,63.2617846996197,7129.95127183193
359.02270044201,48.2440164206732,7129.9514583788
4.5567362314249,230.673799506143,7129.9517262538
11.0378591012853,420.078721807826,7129.95203997255
19.4612528727402,1252.21943925169,7129.95244770692
29.5257478384356,150.405896071071,7129.9529348788
39.5753941310472,1257.96795202859,7129.95342133193
51.2458053500561,1992.04253092944,7129.95398623818
182.471511905702,107.58258867094,7129.9603713788
189.96234454526,225.567203804289,7129.96073397255
194.633220497664,823.533297111823,7129.9609600663
200.836737737038,1043.19597404867,7129.96126034755
220.35628647261,1458.08476403886,7129.9622051913
242.562799399387,2205.19602578406,7129.96328009755
342.143163602099,22.8083316122785,7129.96810028505
355.641252734024,184.718157436592,7129.96875366005
1.3599285567006,227.557542253898,7129.96903047255
5.81872672751767,100.353843290879,7129.96924630068
11.0503014980756,1353.73645626657,7129.96949953505
25.0374284426913,105.821705564946,7129.97017658193
29.1511563735507,342.188444246716,7129.97037570693
37.613931481925,994.813231791625,7129.97078534755
55.7570727788093,399.914795723433,7129.9716635663
65.5856029736226,1967.74840865999,7129.9721393163
172.243942166773,51.7892603801862,7129.97730211318
180.302575104967,210.218203955392,7129.9776921913
183.837527622829,823.533297111823,7129.97786330068
193.953670088258,538.890099210931,7129.97835297255
203.487809218929,1377.5111051828,7129.97881447255
221.619007002377,1253.17922705648,7129.97969211317
232.239358828429,988.142678792769,7129.9802061913
252.487783706295,548.839640401866,7129.9811863163
350.265002584769,84.2190067684712,7129.98591922255
357.459184524764,172.079739346742,7129.98626745692
3.85573455180618,100.913971623484,7129.98657708193
8.34681242874604,306.504349678605,7129.98679447255
13.7004045808916,140.05605009082,7129.98705361318
18.0555848398138,1111.82951734179,7129.98726442568
30.2453767794854,67.3263875206054,7129.98785447255
42.0416789012255,1401.74050144992,7129.98842547255
57.431036996817,1189.17364844151,7129.98917039442
181.738314991829,41.8858142614553,7129.99518748818
183.841661737082,116.55228171481,7129.99528930068
189.279503932355,125.85353592609,7129.99555251943
199.209715240912,821.340162548978,7129.9960331913
206.279943038749,1096.58326863382,7129.99637542568
223.292455182425,1363.47244605872,7129.9972190038
254.82490297943,960.371560054796,7129.99874533193
337.370934371167,22.4842418988791,7130.00274097255
351.819984179839,222.548340866879,7130.0034403788
3.021370979152,144.934758639081,7130.00398258193
5.76869822418892,112.950079844687,7130.0041155663
11.3066076099043,1022.23685072289,7130.0043836288
27.7185873125487,901.60223731317,7130.00517805067
36.4115168349327,1099.32141167945,7130.00559883193
50.9690264757184,26.2549201129891,7130.00630348818
59.0544516380121,2791.44529713449,7130.00669486318
169.121206771752,29.3988652866339,7130.01202264443
184.183571297387,1013.96901985851,7130.01275173818
194.457561684714,840.157443615652,7130.01324905068
201.300540228187,249.608222979703,7130.01358028505
218.56664148921,2591.27985735574,7130.01441605068
249.919936772555,1335.852650719,7130.01593370693
349.881847354919,21.1660047128026,7130.02077236318
352.13594046643,95.9020710067371,7130.02088147255
359.64775486048,164.029956284395,7130.02124508193
6.5297919036027,528.468990790287,7130.02157820693
12.4479563574671,100.820830850612,7130.02186467567
20.0695218575541,32.1647083967314,7130.02223359755
21.8620149422796,1396.58395958975,7130.02232036318
29.7773258695467,1421.33438352232,7130.0227035038
59.3513628555275,71.1591896518371,7130.02413503505
74.586423900987,968.476188134559,7130.02487248818
89.7259369516876,172.406991461038,7130.0256053163
166.268585409779,41.1504233466253,7130.02931036318
178.626877510862,169.438962860369,7130.0299085663
183.858775081111,136.316929966185,7130.0301618163
188.403114531401,186.741400121093,7130.03038178505
196.171552763867,881.369255356645,7130.0307578163
207.646671634945,914.184894451608,7130.03131326943
218.884211736681,1210.22269983229,7130.03185722255
248.48084451319,1862.25546094931,7130.03328984755
344.866161718088,50.5499912761831,7130.0379553788
347.588956374447,117.275467115263,7130.03808717568
359.968893782553,861.359039650011,7130.0387052538
7.877748828721,405.513483903164,7130.03908808193
13.428892851483,396.138344349595,7130.03935678505
21.2999805591905,185.934739826976,7130.03973778505
26.0583346267958,76.5647614753284,7130.03996811318
34.3274313856974,1496.34404866816,7130.0403683788
50.4585774985166,2053.86285756504,7130.04114920693
80.8728556561309,840.872815821569,7130.04262141005
173.200934462858,48.7524985659515,7130.04709055068
180.575560077701,857.861837122442,7130.04744751943
191.602636396309,757.754081703865,7130.04798128505
196.563707054442,215.339759912503,7130.04822142568
211.632204774219,1321.37156771961,7130.0489508163
225.262963527245,1607.15862840277,7130.04961061318
241.561964277249,413.587830649931,7130.0503995663
353.492550663908,25.7582219442831,7130.0558175663
356.77604413842,92.1554083044285,7130.0559765038
4.08514190436376,195.009994263806,7130.05633030068
13.22482278045,402.163607970962,7130.05677270693
17.357595742807,221.70244806663,7130.0569727538
25.76517251726,144.545320157619,7130.05737972255
28.4531050699618,78.5632323085927,7130.05750983193
37.4081459503649,1855.78707956324,7130.05794330068
71.1436848457951,1267.49089002232,7130.05957626943
176.503410762286,29.6573633706831,7130.06467620693
182.997768306771,213.587564301676,7130.0649905663
187.524676724022,883.413397989585,7130.0652096913
202.0595905367,963.496726846813,7130.0659132538
214.816860012895,173.926026358906,7130.06653076943
218.811152997279,1420.48806051065,7130.06672411318
237.018853743988,1103.68814087991,7130.06760545692
357.599114870124,46.3318619581266,7130.07344214443
2.95658050583478,225.400559328293,7130.07370147255
13.4323191973494,88.3030454312816,7130.07420855068
17.4011111188226,1109.66424937686,7130.07440066005
25.6698850780325,474.834505048705,7130.07480091005
40.8297343965763,356.600388107253,7130.07553472255
45.7775704176621,236.783287421716,7130.07577422255
55.713269245822,1950.562600328,7130.07625516005
178.140652405206,50.8741798688206,7130.08222303505
183.854809069777,229.530630613262,7130.0824996288
187.049856067591,968.476188134559,7130.08265428505
202.503773650585,520.732734710094,7130.08340233193
212.512101883284,1252.21943925169,7130.08388678505
230.412176891226,78.9211473950502,7130.08475323818
233.876436802699,212.175416125504,7130.08492092568
241.796266963228,2156.67572689426,7130.08530428505
349.299043686426,95.951038781017,7130.09050795693
354.514478622712,79.2181806263947,7130.09076041005
359.627909570404,284.900714131453,7130.09100792568
8.96740195252733,347.852052717812,7130.0914600038
13.4843036169127,324.605314849791,7130.09167864442
21.328276413565,1766.82679597917,7130.09205833193
36.1885698728991,69.2862503481884,7130.09277764443
40.0863464634492,77.0539951289173,7130.0929663163
54.9992558591708,1573.89312693823,7130.09368817568
183.486757995438,143.632536420135,7130.09990761318
191.676769431124,56.9306546349679,7130.10030405068
198.566876353804,1050.66177980007,7130.1006375663
210.67435501092,850.824299902797,7130.1012236288
226.585353462595,1237.73125082494,7130.10199380068
255.103520698746,2113.87596316115,7130.10337422255
345.738527974229,184.310816608857,7130.10776141005
350.426835034829,49.6593807741696,7130.10798834755
358.899294021219,1134.31464221492,7130.10839845693
11.7895559182061,135.695260583546,7130.10902241005
16.3190467329903,270.558464521287,7130.10924166005
28.0269024156111,1655.80449351665,7130.1098083788
41.5127251968296,1551.57808823247,7130.11046116005
68.3445996952627,262.09256986931,7130.11175995693
184.488658403532,96.0488980017438,7130.11738191005
188.701485125759,135.070732376619,7130.11758583193
193.090559089262,700.011937304623,7130.11779828505
208.312062660405,793.035193069613,7130.11853508193
217.299060447239,1359.94016048357,7130.11897009755
234.047717673014,1194.21905697692,7130.1197808163
260.730908933008,1625.01645473156,7130.12109492567
345.280219992291,25.7354155347445,7130.12518753505
350.188674751614,60.2575350727719,7130.1254251288
353.128389147357,273.184641574886,7130.12556742568
6.50252417470147,1340.34605636657,7130.12621480068
20.3427783493594,213.763437506564,7130.12688473818
29.7939585605135,1283.5178475612,7130.12734222255
49.6269433917251,2622.64587824745,7130.12830223818
178.928540150068,79.0995047239562,7130.13456108193
190.55505091163,238.680103459288,7130.13512386318
194.137777408082,896.251406423687,7130.13529728505
207.141018370445,1176.97662727068,7130.13592670693
228.065057854834,1960.40139677223,7130.13693953505
243.038653141658,1512.33103817816,7130.13766433193
345.842470564742,23.5804240716897,7130.14264055068
354.407895185936,132.188329726723,7130.14305516005
3.58308376506278,215.514203705247,7130.14349928505
8.59709319685276,268.326999508517,7130.14374198818
15.9571929007255,1290.99109180686,7130.1440982538
26.1972895458927,1393.99847221,7130.14459392568
37.8196039490412,56.8067606843137,7130.1451565038
52.4119757310621,213.411566196697,7130.14586284755
56.900148448355,1066.5646144048,7130.14608009755
82.5596233725516,54.1394637454395,7130.14732214443
169.546376340261,28.6708573549177,7130.15153273818
180.423351891995,134.792232930891,7130.15205923817
189.636630571695,179.455603155354,7130.15250520693
194.353343742117,826.448465218732,7130.15273351943
202.879064264279,105.019680451957,7130.15314620693
214.009758494782,923.346565873118,7130.15368498818
221.145191341826,1149.06029136108,7130.1540303788
247.662015708582,985.095671701686,7130.15531392568
350.307662485233,87.0709754297039,7130.16028248818
359.58582341445,133.3205768006,7130.16073159755
5.22735063690282,308.215980515669,7130.16100467568
8.22581412559726,144.285111636222,7130.1611498163
16.0459510068929,76.5033869587484,7130.1615493788
21.1235515270106,546.644285392972,7130.16179516005
24.9451479539914,1228.9562700829,7130.16198014442
46.5428652843326,1660.15612368398,7130.16302558193
58.9463490040497,972.812164157233,7130.16362597255
179.565991316791,63.4101174346036,7130.1694645663
185.218816528455,155.926077605173,7130.1697381913
189.317373024117,756.960272241258,7130.16993658193
203.384553615868,1010.99983940145,7130.1706175038
219.359788755253,1462.20247021489,7130.17139078505
230.578606587606,684.816037210823,7130.17193383193
265.690230084453,1916.98301676979,7130.17363341005
350.60204245431,152.514778584134,7130.1777435663
352.664716814191,96.4880328413464,7130.17784341005
357.836574055144,196.545529851377,7130.1780937538
4.97232970187936,491.937102164997,7130.17843916005
12.0670901259727,574.530145680541,7130.17878258193
19.4649571307276,471.976902005622,7130.17914067568
26.9338395415629,2107.03854364169,7130.17950220693
52.3893066013083,280.915873895893,7130.1807343788
60.1022237001617,1828.36978890322,7130.18110772255
176.816987866714,40.4887477711835,7130.18675730067
179.508794015716,255.264948068046,7130.18688759755
191.435506198293,904.265773371549,7130.18746491005
204.440361196694,487.948792482484,7130.18809441005
211.230078204396,1540.68968694077,7130.1884230663
233.056658712402,1918.23734674301,7130.18947958192
352.664331770339,79.867765179209,7130.1952691913
1.02058376959295,169.77130812279,7130.19567367568
5.60172212168933,115.092282926277,7130.19589542568
11.1425366294731,173.601646946686,7130.1961636288
17.4929266012263,1509.14714058814,7130.19647101943
34.2070445981929,61.948765561759,7130.1972800663
39.7213896815693,1325.00665994684,7130.19754698817
54.0910313297546,154.837795363072,7130.19824255067
67.9132089471472,1126.86937558948,7130.19891161318
174.379832659089,68.7075882299659,7130.20408680068
184.380736536457,182.672474369205,7130.20457089443
189.739170608822,746.965600484373,7130.20483026943
202.956748913035,1006.23098742147,7130.2054700663
214.150388594904,984.485049038142,7130.20601189442
229.184024173446,49.2318893985377,7130.20673959755
238.754962168346,1943.150529371,7130.2072028788
352.122319047524,37.4136242820011,7130.21269042567
355.487480242786,81.3825326573259,7130.2128533163
358.371996304608,224.732704667829,7130.2129929413
11.227073373403,213.587564301676,7130.2136151913
16.0348153429,1493.12606723129,7130.21384791005
34.8277475340195,491.019613857446,7130.21475758193
39.1951941060702,156.527429906461,7130.21496898818
54.1975183399864,1813.8428536929,7130.21569517568
77.8304721691471,2515.93590405719,7130.2168391288
169.122694694196,96.2443180707595,7130.2212581288
180.602655485492,923.346565873118,7130.2218138163
192.021607623573,1399.16456198819,7130.22236655068
202.491535920637,150.405896071071,7130.22287334755
211.767437214432,46.5341827571297,7130.22332234755
214.517024057311,1674.5800301976,7130.2234554413
237.164800780609,2668.10218363389,7130.22455170693
350.694524702212,99.41330397778,7130.23004711318
357.962627207935,48.1709429289712,7130.23039892568
1.02758694460453,123.897531123518,7130.23054728505
8.73953564438271,1266.54187138087,7130.23092058193
22.4658424297461,992.998461235572,7130.2315850038
30.3298286193927,469.742300612808,7130.23196566005
42.7681744427666,45.745195825786,7130.23256773818
51.9975929567389,2781.08736040394,7130.23301448818
176.925609986467,47.4587105725455,7130.2390616288
184.723745565101,791.517407172648,7130.23943909755
193.253339645984,121.755938664592,7130.23985197255
207.481918918663,1569.3022437091,7130.24054070693
221.774734841474,1421.33438352232,7130.24123255068
244.264663718031,155.926077605173,7130.24232117568
258.455798527098,2777.62635114698,7130.24300809755
341.154843614721,31.3512167615659,7130.2470410038
343.568721371124,70.0950686383095,7130.24715784755
351.343615522267,1036.83672758592,7130.2475341913
6.22263121340754,203.311992241773,7130.24825441005
11.413856323128,1083.89919262208,7130.2485056913
23.6659481147817,2099.03339154494,7130.2490987538
40.0940677268554,263.094324104429,7130.24989395693
48.3847919147885,289.610141424035,7130.25029526943
53.5398637220853,65.0555026515676,7130.25054480068
69.2368475940226,2019.6193606381,7130.25130461318
87.651784239678,93.5717128780489,7130.25219598818
178.508875974455,48.7284067263172,7130.25659392567
178.919474063312,349.791140497047,7130.25661380068
186.36576068362,175.324768592056,7130.25697423818
196.818903509449,132.826402654551,7130.25748022255
199.280555206863,1458.90910463464,7130.2575993788
210.751477719527,894.236573678597,7130.2581546288
227.536933847108,744.950601205829,7130.2589671288
241.972103344193,1875.12538829537,7130.25966586318
355.727462559279,105.821705564946,7130.2651721913
0.755997826882151,167.543257045821,7130.26541559755
5.3187367468643,168.883615425663,7130.26563645693
12.1684940087072,1104.23259425119,7130.26596801942
28.3997073495479,1119.37470403944,7130.2667536913
42.2541645979061,412.86032925747,7130.2674243163
57.4950360378167,2085.23909250857,7130.26816205068
179.92944442612,148.520251652684,7130.27408848818
189.785089531989,114.108569815308,7130.27456555068
193.682543322847,1183.09084751189,7130.27475420692
203.627926141759,786.946563469115,7130.27523561318
222.863736052701,833.691837787143,7130.27616672255
238.886422333407,2090.9978193373,7130.27694230067
348.290797610406,25.9172943523067,7130.28223801942
0.999970308318243,238.365022164899,7130.28285320693
9.41626256171235,257.171589579386,7130.28326059755
13.8656996917835,1124.7331954678,7130.28347597255
21.7597060272895,246.121262259535,7130.28385808193
29.2385951534111,148.013365453004,7130.28422009755
37.8313200653145,1224.05419133997,7130.2846821288
64.4808140907494,2124.09045907691,7130.28597209755
175.80776967604,585.415271814327,7130.2913608788
186.807085409052,118.470969145967,7130.29189330067
198.600482371146,1549.25139383977,7130.29246416005
212.748685121841,760.921381459667,7130.2931490038
220.436424032633,1337.65187815271,7130.2935211288
243.365034383335,1722.71807930002,7130.29463098818
346.894177152104,22.5494310723828,7130.2996423163
356.254651363876,237.417252524352,7130.30009541005
3.29292225528069,115.986692472703,7130.30043609755
7.61808233076503,249.909148930527,7130.30064545692
14.3832667873679,54.0960609640706,7130.30097292568
16.63187230412,964.12056116435,7130.30108176942
24.512966802271,1695.98579624619,7130.3014632538
52.3571333552002,447.790166058226,7130.30281105067
60.5920136098285,337.544658890465,7130.30320966005
83.6520024204426,2062.04320285508,7130.3043258788
172.288571986177,61.68281163621,7130.30861633192
177.09792802929,227.722618539872,7130.3088491288
187.601749993356,630.892893482837,7130.3093575663
198.667239174652,545.543277219451,7130.3098931913
205.053782448828,1740.77197101496,7130.31020233193
232.976065963477,1957.94624957557,7130.31155391005
355.086063141779,37.382222317639,7130.31746464443
357.980585918887,80.8032876720155,7130.3176047538
7.50407273488859,137.551831036475,7130.31806573818
13.2505090680034,191.608132138477,7130.31834389443
20.1409387903756,1670.26592556851,7130.31867742567
43.0640615838966,1264.64161365192,7130.31978701943
54.0417499254563,417.566481392129,7130.32031839443
78.4226250035663,428.930918561221,7130.32149855068
176.537928223722,60.4132438519756,7130.3262690038
182.305669186177,185.732526580829,7130.3265481913
189.835560250227,610.059114336536,7130.32691267567
202.506642885144,756.563034443047,7130.32752601943
213.684142657584,1257.01171693748,7130.3280670663
236.830318384632,1575.42046075321,7130.32918745693
258.202723183604,1462.20247021489,7130.33022198818
342.551577212623,28.8952490407057,7130.33430489443
345.336671720964,88.4624803965117,7130.33443970693
350.724803139496,218.45827924416,7130.33470051943
2.72672708656683,850.117309880716,7130.33528147255
8.36793154690679,337.989664034311,7130.33555453505
16.4785348221054,1627.97375580226,7130.3359471288
30.7981428938586,60.9935990603105,7130.33664026942
35.3334440655153,53.0881102966951,7130.33685980068
39.3671182740831,247.187714741415,7130.33705505068
60.6152461687824,2678.89710414693,7130.3380835663
174.915164330171,60.60731083668,7130.3436162538
177.556936865162,20.4320258628821,7130.3437441288
181.415009431837,130.471522474807,7130.3439308788
184.417992078637,1088.32787226731,7130.34407623818
201.73703203816,768.39118401395,7130.3449145663
208.729142949434,1409.4401201703,7130.34525301943
225.831263207151,1553.90145195611,7130.34608084755
258.359217624996,894.236573678597,7130.34765536318
338.848707888574,29.5780656911493,7130.35155145693
353.147979767641,179.76943544884,7130.35224361318
357.537376530836,138.978689667724,7130.35245608193
2.79122429223053,84.6640188512104,7130.35271039443
12.3802389571313,1139.60285652581,7130.35317455068
23.1439127189535,282.782464111619,7130.3536955663
29.9371804856868,512.879849701164,7130.35402439443
42.7741808469024,70.2958247167373,7130.35464576942
47.9615324354792,1462.20247021489,7130.35489686318
66.0417282809979,2438.26470125441,7130.35577203505
177.912919975321,671.96492814503,7130.36118716005
187.301800372072,886.131612531926,7130.3616416288
198.949615725395,111.105180611304,7130.3622054413
208.807197666993,1480.99654762035,7130.36268259755
221.451810877503,2033.85908115195,7130.36329466005
233.330426281798,1051.80575360464,7130.36386964442
352.610891637841,23.8773566890726,7130.36968783193
2.93911192243571,165.625832493355,7130.37018776943
8.58935473656548,197.499197551743,7130.37046126943
13.1278838299823,177.349246399672,7130.37068095693
19.706814254865,1241.6112582514,7130.37099941005
36.2304818241189,100.353843290879,7130.37179923818
41.9820829523014,1272.22565815543,7130.37207764443
56.612221997626,2033.85908115195,7130.3727858163
176.126929383181,38.7397718071281,7130.37857092568
182.978946318023,571.907909918679,7130.37890259755
197.358917481187,772.68280662679,7130.37959866005
203.698332301,1143.81581983736,7130.37990551942
215.932347497809,1825.73711704492,7130.38049770693
246.070956823088,892.890872350449,7130.3819565663
267.895923370213,1841.47652682043,7130.3830130038
342.749696730631,95.0163489554789,7130.38663630068
347.582939687882,121.446908085687,7130.3868702538
356.160953384317,30.264880879205,7130.38728547255
0.40896497231433,255.706206209183,7130.38749109755
9.08478626135095,1334.95225984603,7130.38791105068
26.8308869812736,1321.37156771961,7130.38877005068
44.1292679108402,42.5809457138548,7130.3896073788
47.4046914306378,1461.37979495364,7130.38976592567
66.0439720958516,920.085008182525,7130.39066816005
66.4119609636077,1433.12983702515,7130.39068597255
173.326601195483,37.0984250264161,7130.39586117568
179.63341354706,636.585228974695,7130.39616645693
186.316930245334,825.720658514939,7130.39648997255
198.327246946812,362.660818042926,7130.39707133193
207.253236042852,992.998461235572,7130.39750339443
220.359126518035,1486.66934318697,7130.39813778505
240.633052383655,948.401912559405,7130.39911914443
264.054251268499,1724.11362964198,7130.40025284755
341.196979806506,30.8604392040834,7130.4039869413
344.960149940227,60.6847627704354,7130.40416909755
351.276646244977,244.435999219306,7130.40447484755
0.0412366976678946,171.423361616796,7130.40489909755
5.20050490095722,259.933047308536,7130.40514883193
8.38070326326624,269.026301236153,7130.40530276943
16.2424298926494,62.3644122454969,7130.4056833163
20.3655189769902,1510.73997756157,7130.40588289443
31.7631664857315,1214.1906369223,7130.40643459755
49.4111368509399,547.193956812464,7130.40728884755
62.6915906775464,1083.34441417668,7130.40798848818
170.282168278058,42.6085139393351,7130.41319641005
183.660176864125,258.919080620146,7130.41384397255
191.771425701129,799.077470858833,7130.41423659755
199.810368046021,187.344112445587,7130.41462572255
210.919112010222,69.3540155860539,7130.4151634413
214.578987069318,1406.02340881202,7130.41534059755
234.861305689344,981.426717672207,7130.41632236318
248.694458308363,1036.83672758592,7130.41699195692
346.774138243272,69.0485654764039,7130.4217395038
351.579297852814,77.2974531604298,7130.42197209755
357.680811178752,145.581491306501,7130.4222674413
3.17482010702038,288.04886254008,7130.4225333788
10.5271726558702,46.483684956744,7130.42288926942
12.4726716295392,565.564928223239,7130.4229834413
20.4367249720502,1244.51338123777,7130.4233689413
38.7351317932988,959.118673371506,7130.42425467568
50.2644805616439,1658.70683854763,7130.4248127538
177.603792912662,32.5818608204465,7130.43097661318
192.315276841466,227.887583803543,7130.43168872255
197.270859979996,1015.1542939596,7130.43192859755
205.671657998502,835.132962784257,7130.43233523818
220.775663383741,802.081512318864,7130.43306634755
237.414569541056,1764.10230867674,7130.4338717538
354.815923503651,91.8490769552527,7130.4395545663
359.862535478834,76.8708985354749,7130.43979884755
7.16550005063484,170.43405575734,7130.44015234755
14.3251427242442,1173.9076377637,7130.44049891005
24.4864768458867,384.391157792763,7130.44099076943
36.171091138596,1037.41648604938,7130.44155636318
45.5809532898374,187.944909635362,7130.44201184755
50.5404099870897,81.2091921487124,7130.44225191005
60.7046492683791,2053.86285756504,7130.44274391005
177.972042335949,52.1958101740161,7130.44842023818
183.610481231538,171.970521156695,7130.4487317538
187.894000522575,967.233737547701,7130.44893909755
201.302029216923,310.644843182217,7130.44958811318
211.406551006185,1589.10018477343,7130.45007722255
229.093579871043,823.533297111823,7130.45093336318
241.686868306354,759.339369160728,7130.4515429413
353.872787332662,92.1044282509165,7130.45697330068
1.45690833155887,148.013365453004,7130.45734041005
8.16786281573704,197.879351793162,7130.4576652538
11.9930100769053,350.43512536248,7130.45785041005
20.9419178007442,1002.03956243661,7130.45828358193
29.1061054114055,47.3596301064916,7130.45867876943
33.1533370942902,850.824299902797,7130.45887467567
50.0695261951358,1077.78019842186,7130.4596935038
71.241151126574,330.342891929902,7130.4607183163
179.3569198422,98.8446824390365,7130.46595166005
186.694746517657,78.8020274034018,7130.46630684755
190.085085900982,413.587830649931,7130.46647095693
195.293096444358,158.791729765184,7130.46672305067
206.820508489709,991.786652804194,7130.46728103505
221.627540413273,1018.70167856788,7130.46799776943
235.554304266478,786.18211940551,7130.46867189443
275.83294304648,1825.73711704492,7130.47062158192
345.364435636958,76.0723775639072,7130.4739872538
348.265091608209,85.272136574055,7130.47412766005
354.052200401853,221.363205543668,7130.47440778505
5.55637101971426,328.974986141262,7130.47496464443
9.24077862991041,1108.03755060118,7130.47514298818
19.7136120490425,1192.20344707571,7130.47564992567
35.0555190033141,470.381844586143,7130.47639255068
39.7551239403891,82.3008466932507,7130.47662003505
51.6495564168433,203.681307930914,7130.47719578505
59.1855805998795,2862.90147144541,7130.4775605663
179.899479746192,359.329788146567,7130.48340372255
190.084055295324,85.3822290647344,7130.48389670693
198.212089603562,725.736026829793,7130.48429014442
208.014150411547,1842.78203807509,7130.48476461317
222.239501724887,1171.85716685952,7130.4854531913
241.866864730767,42.276494804927,7130.4864032538
270.963484617803,1892.99620423355,7130.48781167568
345.539938085587,127.337709820985,7130.49145505067
356.618661979086,920.738263410215,7130.4919913163
2.25082812321507,170.323782855419,7130.4922639413
9.26521198774658,104.750971785528,7130.49260347255
16.5633346769074,1306.72983544855,7130.49295673818
33.6454414664731,307.972036761583,7130.49378359755
44.5860081065339,299.308994256009,7130.49431317568
53.9148481739873,2219.32849875373,7130.49476473818
84.19064631605,92.6637239162531,7130.49623023818
174.329837060473,43.3733431115524,7130.50059342568
182.724824759684,697.861324283622,7130.50099978505
188.178483989537,100.260189039858,7130.50126376943
196.381407337735,212.882655947766,7130.50166083193
204.831270496018,1264.64161365192,7130.50206984755
222.011184878185,1430.61051893767,7130.5029014413
234.094453708736,873.833116976641,7130.50348633193
359.917264682213,82.0149781421975,7130.50957678505
2.52320675205194,119.18251108245,7130.50970292568
9.96917053508877,195.971128214012,7130.51006334755
18.8244670623191,414.676709636908,7130.51049198818
27.4312096682688,1342.13906655134,7130.51090859755
40.3834487302815,951.566492268796,7130.51153555068
56.7679906846005,1030.4382902504,7130.51232864442
79.7372734582532,193.170701656697,7130.51344047255
174.476647623849,68.0204920167071,7130.51802633193
181.145315649039,112.449924372093,7130.5183491288
190.109717645345,264.376659453447,7130.51878305068
193.637891369681,805.074340526346,7130.51895383192
207.343216362975,1014.56187895366,7130.51961723818
222.333597121032,931.127730474657,7130.52034284755
246.890396640727,2232.29457141372,7130.52153151943
350.948926920603,73.6248700894393,7130.52656847255
355.238902130318,94.0224217926833,7130.5267761288
359.786469577524,177.031139747541,7130.5269962538
7.32410783417633,480.498696386888,7130.52736111318
13.540536910905,445.434245044396,7130.52766201943
18.4783662167042,1560.07995411045,7130.52790103505
34.5733590646785,35.1144842369866,7130.52868011318
39.2594064898581,641.7589237806,7130.5289069413
51.3349282405434,73.2410729287203,7130.52949145693
60.7812664939003,2019.6193606381,7130.52994870693
172.171720465948,33.5583782984372,7130.53537120692
176.935884890426,309.189812641719,7130.5356018163
189.798386239395,160.322574660476,7130.53622442568
194.21425238942,170.874453475633,7130.53643817568
198.787320786801,1519.47032733801,7130.53665953505
218.886936171716,622.256690618883,7130.53763245693
234.59554071982,1668.82530017176,7130.53839283192
261.124954199396,1777.68288978086,7130.53967698818
345.080318335327,148.393700105665,7130.54374084755
350.116923632802,141.39123205581,7130.54398464443
354.651901892031,101.007022190736,7130.54420416005
1.63142372806333,1240.64236661781,7130.5445420038
17.7393284885495,1370.50981674491,7130.54532170693
29.9268608303789,811.767986164114,7130.54591164443
42.994984042258,259.20918189648,7130.54654420693
58.849492998823,61.5684794813554,7130.54731164443
64.6020624885022,2281.31513679841,7130.54759009755
174.567459345768,49.70665198889,7130.55291297255
185.439592977282,133.250091516324,7130.55343923818
189.268290959902,1090.53543972948,7130.5536245663
204.07435448439,732.744143139286,7130.5543412538
220.687114129726,1819.13883956497,7130.55514539443
233.50636065821,788.473175639126,7130.55576591005
266.309015546895,1507.55274930248,7130.55735372255
343.101831887148,34.9468717852908,7130.5610708788
345.496341774783,51.1044852269382,7130.56118678505
349.87024430309,172.62481721847,7130.5613985038
2.82732524774255,249.457648981988,7130.5620256913
8.19802563323536,1113.99045543692,7130.56228566005
21.322638340224,1363.47244605872,7130.56292095693
34.3446015719717,92.8662632904143,7130.56355128505
44.7267289917207,908.246422515191,7130.56405383193
62.9415312940689,1910.70004262883,7130.56493551943
178.063936756781,41.0074890710987,7130.57050801943
182.108586079711,809.542932689311,7130.57070380067
187.710409315867,388.862109179655,7130.57097495693
204.427495707775,858.562387850981,7130.57179101943
213.054251819455,1655.80449351665,7130.57220859755
226.414506497634,933.062849206578,7130.57285530068
255.831986798062,1146.96530051361,7130.5742792538
337.585873834026,20.5180577389497,7130.57823655068
351.12269862833,118.787743530469,7130.57889180068
357.834621511583,227.392354945621,7130.5792166913
1.27047527565572,106.705783098349,7130.5793830038
10.1748369426647,174.034023303626,7130.57981401943
16.9542244729679,1434.80705094845,7130.58014217568
31.2673766260437,506.984509929254,7130.5808350038
44.9785118634744,139.248806929615,7130.5814986913
48.9779696429261,1129.00155890827,7130.58169228505
68.7932006038284,1821.78094831897,7130.5826514413
170.725788310345,57.2597351478077,7130.58758548818
181.554344284104,900.935104297673,7130.58810964442
186.76622846136,293.732871359254,7130.58836192568
196.646728955598,995.417415161626,7130.5888401913
210.185813385323,827.175661299862,7130.58949555068
220.206085093881,1710.10750005252,7130.58998058193
249.524143840828,79.1588669613041,7130.59139972255
357.947215533108,61.1858202992366,7130.5966479413
3.50675227269736,104.481569229709,7130.59691705068
13.7187655701555,257.755400356885,7130.59741136318
17.3918753038768,198.069172174797,7130.59758916005
25.7581339808387,380.855541548542,7130.5979941288
36.8610676257461,1489.90120241166,7130.5985315663
52.9444397975538,819.874834689927,7130.59931008193
62.3733470178715,397.65321591112,7130.59976648818
176.653251711108,47.2851896526905,7130.60529820693
187.984725809145,696.567803437631,7130.60584670693
196.45266563743,746.965600484373,7130.60625659755
205.726630133076,506.391206744894,7130.6067055038
221.641502181051,1270.33383812147,7130.60747586318
240.800809166311,1457.25975730926,7130.60840326943
351.912343296944,130.831054323544,7130.61378642568
359.14171010271,149.528889270556,7130.61413636318
4.3945894650292,52.7775219361093,7130.6143906288
10.7414287153305,1270.33383812147,7130.61469784755
27.3138386622497,799.077470858833,7130.61550003505
33.0331600843093,346.986744892419,7130.6157768788
48.7801775326788,396.896487897536,7130.61653911318
63.1827444863706,2029.12375790731,7130.61723626943
181.003412054342,731.101235107445,7130.6229393788
192.982417373614,110.256394292296,7130.62351922255
195.910188293499,534.689792441867,7130.6236609413
207.904365123126,1475.30188066014,7130.62424151943
224.614932323483,1019.29165108317,7130.62505039443
249.156560370403,1469.58523128404,7130.62623833192
348.518390948008,78.2637149532306,7130.6310479413
358.501863754758,51.5620116048332,7130.6315311913
1.06971576160092,310.160591654451,7130.63165548818
9.97375466649668,179.141229628144,7130.63208648818
17.5230135617366,1232.86392206268,7130.63245191005
28.8816026459858,506.094277596958,7130.63300172255
37.825991136562,1995.6611918559,7130.63343467567
61.4980035029504,69.8937435705815,7130.63458051943
83.3872067002081,1992.04253092944,7130.6356400663
168.444923440948,31.7050587173018,7130.63975728505
176.666891783065,808.056177525884,7130.64015526943
189.514544496529,850.824299902797,7130.64077716005
196.364624595642,135.695260583546,7130.64110873818
205.34322962807,43.23775712467,7130.64154334755
214.005493405211,1975.06810906134,7130.64196264443
230.840014747728,1710.10750005252,7130.64277751943
271.072816384869,1489.09384822815,7130.64472498818
345.951122333966,159.970606206095,7130.64834947255
353.478108200791,71.1591896518371,7130.6487138163
355.698307570142,114.437410936308,7130.64882128505
3.8515201040207,1456.43441751275,7130.6492159413
20.8571239303252,396.517596534807,7130.65003909755
26.6129214545001,1230.91170589618,7130.65031770693
42.3150700839266,1929.48812482996,7130.65107776943
72.2183602377061,45.7965089462053,7130.65252523818
82.8806756854755,253.936593974657,7130.65304134755
96.6834853965214,27.30728490552,7130.65370947255
175.377568627044,38.8003518203561,7130.65755523818
184.394586559738,165.625832493355,7130.65799170693
192.599123868815,196.927557594151,7130.65838884755
198.877207198143,38.9815194012932,7130.65869273817
201.299800471065,844.440350977749,7130.6588100038
208.709610989257,1086.66919906852,7130.65916867568
227.469295000021,624.667595428008,7130.66007673818
239.97575103225,1495.54024719833,7130.66068211318
349.579937777707,32.2922348583443,7130.6659875038
351.770439838469,79.6321619755957,7130.66609353505
4.84308220845372,136.935782157899,7130.6667263163
10.5304466489252,1006.23098742147,7130.66700161318
18.7869542950064,341.30878678873,7130.66740126943
31.8227977631841,108.36564978689,7130.66803226942
34.2179532877809,248.40093870715,7130.66814820693
41.9299019875591,126.15176958608,7130.6685215038
47.5982213965328,2238.74940807889,7130.6687958788
177.90855948792,39.7275060071145,7130.67510355067
185.864220151182,696.999236105,7130.67548864443
193.87733867105,224.732704667829,7130.67587651943
202.461485486471,188.44409366281,7130.67629203505
210.706372418807,1425.55822701951,7130.6766911288
223.004301466058,1503.5592770829,7130.67728641005
252.946004482524,1309.48751841942,7130.67873573818
351.5828324014,150.405896071071,7130.6835102538
359.965553787483,94.2220468314048,7130.68391601943
2.84748748934907,54.226154816428,7130.68405551943
9.07650571647652,1245.47916424689,7130.68435703505
27.9372252416019,1153.23861571426,7130.68526998817
37.5562600147835,310.402814562849,7130.68573559755
48.6827578868728,91.3362371846027,7130.68627417568
51.892007995966,1764.10230867674,7130.68642951943
103.5915357122,129.966523654268,7130.68893203505
176.510139689084,48.704301008895,7130.69246166005
191.204838146655,873.144778701374,7130.69317295693
201.080496720674,46.4078359074804,7130.69365098818
207.000920772381,1469.58523128404,7130.6939375663
225.737686230504,1108.58000557101,7130.69484451943
235.270937295632,850.117309880716,7130.69533126943
352.680683899897,46.6350187633413,7130.70101448818
355.660747956478,74.8272485640022,7130.70115873817
0.97269924901866,105.019680451957,7130.70141586318
10.168224020831,276.194261905616,7130.70186097255
15.4223946194956,409.937417344963,7130.70211530068
20.9735386798362,611.535710959288,7130.7023840038
29.7881627089589,60.6847627704354,7130.70281067568
33.9180305116689,904.265773371549,7130.70301058192
43.0909595305316,1484.24073032061,7130.70345459755
67.0744711944096,1684.60323468622,7130.70461551943
170.786962835252,36.1688110017688,7130.70963572255
173.311559984032,152.760970539845,7130.70975792568
183.694655802857,342.188444246716,7130.71026051942
194.157805343973,1413.69960182658,7130.71076698818
205.536407858795,111.611359043806,7130.71131776943
209.765374415294,1314.07096315428,7130.71152247255
227.787789566936,1108.03755060118,7130.71239484755
248.862575342427,1766.82679597917,7130.71341497255
348.00393534646,56.4750399223435,7130.71821391005
353.214851087062,157.961296820552,7130.71846614442
358.520346460925,212.882655947766,7130.71872295693
7.55479542665807,272.081968066828,7130.71916026943
14.0962813879287,1253.17922705648,7130.71947691005
26.7337930803777,1104.23259425119,7130.7200886288
40.4810816953891,518.997955722966,7130.7207540663
61.7740784090315,2172.2315057815,7130.7217847538
175.176297391866,52.9552235395414,7130.72727398818
182.007332459481,851.530623791064,7130.72760464443
198.513891832967,252.898590957784,7130.72840364443
203.550174255593,1275.05805913586,7130.72864742568
215.254801941297,1290.05928162229,7130.72921398818
230.468558357416,95.6077370051212,7130.72995041005
242.023408151094,1708.70051441341,7130.73050972255
354.371599850709,180.603643151755,7130.73599317568
359.99505044074,43.0472220369627,7130.7362653788
3.70076268027551,113.448014871231,7130.7364447538
9.07275426453535,1153.23861571426,7130.73670478505
25.0412106103948,154.107990257835,7130.73747773818
28.0083627920417,203.865715975304,7130.73762136318
38.7907587856698,1613.13329360979,7130.73814328505
52.2727080457447,1428.92842003306,7130.7387958788
178.032573530278,55.4256120166574,7130.74488328505
186.913693844954,87.2864974743592,7130.74531317568
193.334130823712,877.951711331093,7130.74562395693
200.695198964239,925.298004883501,7130.74598026943
214.502205033699,1299.3470743794,7130.74664859755
229.643332082858,119.73301516921,7130.7473815038
233.115016312084,818.406786784465,7130.74754955068
256.839644614859,2360.07546838835,7130.7486979413
346.742547826287,145.323142408671,7130.7530496913
350.185825908112,32.8331806187521,7130.75321636318
358.296429220889,162.418384297425,7130.75360895693
6.84054917516507,1351.95865613724,7130.75402253505
16.956368878481,161.606575344031,7130.7545121913
26.2571255606469,1156.36256126095,7130.75496239443
36.5217548320711,922.69519802457,7130.7554592538
49.3442293198948,185.631343629922,7130.75607992568
63.2496885813389,218.45827924416,7130.75675301943
87.995001730596,270.974798155521,7130.7579508163
179.788528306306,26.8956471677351,7130.76239408193
183.428067097559,114.683429419671,7130.7625702538
196.111738807718,228.71057825391,7130.76318420693
202.001174352069,805.074340526346,7130.76346928505
211.806463119392,754.175111250532,7130.76394391005
227.253601946438,39.4605736975251,7130.7646916288
233.889344666122,1374.01501287826,7130.76501283193
255.025139169986,937.562694147687,7130.76603591005
350.531802302985,81.9003476149049,7130.77065891005
358.04652189426,44.1515227156408,7130.77102266005
0.327407117134548,102.75898187917,7130.7711330663
6.42601528342514,432.07329381012,7130.77142826943
17.6632326230487,1024.58685979911,7130.77197220693
25.3132042705364,289.090640315237,7130.7723425038
31.6923231893821,1277.88424286734,7130.77265128505
43.0024926580791,24.2676156947397,7130.7731987538
50.9362030550391,175.645983868655,7130.77358278505
60.1933821170287,1532.86505710781,7130.7740308788
89.1925172111553,129.894206502001,7130.77543458192
178.700456628545,36.1038178520179,7130.77984373818
181.821905860324,196.354252302022,7130.77999483193
186.056037174312,217.7691360572,7130.78019978505
198.052796363894,107.057362974672,7130.78078048818
202.717861997004,1214.1906369223,7130.78100630068
210.459830842642,1019.29165108317,7130.78138105068
234.747417523835,842.301617343111,7130.7825566913
256.360629089065,2059.70929201271,7130.7836028788
342.554269264348,46.5846285158111,7130.78777508193
351.375994886689,252.749959850362,7130.78820209755
0.528587637708196,110.851224033315,7130.7886451288
3.63389699763631,325.760918240547,7130.7887954413
10.4132844903609,1477.74525949274,7130.78912359755
26.1412569072326,63.0013749503,7130.78988491005
28.8998821039014,475.467221150438,7130.7900184413
37.3649167349608,977.743996877223,7130.7904281913
48.1344008536555,1847.99497926491,7130.79094948818
79.3430830024636,3040.52316657533,7130.79246014442
165.479910882945,44.0982979299509,7130.79662959755
169.087492767767,287.526558118145,7130.79680422255
176.547982424196,238.680103459288,7130.79716534755
188.066033353645,1461.37979495364,7130.7977228788
202.209071346851,1357.28484007558,7130.79840747255
210.360669882271,740.498273810175,7130.79880205068
223.644744434459,1329.53659193191,7130.7994450663
249.577305793458,137.756570040004,7130.80070033193
356.975173443572,48.968808175065,7130.80589892568
4.66936831061926,168.214761564478,7130.80627136318
11.6007933307907,115.010626022816,7130.8066068788
19.767886101099,291.936336216381,7130.80700220692
32.1452233088362,101.192866586164,7130.80760133193
35.9474519046276,1572.36423881102,7130.8077853788
65.5560281569946,878.636274848077,7130.80921858193
174.780928158221,103.940682449899,7130.81450561318
186.110142658416,590.528181909633,7130.8150540038
193.69232689674,195.29883266145,7130.81542101943
206.325965030467,1254.13857077206,7130.81603255068
226.224154948465,910.890474159487,7130.81699572255
235.987480056492,1508.35022250106,7130.8174683163
349.894912226196,34.130878678873,7130.8230092538
357.611380121659,71.1591896518371,7130.82338276943
5.27103568474124,210.932007971287,7130.82375353505
14.6208575818426,357.232105008265,7130.82420611318
22.1652745192852,1237.73125082494,7130.82457130068
34.057124560627,879.3203387647,7130.82514692567
45.9638233502098,888.164819468074,7130.82572326942
181.021863194532,50.410415425306,7130.8322607538
188.095641751399,114.84714568244,7130.83260316005
195.227523876991,583.872672432761,7130.8329483788
204.183210319199,698.291979794874,7130.8333818788
218.930524713157,1197.23597702404,7130.83409572255
244.326274318454,2718.11129159971,7130.8353250038
343.297197362926,33.5408749385646,7130.8401156913
357.632622506838,234.550934230526,7130.84080959755
3.9471820134378,105.999112265387,7130.8411152538
7.47761533561524,419.720758149111,7130.84128614442
15.0246147081701,122.525087298264,7130.84165145693
18.9669373179716,1728.29317524048,7130.84184228505
37.9054510051249,959.745283246605,7130.8427590038
49.5765077859387,1760.00769513962,7130.8433239413
180.408163396139,41.4064581233387,7130.84965684755
188.864482548257,714.46421001653,7130.85006617568
195.471173521157,263.379817955212,7130.85038597255
208.811737606033,1414.55003266344,7130.85103172255
226.461644769392,1644.14371006671,7130.8518860663
359.668442473616,74.0701180945713,7130.8583339413
4.32156459328949,81.1513287124477,7130.85855917568
6.27513344651602,83.1525473476979,7130.85865373818
16.7711250989393,407.731431950609,7130.85920280068
23.2661282428082,748.573703024391,7130.8595171913
28.4789807815602,859.262383468007,7130.85976951943
45.9642613422304,1654.35132259972,7130.86061589443
74.9901886228776,63.6688549104925,7130.86202089443
174.167056329951,39.697932441296,7130.86682155068
186.843949246583,321.814963566425,7130.86743517567
196.244773119192,223.054311132564,7130.86789022255
200.212273954634,910.230169015591,7130.86808226943
212.026652671218,1308.56903091114,7130.86865414443
237.338152158231,887.487583423052,7130.86987934755
252.528989984131,1746.28955740275,7130.87061466005
349.699350101899,124.200469353575,7130.8753181913
354.313413721923,170.213426686772,7130.87554153505
0.869748356277285,206.612116304683,7130.87585889443
6.0609734659977,1116.14728570686,7130.87611017568
13.6312141908857,452.46520419262,7130.87647661318
22.4539082123016,1220.11822867307,7130.87690367568
35.2718635420196,118.15334821641,7130.8775241288
39.9265996601515,98.7495987758713,7130.8777494413
48.0346205753949,1968.97009807628,7130.87814191005
189.711617705746,64.2563571795485,7130.88499978505
192.940881207833,882.732498208583,7130.88515609755
203.907594435031,361.207286303511,7130.8856869413
217.426988158718,243.203041039308,7130.88634134755
223.290599915623,1688.8807019555,7130.88662517568
239.095398095448,1428.92842003306,7130.88739020693
357.546488613729,167.318811583606,7130.89312383193
1.55272511154994,63.2989008431117,7130.8933177538
7.03188532915648,517.257292553808,7130.89358297255
19.8759872835901,444.420722445216,7130.8942046913
27.8697379722688,1443.1635886325,7130.8945916288
40.656381994939,48.6319179371364,7130.8952105663
48.7689221058666,2418.45721227207,7130.8956032538
178.791116594212,47.4339630074372,7130.90191851943
185.672508037951,700.870250724961,7130.90225161318
196.7738276844,853.646264786789,7130.90278897255
209.151487616671,1387.94697956968,7130.90338811318
229.381513024845,1514.71457598973,7130.90436734755
259.373249617744,956.607904001316,7130.90581909755
350.325889422437,79.3958648825921,7130.91022166005
354.402495689376,158.199009447912,7130.91041898818
5.51963240798361,797.571231281324,7130.91095711318
14.8152243326603,1046.64843458835,7130.9114070663
21.0568316726081,49.5646995668508,7130.9117091913
34.1042958545308,1384.47708852851,7130.9123407538
52.1360721220759,283.843559767405,7130.91321358193
57.764364745061,645.961117928806,7130.91348601943
69.7866248848183,227.061605628798,7130.91406795693
179.345297249527,72.2726600788093,7130.91937114443
186.492027973046,190.131549393513,7130.91971708193
190.893368287257,188.244586585284,7130.9199301288
202.537310081858,884.093742659076,7130.9204937538
213.277742453769,767.608310248136,7130.92101364443
220.767283856982,836.571589779567,7130.92137617568
245.404137136547,2268.62928442984,7130.92256872255
351.988878526083,79.2181806263947,7130.92772795693
355.126790466983,72.4025353560087,7130.92787984755
0.143059459036152,195.779281675357,7130.92812266005
9.88766237283572,717.403525474225,7130.92859434755
22.7246627340515,1204.24614724612,7130.92921572255
30.3781851405697,118.9458115336,7130.9295861913
38.3396561231254,2281.31513679841,7130.9299715663
78.7654905103559,992.392723553337,7130.9319283788
176.878418550463,406.623984483545,7130.93667753505
187.638218753563,573.482650256807,7130.93719836318
203.53017217374,120.981891171823,7130.93796761318
206.590612714725,939.484601225615,7130.9381157538
223.567164794246,1904.39619629501,7130.9389375038
250.911318532859,839.441516298223,7130.94026109755
340.125228941284,28.5065530208906,7130.9446153163
356.832568107146,171.313727093114,7130.94542403505
1.5638071885393,86.6383215170075,7130.94565305068
4.62779852613323,366.782132443788,7130.94580136318
15.3556417852236,1098.22695382178,7130.94632064443
30.293406606894,151.897563971382,7130.94704370693
33.8073772575289,1067.1281636121,7130.94721380067
38.0741111149103,199.204250317386,7130.94742033193
55.8340921088415,495.286756052593,7130.9482800038
67.9008983054287,162.070967757444,7130.94886409755
77.8375655702426,2700.35727112372,7130.94934508193
163.249390829573,46.7607515208801,7130.9534794413
176.093169984315,671.06953327567,7130.95410114443
180.811497115618,224.565421813594,7130.95432953505
188.522477453899,1144.86653490786,7130.95470278505
204.376986372886,117.994225501405,7130.95547022255
206.506479742855,1068.25448487058,7130.95557330068
216.67878894128,869.003313752614,7130.9560656913
235.469784334249,2935.89574873465,7130.95697526943
353.684587281957,28.7322284020508,7130.96269745693
355.749521202101,66.6250457581619,7130.96279741005
1.58214441407155,1104.23259425119,7130.96307973818
21.0813569193786,687.00750643913,7130.96402359755
26.5992528369425,428.58033788562,7130.9642906913
36.940062196779,2333.43033784195,7130.96479123818
73.5213815292303,98.2727649256887,7130.96656195693
85.5965804426454,2010.0703324033,7130.96714645693
167.748153654954,31.0122726110418,7130.9711230038
173.20794607895,695.271840100986,7130.97138728505
184.29183469236,607.590255885526,7130.97192380068
191.944065900111,176.180015021288,7130.97229420693
202.322319798716,1560.07995411045,7130.9727965663
218.024145628451,1645.60576276784,7130.97355661318
241.614490236511,1787.12800114056,7130.9746985038
0.945203225766331,275.376721425857,7130.98047470692
7.97927779633609,154.473336899663,7130.9808151913
12.4455002849057,270.83610354417,7130.9810313788
16.5108086377915,1317.72626144055,7130.98122816005
38.3808250244029,920.085008182525,7130.9823301288
47.8539554267017,1681.74563164314,7130.98278867568
181.01201075326,63.4101174346036,7130.9892341913
191.394460972701,827.902246758327,7130.9897367538
202.702048081443,753.377416007339,7130.99028409755
214.18588246904,1321.37156771961,7130.99083997255
236.934694706699,1315.89994456505,7130.9919411288
255.370290344732,1231.88814704633,7130.9928335038
344.21700096906,21.4416175786658,7130.9971341288
347.926263967627,118.550239069926,7130.99731367568
358.865862246191,258.046806145273,7130.99784320693
6.63752843799608,1122.59279649862,7130.99821939443
17.8143826486308,126.0027499006,7130.99876041005
25.4627402976599,1224.05419133997,7130.9991306288
38.5599152563231,1828.36978890322,7130.99976459755
61.740953011871,132.330396640512,7131.00088667568
69.1000843542471,246.426434813429,7131.00124289443
88.9340375845339,57.4644568041016,7131.00220295693
178.719765334593,109.143097337672,7131.00654903505
190.08674713567,126.820234869207,7131.0070992538
195.004240173626,646.891207267686,7131.00733728505
208.753142749518,1305.80923851653,7131.00800280067
224.202218374714,1247.40862084138,7131.00875061317
235.970759948437,425.765311895532,7131.00932026943
356.960650726777,60.0623370483611,7131.01517678505
0.911043291293563,84.0515226863126,7131.0153680038
4.99668787444392,43.6701508288451,7131.01556576943
11.7082879580056,264.234495395144,7131.01589064443
18.6493968561931,440.343400631704,7131.0162266288
27.2387084291037,1183.09084751189,7131.01664239442
38.027560378988,403.283323402448,7131.0171646288
50.4158726259295,1528.9375321359,7131.01776428505
180.32939672958,34.1652678370608,7131.02408692568
187.274056424376,859.961823973521,7131.02442308193
196.114827078215,163.226154814566,7131.02485101943
205.222550972713,514.927323003178,7131.0252918788
214.607880572854,1252.21943925169,7131.02574617568
229.034980152803,2057.37271663509,7131.02644451943
356.959523873075,127.042265596344,7131.03263670692
5.29447124298894,189.438520425966,7131.03304016005
8.22740695794113,135.418051772085,7131.0331821288
14.7792223966114,1277.88424286734,7131.03349926943
32.7790417577254,195.971128214012,7131.03437055068
39.1116778591692,309.918174457025,7131.03467708193
47.9011237378085,1610.14868105269,7131.03510253505
182.632815573979,29.8153272904056,7131.04162422255
188.527093076127,151.401988168764,7131.04190953505
195.367812021759,875.208128192639,7131.04224066005
209.18224244655,241.652975407902,7131.04290934755
217.211500838268,1400.02387460925,7131.0432980038
244.817443097631,741.715189267467,7131.04463426943
254.936490760285,1671.70510767534,7131.04512408193
340.573628513407,28.8342249382678,7131.04926934755
354.549457506391,148.773049435391,7131.04994584755
1.50283275528546,254.084531192689,7131.05028242568
5.10750948046034,1088.32787226731,7131.05045691005
19.3041318091294,769.173280623647,7131.05114409755
27.3659927066626,1257.01171693748,7131.05153433193
41.1788091329951,219.145257496223,7131.0522029413
46.5530602775184,485.168405450764,7131.05246308193
67.8612285015147,2179.96798390629,7131.0534945038
178.387324139356,38.709448840768,7131.05884451943
180.670146160381,294.499480357757,7131.05895501943
192.301176080049,136.247998994143,7131.05951801943
196.770303803423,1142.76399454383,7131.05973434755
208.364534858862,997.227855847882,7131.0602955663
221.532725186027,852.236448078969,7131.06093297255
236.766172270607,1950.562600328,7131.06167034755
357.148866485314,139.787487141163,7131.0675240038
1.8003746441077,87.7694930623285,7131.06774916005
9.17887381767327,150.530768405766,7131.0681063163
21.1023580033331,1402.59814873644,7131.06868347255
34.9012941556568,1118.2998971293,7131.06935141005
52.5808987027618,1336.75248648046,7131.0702071913
79.4208430807523,42.6635983485912,7131.0715063788
177.17385217024,50.6891854878955,7131.07623811318
183.957113221686,227.392354945621,7131.07656645692
194.346342234653,913.526920776064,7131.07706934755
204.747191886209,845.863157294957,7131.07757280068
222.999115890055,93.722189731249,7131.07845628505
228.512169812243,1481.80823167365,7131.07872314442
242.94443418726,514.927323003178,7131.07942173818
354.193595610522,86.6383215170075,7131.0848067538
359.011021495614,67.2565753090382,7131.0850399413
3.10796399281786,45.0467545209943,7131.0852382538
11.6130255226015,386.341403313395,7131.0856499413
18.3078401349289,1100.96098904222,7131.0859740038
28.3594232632695,158.08020170649,7131.08646055068
35.5067995861717,1005.03516620165,7131.08680651943
46.1620134783016,31.3512167615659,7131.08732228505
49.8386739710534,166.078970020855,7131.0875002538
69.9302193636753,2234.44818203689,7131.08847278505
174.859333798314,30.2454727929558,7131.0935518788
177.062102134627,231.973384945405,7131.0936585038
186.763772990055,180.915463166009,7131.09412811318
191.474353041492,1229.9343765676,7131.0943561288
207.992210253873,670.621447262931,7131.09515567568
219.450543653716,1527.36379099849,7131.0957103163
238.116293705759,1500.35683876837,7131.09661383193
352.554046245737,26.8956471677351,7131.1021531913
358.118747780395,191.313714870134,7131.10242255068
4.86327316946253,175.966602400379,7131.10274901943
14.3809495534342,277.28055962406,7131.10320972255
17.6105359303706,1275.05805913586,7131.10336605068
29.7306036251501,29.6969358826171,7131.10395272255
31.3562105469234,1259.87831278707,7131.10403141005
56.225800600453,169.217057033322,7131.10523522255
59.3060775441881,1001.4393758695,7131.10542976943
175.296807563822,79.3958648825921,7131.11104430068
185.876164092074,123.517834849096,7131.11155639443
193.290493768372,240.874181711703,7131.11191528505
198.296433245447,551.026280160016,7131.11215759755
210.686359490847,1078.33786344713,7131.11275733193
221.725702047427,147.37729092662,7131.1132916913
236.98626408064,1550.80304153898,7131.1140303788
252.842709835356,749.777517849992,7131.11479791005
344.055201400226,33.2772559508143,7131.11921305068
352.950847513137,95.1645429125847,7131.11964364442
358.046847502947,145.96816810819,7131.1198903163
5.12482245580657,243.048470238705,7131.12023292568
12.0581841989715,886.809792266519,7131.12056853505
20.6016586290207,108.278927490879,7131.12098208193
23.7327917763942,529.889188083388,7131.12113364443
38.3516329076655,953.460088659597,7131.12184126943
50.1498717899775,2026.7518774375,7131.12241236318
176.839070522226,35.8754137508299,7131.1285447538
190.079567416659,862.753923858151,7131.12918566005
195.001579687878,166.078970020855,7131.12942391005
203.548282002109,342.627454186228,7131.12983761317
215.659311418256,1567.7690257121,7131.13042384755
237.369685014282,20.1426063328736,7131.13147473818
246.655915823056,1619.08586537862,7131.13192423818
357.478984922572,105.644007430961,7131.1372886288
0.712444820652181,93.8724306620564,7131.13744514443
8.4163235657158,1284.45443170477,7131.13781805067
22.4596172433279,109.82953435601,7131.1384978163
26.3351208430416,780.810416323163,7131.13868541005
41.9804571776666,840.157443615652,7131.13944272255
54.7783991143903,1887.90760802249,7131.14006220693
86.6798041030692,212.175416125504,7131.14160639443
177.455873791637,141.258268970823,7131.14600041005
183.493473267134,157.365426245448,7131.14629266005
191.649722964689,1161.55041141042,7131.14673041005
205.843762933402,73.3692273602315,7131.14741747255
208.43162833324,997.830595927951,7131.14754273818
217.081948634523,1213.19987389512,7131.14796145693
236.868450648332,396.896487897536,7131.14891922255
253.964437749485,1496.34404866816,7131.1497467538
342.63877465368,26.4776117697707,7131.15403903505
352.970868534576,174.357597804153,7131.15453916005
1.61860643832481,201.268585131587,7131.1549577538
6.46831206711791,173.926026358906,7131.1551925038
10.069115195992,717.403525474225,7131.15536680068
21.8654173177323,339.542616245581,7131.15593780068
30.1997190506844,1622.05393561266,7131.15634122255
51.5298375034042,439.66016938235,7131.15737370693
59.3341062010238,1569.3022437091,7131.15775147255
180.065759217645,54.4422840143,7131.16359548818
189.767107273382,902.268815217155,7131.16406508193
201.122791160406,926.596632755405,7131.1646147538
209.552318088425,338.877925720737,7131.16502278505
224.604998736043,81.8429699012135,7131.16575141005
234.0616664668,1989.62646358325,7131.16620916005
1.87484519531099,202.941996541028,7131.17239595693
5.23419599612213,45.7965089462053,7131.1725585663
9.30499190618875,84.0515226863126,7131.17275561318
23.3001887679406,1419.64140443207,7131.17343305068
39.2399161667077,287.787849106991,7131.17420461317
48.5248558142931,178.405554218664,7131.17465405068
53.9384882205787,77.6007036407123,7131.17491609755
64.3457938659684,2806.91048182291,7131.17541986318
171.350494460264,39.7570518173573,7131.18059942568
177.014294748711,540.561040374143,7131.18087358193
187.842205123087,137.209910100466,7131.18139770693
192.841688719064,948.401912559405,7131.18163970693
205.075703840716,1684.60323468622,7131.18223189443
222.772093821477,376.089687170733,7131.18308848818
231.336872805709,1528.15082810065,7131.1835030663
253.427824269576,1365.23514715492,7131.1845723788
350.120439706837,114.355289126955,7131.18929059755
358.608070166003,304.783087656801,7131.1897014413
2.5855776791525,126.523569399239,7131.18989397255
9.75554986773994,1289.12680530391,7131.19024103505
26.0345371120137,113.448014871231,7131.19102901942
29.9862208752967,1399.16456198819,7131.19122030068
46.6622487716893,1623.53597232823,7131.1920275038
69.7322442975898,368.417713003666,7131.19314420693
172.805597358868,32.2194250446106,7131.19813347255
179.735731217851,77.8424477654305,7131.19846892568
188.154605868779,211.643411129891,7131.1988764413
194.200598061103,304.783087656801,7131.19916909755
199.150370805182,373.684000409824,7131.1994086913
209.32526243872,1267.49089002232,7131.19990120693
225.850221206741,1405.16787094924,7131.20070109755
233.504066450529,478.618089605476,7131.20107158193
255.498178758449,1417.09799450496,7131.20213620693
347.029271176448,65.5589818543412,7131.20656676943
358.530536634663,121.369525540871,7131.20712348818
5.11011262135039,1224.05419133997,7131.20744197255
24.5392781196524,1239.6726978281,7131.2083824413
36.61867342906,697.861324283622,7131.20896714443
50.4124447863161,30.3617270214218,7131.20963483192
55.4516324437466,1993.24934335721,7131.2098787538
170.093070048484,29.1984596223482,7131.21542797255
183.017225650052,428.58033788562,7131.2160535663
192.292481382043,238.365022164899,7131.21650253505
196.963357334447,286.479118205563,7131.2167286288
205.70051007639,1575.42046075321,7131.21715155068
227.049027923646,648.283871029776,7131.21818492568
234.647674833513,1319.55024684771,7131.21855273818
356.821585862256,96.0977894481907,7131.2244665663
4.77369572890874,102.941662138978,7131.22485148818
11.1486182517618,359.329788146567,7131.2251600663
17.1775021731606,240.561986997179,7131.22545189442
25.6041239791113,387.700760384746,7131.22585978505
30.2175420373307,1348.39617249582,7131.22608309755
47.2244370999805,1454.78218360751,7131.2269063163
73.7267355933445,111.27417043344,7131.22818916005
172.997885992723,28.547716274252,7131.23304528505
179.278874556855,100.913971623484,7131.2333493163
190.00219865784,120.904217193463,7131.2338683788
196.381317614264,1153.23861571426,7131.23417716005
209.830018731562,911.550335214173,7131.23482814442
225.943733886499,804.327215941925,7131.2356081288
240.747215051032,2611.61847703306,7131.2363246913
351.054454151338,41.3780849861656,7131.24166411318
356.167239499647,252.0054998012,7131.24191159755
3.62643799488765,145.323142408671,7131.24227266005
11.2676941258559,1505.15788721606,7131.24264253505
24.1811974503327,271.390521167092,7131.24326761318
28.5002244444098,477.675010657208,7131.24347667568
37.9775512427011,91.2333264491139,7131.24393542568
46.3334804046848,1895.53550633548,7131.24433989443
73.9494293793334,71.3569550669924,7131.24567664443
183.969701770828,86.4211827100725,7131.25100217568
186.495267318684,198.448243948768,7131.25112442568
198.752201068135,996.624671678603,7131.25171772255
213.398479947731,220.683124552146,7131.25242667568
216.870164214536,549.934098259541,7131.25259472255
232.345063589599,1340.34605636657,7131.25334378505
355.032867819403,102.02497874312,7131.25928248818
2.29096364741768,82.8129162466773,7131.2596338163
5.54250017792022,70.1620497811639,7131.25979120693
13.323204648358,718.241133235153,7131.26016783192
27.030789239494,409.570571902051,7131.26083134755
30.1693467421988,1093.83835322774,7131.26098326943
48.4551644130485,2245.18559299725,7131.26186839443
74.7770192691432,448.125703211844,7131.2631425038
175.61112796715,37.256357721116,7131.2680233788
182.662633533181,107.232729640305,7131.26836470693
194.221679685272,937.562694147687,7131.26892422255
204.576104831931,1393.99847221,7131.26946898818
218.627468426679,56.5166108357218,7131.27014914443
229.187779885855,857.16067577124,7131.2706603163
247.036207318906,1520.26158328766,7131.27152426942
348.831091009998,95.705957048331,7131.2764686913
352.812972750427,24.8769407851235,7131.2766616288
359.400749006424,274.556738455445,7131.27698083193
6.38516558634346,814.725231723656,7131.2773192538
11.2786750857544,58.7577694832753,7131.27755636318
20.4958863649277,894.236573678597,7131.27800297255
31.0216882012555,1670.26592556851,7131.27851298818
45.5358211879255,619.836348914049,7131.2792162538
62.8573936321627,456.104848334249,7131.28005555068
85.9121921026708,54.9575211727937,7131.28117264443
174.417478281069,41.604508033144,7131.2854610663
183.757551310875,78.2637149532306,7131.2859136288
189.292134738476,271.390521167092,7131.28618180068
201.40772253791,673.752054147769,7131.28676884755
209.363746599234,499.216445959405,7131.28715434755
218.135946829971,1111.82951734179,7131.28757939443
239.565809906936,938.844335607314,7131.2886177538
250.643360980008,1461.37979495364,7131.2891545038
343.606174813293,35.5795948259185,7131.29365891005
348.790876307776,117.034895663615,7131.2939101288
359.726862273893,181.537535004495,7131.29444001943
4.46203811798458,621.773355025113,7131.29466945693
11.9346769954792,63.9632791177291,7131.29503153505
21.1467287241974,1616.11235505177,7131.29547789443
38.0252249279565,348.930662141811,7131.29629572255
43.0738433401894,578.700976028301,7131.29654034755
64.2312177784044,776.176511951832,7131.2975655038
177.161162566345,52.2407846148543,7131.30303739443
187.783060978281,146.482145857441,7131.3035520663
194.289574399076,187.844906296419,7131.30386733193
198.153108990828,191.608132138477,7131.30405453505
208.545729938072,955.350021314416,7131.30455809755
223.279143762773,1022.82482483673,7131.30527198818
239.757129951613,1043.19597404867,7131.30607041005
353.569797628029,21.618878562335,7131.31158772255
358.289817257464,122.141116665198,7131.31181642568
2.61480893422554,220.171700315852,7131.31202598817
11.8742640773298,662.503329973418,7131.31247464443
19.5897242253833,149.654497128004,7131.31284848818
22.7173781727955,814.725231723656,7131.31300003505
35.8281138486207,1313.15569529278,7131.31363530067
56.4182604362664,409.937417344963,7131.31463297255
60.7990397828255,1909.4408276743,7131.31484523818
175.486133393104,54.6575562587748,7131.32040226943
181.568273892202,210.396880473418,7131.32069697255
193.102445011619,1225.03618360525,7131.32125584755
205.14805642443,120.046445006849,7131.3218395038
210.582351111176,1320.46118483942,7131.3221028163
234.001220231627,1708.70051441341,7131.32323755068
250.504681698493,905.594599309723,7131.32403720692
338.968369036541,20.4894209238082,7131.32832361318
351.216492739019,101.840653965457,7131.32891708193
358.088366706756,228.052424167124,7131.32925005068
5.6670987865194,285.427820267969,7131.32961726943
12.39869750676,1067.1281636121,7131.3299434413
25.2014726391488,1137.49043517686,7131.33056378505
42.0760991894517,1531.2953127733,7131.33138142568
65.7600401159906,65.6663612375041,7131.3325290038
89.6100540423018,532.153709986716,7131.3336846288
175.359496267684,35.081024890582,7131.33783951943
178.446518759954,70.0950686383095,7131.33798909755
184.190063849595,118.787743530469,7131.33826739443
191.990011612888,136.385819304863,7131.33864533193
196.700679601703,918.777165459517,7131.33887358193
207.669557678509,1035.67632248058,7131.3394050663
226.0994656349,699.582280994093,7131.3402980663
238.884504908797,1483.43037853493,7131.34091755068
266.826685830431,258.337878866755,7131.34227145692
350.127277298565,82.3578913400347,7131.3463076913
354.458718460321,81.3825326573259,7131.3465175663
4.81361022067123,370.046104869459,7131.34701930068
11.6941909180702,200.145219841907,7131.3473526913
16.0069286859636,1124.7331954678,7131.34756166005
29.206344142275,877.266648213748,7131.34820122255
37.4474333005479,105.821705564946,7131.34860053505
39.0652743356782,117.435575153202,7131.34867892568
61.6366875472759,2139.8833816022,7131.34977259755
111.171251054917,781.580078434985,7131.3521784413
174.899739370906,72.4025353560087,7131.35526633192
184.093732729343,203.865715975304,7131.3557118163
187.661560686526,1068.25448487058,7131.3558846913
195.704329682837,322.980558964403,7131.35627439443
207.709954551465,264.802735294722,7131.35685611317
211.850814895713,1020.47081895762,7131.3570567538
225.319171849109,329.659632924972,7131.35770934755
233.054625250484,1995.6611918559,7131.35808416005
255.047846562102,327.60139045962,7131.3591498163
348.729772453821,89.0446605339434,7131.3636890663
356.503922464839,155.684895530861,7131.3640657538
2.65765172180946,83.0960369957445,7131.36436392568
8.86458885458009,493.767027265335,7131.36466467568
15.1705247561251,919.431308865626,7131.36497022255
25.0558976127626,283.578660553729,7131.36544920693
33.9803045256152,1262.7383583208,7131.3658816288
49.374140583328,1850.596009767,7131.36662751943
70.0739274773674,79.8089233589039,7131.3676305038
177.284190119986,34.8796026783393,7131.3728252538
183.438241888747,121.755938664592,7131.3731234413
187.998315529155,317.820048056916,7131.37334439443
196.00496767228,184.412735082518,7131.37373234755
201.135816380005,1113.99045543692,7131.37398095693
213.350403060835,46.9111902101638,7131.37457280068
216.021759361071,1480.18441947784,7131.37470223818
228.724568301936,729.042382019429,7131.37531773818
260.92079720358,1724.11362964198,7131.37687776943
343.576445014988,135.418051772085,7131.3808827538
349.589254075962,65.8449544888029,7131.38117409755
352.247711518831,33.7328880106735,7131.38130291005
358.768413693992,612.027095669987,7131.38161886318
9.16490436977339,402.537170263173,7131.38212261318
14.9187685603241,254.67541964197,7131.38240141005
18.9390244361465,432.07329381012,7131.38259620693
26.5206587841574,1550.02732871168,7131.3829635663
45.5026384890835,1263.69037456442,7131.3838833163
61.9158079168361,1074.98721035881,7131.38467859755
179.823749819428,148.646706055189,7131.3903916913
189.04257346985,186.640758403911,7131.3908383788
194.914462372369,333.512772954236,7131.39112289443
200.210094145326,1152.19545016032,7131.39137948818
215.806119980915,890.193363467517,7131.39213517567
229.471358960601,1405.16787094924,7131.39281247255
259.256143780101,751.77963854145,7131.39425566005
343.167496822194,27.8185426083599,7131.39832148818
352.221859844093,78.7423945491916,7131.39876020693
355.226974477581,56.5166108357218,7131.3989058163
0.507450110963186,201.081803985481,7131.39916167568
6.23261435607199,27.8185426083599,7131.39943908193
8.69500895672701,137.278369227722,7131.39955839443
12.8923018817314,566.626967568595,7131.39976176943
23.9937158240402,345.90205699736,7131.40029967568
29.9107507836562,1110.74738295969,7131.4005863788
40.0044404289155,789.235343745531,7131.40107545693
63.0524669401793,2036.22252392677,7131.40219222255
170.67065643038,55.6370852167198,7131.40740673818
184.078711149563,224.565421813594,7131.40805641005
190.632627872122,245.356679418052,7131.40837397255
193.051166312679,1190.18439548313,7131.40849116005
209.754237876045,545.543277219451,7131.40930048818
218.835043598719,1332.24709042423,7131.40974048818
235.314642158807,2274.98087035372,7131.41053898818
352.386092239495,25.205207712653,7131.41621155068
355.666920329312,97.2155272949138,7131.41637051943
358.792639393685,176.286624187227,7131.41652197255
13.7208262011419,337.099043123956,7131.41724530068
19.5743341840478,1485.05074903937,7131.41752892568
34.316454738411,1224.05419133997,7131.41824323818
55.9849469206884,431.725266647476,7131.41929316005
67.9563898191697,349.791140497047,7131.41987322255
93.8247546829086,1750.41625638528,7131.42112664443
169.812975699285,51.6530290761708,7131.4248085663
173.615885620115,137.209910100466,7131.42499283193
183.330025926525,281.71734389737,7131.42546351943
188.237401706053,998.43289191881,7131.42570130068
195.397242926365,260.22201060627,7131.42604822255
207.345790340818,1326.82054232447,7131.42662717568
222.006970459148,571.907909918679,7131.4273375663
230.263860743036,1495.54024719833,7131.42773764443
356.20084937717,72.9196980575608,7131.4338725663
4.63993626069539,145.452386246525,7131.43428147255
8.03008222019722,92.5115262173648,7131.43444573818
16.9483621598454,974.047509316733,7131.43487786318
32.9639238409262,843.015157681037,7131.4356538788
43.4668301932259,229.694291364879,7131.43616278505
49.607015606789,1769.54706443411,7131.43646030068
178.561873791513,44.1515227156408,7131.44270866005
183.560186596193,185.428797316867,7131.44295084755
191.703566807609,295.518526316485,7131.44334542568
197.025641281341,228.71057825391,7131.44360330068
205.394429303993,1472.85472706926,7131.44400880068
223.31418690153,449.465409335659,7131.44487708193
233.68004271129,640.821340436304,7131.44537934755
248.901678833567,2362.11272763853,7131.44611689443
342.515240709911,29.4786452192941,7131.45065283193
346.148530414221,128.219962425291,7131.4508288788
351.795011580586,65.73785960029,7131.45110247255
1.98254051924572,1255.09691528691,7131.45159609755
16.378003845448,350.649537184111,7131.45229361318
23.4078889567143,479.559336685753,7131.45263423818
31.4909669339176,104.930189537278,7131.45302589443
39.8068695925599,3037.35747664291,7131.45342883193
79.4999227527255,1027.5166273388,7131.45535211318
173.793255166902,38.1902426349612,7131.45992098818
181.431322058129,271.667299767131,7131.46029108192
185.497046427758,870.385985507482,7131.46048808192
201.076626226773,1189.17364844151,7131.46124297255
210.436370073191,147.759263158243,7131.46169648818
219.012507461716,1384.47708852851,7131.46211203505
237.984490539981,2506.35845411296,7131.46303130068
348.777414767568,27.8607224096783,7131.46839964443
354.496774513722,179.350881368556,7131.46867676943
0.492492589623037,194.431054589828,7131.46896728505
4.67269445447272,236.465680369946,7131.46916983193
11.0814988908703,1414.55003266344,7131.46948036318
24.4221570174277,60.1795349663981,7131.47012676943
31.554588189297,900.935104297673,7131.47047236318
41.526060994882,848.701664502016,7131.47095551943
56.921186912053,227.722618539872,7131.47170147255
69.8726215848911,2775.89395913935,7131.47232901943
167.309825956407,57.6684498765356,7131.47707536317
173.29264517494,64.1466116335643,7131.4773652538
179.599226100066,264.376659453447,7131.47767083193
190.720633295696,227.722618539872,7131.47820970693
194.41358032326,1323.19033507855,7131.47838864443
206.948381381314,878.636274848077,7131.4789960038
218.56865252476,76.0723775639072,7131.47955905068
229.454010409075,1289.12680530391,7131.48008648818
243.460250319099,2557.64986967222,7131.48076514443
347.23328609962,54.052630427126,7131.48579334755
352.58954258104,142.450357065727,7131.4860528788
2.82350743625496,307.239067520726,7131.4865487538
12.1361703800777,1311.32293912373,7131.48699998818
22.4971891511726,1307.64965522445,7131.48750201943
42.5794426246312,128.950572442221,7131.48847508193
48.7650965695411,2801.76504219298,7131.48877480068
177.364913308233,35.081024890582,7131.49500595693
182.30389130145,140.591649433475,7131.49524526943
190.622051204759,156.166898857002,7131.4956483163
194.556207131634,954.090473292979,7131.4958389413
207.249341882547,1485.05074903937,7131.49645397255
228.499910628123,665.672128530304,7131.49748364443
239.53070331039,1439.82681333199,7131.4980181288
345.389164184255,23.4931137044203,7131.5031473788
352.488058221855,44.2312401982559,7131.50349134755
356.37932537384,113.778771126949,7131.50367989443
5.39079965838956,185.631343629922,7131.50411653505
8.87736470529001,852.941661744211,7131.50428547255
14.7792434877904,22.8211980562998,7131.5045714413
20.4476526778931,515.51080071377,7131.50484609755
32.0879170371196,1407.73281920303,7131.50541011318
44.4308474557473,767.608310248136,7131.50600817568
55.1294941760104,720.748072335908,7131.5065265663
90.9019352527089,79.9853031030473,7131.5082598788
173.567257254068,32.7794909271706,7131.51226533193
180.791592836299,70.6291344854115,7131.5126153788
190.149401837218,242.11904703364,7131.51306880068
195.662379640249,341.968758865718,7131.51333592568
199.983179189305,241.186015603745,7131.51354528505
211.802415405671,95.951038781017,7131.51411797255
216.64497434903,1290.99109180686,7131.51435261318
227.084998673119,991.786652804194,7131.51485847255
359.437226062221,93.0178850611085,7131.5212906913
5.24365318007169,50.7354991352571,7131.52157203505
8.49578121182493,167.543257045821,7131.52172961317
19.0157785867386,724.492243975305,7131.52223934755
29.5025613391735,936.279165308918,7131.52274747255
44.2072751808926,947.133149686863,7131.52345997255
62.300522573324,341.748906951267,7131.52433666005
73.9391745988425,1935.71025874917,7131.52490059755
167.736222896741,146.994319494276,7131.52944542567
174.728056346864,136.523514715492,7131.52978420692
181.393548333937,1005.03516620165,7131.53010717567
192.171523118985,349.791140497047,7131.53062941005
197.041169711619,364.521191009715,7131.53086536318
210.09353803627,1913.21580800263,7131.53149780068
229.757868073027,1213.19987389512,7131.53245061318
260.639056932522,1009.80968031905,7131.53394692567
340.828440527359,33.8891796569651,7131.53783241005
357.388979523481,97.40860201779,7131.53863483193
0.464393017842113,226.896029742463,7131.53878384755
6.52299312195384,297.293412110378,7131.53907741005
15.1826506654281,619.351181452288,7131.5394970038
21.844595473295,1165.6839937757,7131.53981980068
32.3175119456132,1331.34425706061,7131.5403272538
51.1579265060435,604.614303068018,7131.54124014443
73.5526251802496,1862.25546094931,7131.5423252538
173.225109634955,34.6600699530075,7131.54715476943
180.784493447438,141.258268970823,7131.54752105068
190.430592212723,1162.58513926937,7131.5479884413
202.288847512982,965.367008554097,7131.54856301943
209.738590868908,374.888758924996,7131.54892398818
226.406513001838,68.4678910789494,7131.54973161318
231.262293239273,2016.0439984096,7131.54996689442
252.762132740402,2534.98178004463,7131.55100864443
342.37027244379,89.1500970268133,7131.5553505038
349.828722566918,223.054311132564,7131.55571189443
355.574847488097,84.3304800990374,7131.5559903163
358.64929355971,1240.64236661781,7131.55613928505
14.2633505204487,1001.4393758695,7131.55690359755
21.6257040679688,635.640096113832,7131.55726033193
30.1886200497947,242.584202725382,7131.55767523817
37.8154004924434,259.20918189648,7131.55804478505
50.3144072466423,3000.71367753674,7131.55865041005
90.798161185574,2030.30858791919,7131.5606120038
165.888298323917,48.2196678419644,7131.56425041005
174.404778389187,759.735163669006,7131.5646630663
186.435556099132,931.127730474657,7131.5652460038
199.584343511182,1488.28616097774,7131.56588311318
212.404209666185,799.829591446866,7131.56650428505
229.048591329047,2262.25971289296,7131.56731076943
347.887509332982,21.0268451955598,7131.57306897255
353.90741275237,70.4959979280773,7131.57336066005
1.17850676294637,74.0701180945713,7131.57371297255
7.19583046341729,216.73129957378,7131.57400453505
16.2898575177079,76.5647614753284,7131.57444517567
20.1904763853947,441.366249104291,7131.57463417568
25.7872968551656,1654.35132259972,7131.57490536318
54.1654596588643,1076.6638691706,7131.57628039443
76.8839200396625,1493.12606723129,7131.5773811913
169.184054320187,57.2187054681539,7131.58185348818
181.179360125446,922.043330575661,7131.58243470693
187.952880160286,543.057876445374,7131.58276291005
196.275877177342,245.509806928723,7131.5831661913
207.784250582024,1075.54642969632,7131.5837238163
217.362630242893,1732.46283985407,7131.58418792567
238.314267648943,389.055343497091,7131.58520311317
255.892527681397,1417.09799450496,7131.58605484755
343.581315216131,118.073814614483,7131.59030370692
354.153875480804,46.6601896009777,7131.59081598817
356.528235362095,83.3218424811655,7131.59093103505
2.25178719841425,822.071855033357,7131.59120836318
15.7262711250143,188.543777812633,7131.5918612538
23.4475357720225,1293.78241453537,7131.5922353788
35.7133954080733,1426.40155242901,7131.59282970693
54.8895031472547,133.883126807177,7131.59375886318
74.1784759728679,288.570223272444,7131.59469348818
179.568318501166,45.8221446897333,7131.5997852538
184.417971802938,162.649588242303,7131.60002023817
194.998593886314,756.563034443047,7131.60053291005
206.036803363703,899.599394976747,7131.6010677538
217.027609539329,237.891623067199,7131.60160030068
230.107710499295,1803.20447462634,7131.60223408193
254.150240051072,79.5141036347147,7131.60339903505
354.299660204612,54.8291655133593,7131.60825166005
357.166434511183,109.915042345587,7131.6083905663
5.89123132753503,294.244156817669,7131.6088133163
13.1178242670546,189.339321998716,7131.60916347255
21.2882920902044,1077.22220032969,7131.60955936317
34.1378257260203,1648.52620443412,7131.61018197255
50.4852108197741,90.8722055936728,7131.6109740663
60.0645579784736,120.202861553231,7131.61143822255
70.6545317024702,1768.18748531815,7131.61195134755
178.304323368819,497.104302166207,7131.61716739443
187.825948012223,870.385985507482,7131.6176287538
196.424335936276,1008.61818896902,7131.6180453788
207.471897166907,141.39123205581,7131.61858067568
217.705217036082,1539.90908913215,7131.61907651942
249.381621426462,2648.1974391146,7131.62061136318
342.460202576885,63.5580962859983,7131.6251213788
352.031165442632,167.655361815733,7131.6255851288
0.432845613512924,74.1968500528323,7131.62599222255
3.50858154458349,1103.68814087991,7131.6261412538
12.6474321817216,1359.05564579986,7131.6265840663
30.7445493402312,265.369753948974,7131.6274609413
39.9443471225408,225.733737257983,7131.62790670693
47.9819565683971,2111.59911778225,7131.62829616005
70.8084450345031,1099.86819651908,7131.6294021913
170.27809465021,40.6045960743562,7131.6342218788
180.694578579313,161.954991084734,7131.63472659755
185.530365600968,196.736640867279,7131.63496091005
189.61382594171,650.136111612909,7131.63515876943
198.295411584004,1116.14728570686,7131.63557942568
216.707261170113,1198.2399517052,7131.63647155068
235.820486881084,948.401912559405,7131.63739766005
252.885694211355,2035.04124662857,7131.63822453505
339.314825520727,30.9364478479068,7131.64243861318
344.055805826233,66.1296920001497,7131.64266833193
355.734121846603,202.385733172328,7131.6432341913
0.419314557391761,243.357500817609,7131.64346120693
5.69430816606904,1169.80314324167,7131.64371680068
21.5228361713074,1156.36256126095,7131.6444837538
39.2726511531567,1808.5315467431,7131.64534380068
49.2212285122546,358.701762737113,7131.64582584755
57.4171716509709,64.693479739919,7131.64622297255
82.8221445091204,156.64740338206,7131.6474539413
184.446873168087,47.7055062120257,7131.65237805068
186.671928560428,319.471060716836,7131.65248586318
192.533498324496,119.024762268438,7131.6527698788
204.153446993693,197.499197551743,7131.65333291005
210.616749127808,1387.08033947665,7131.65364608192
230.877007035657,1367.87503546287,7131.65462776943
250.677097717955,933.062849206578,7131.65558716005
347.031992281158,46.1031837706294,7131.66025592568
353.583006810551,89.6230450964097,7131.66057334755
0.197548241572232,149.277382122115,7131.66089384755
5.72503727321925,243.974396241242,7131.66116167568
13.7881219971015,849.409764747122,7131.66155236318
23.2068782182743,1053.51927182085,7131.66200873818
35.7613500553992,1038.57489275327,7131.66261705068
51.8620442626785,296.280472378285,7131.6633971913
60.552659146424,2999.11007139997,7131.66381828505
176.411615245566,343.065881258653,7131.66943209755
183.800733968111,120.359069932796,7131.6697901288
191.116006650576,929.835375362842,7131.67014458193
201.970407232161,1568.5357457329,7131.67067051943
216.134335849004,364.314939327315,7131.6713568163
227.717845153224,1596.64936827397,7131.67191808193
253.849991963592,803.579314201386,7131.67318428505
350.3167843031,90.4577315830046,7131.67785847255
354.070033489796,101.285653475447,7131.67804033193
7.13884788856232,573.482650256807,7131.6786735663
10.9369206581055,115.499686204057,7131.67885759755
19.6365647833029,1272.22565815543,7131.6792791288
31.3949236378879,67.3263875206054,7131.6799062538
42.29382532807,1371.38689293437,7131.68043434755
68.8845269927409,1846.69313174624,7131.68172276942
174.940985554318,296.53404731711,7131.68686161318
182.271414413899,195.491151044891,7131.68721680068
186.731521750161,68.8441803564643,7131.68743291005
193.401528376731,1443.99658896788,7131.68775609755
213.27256279332,1333.14947969865,7131.68871892568
224.571007038131,909.569419782486,7131.6892663788
242.281802973629,1536.7823680279,7131.69012453505
343.045854392124,27.3931571870278,7131.6950069413
354.19305937757,206.793915324965,7131.6955470663
359.670242801665,80.4537408916062,7131.69581245693
3.48379426011372,161.954991084734,7131.69599723818
11.8454878492714,344.595962875616,7131.69640239443
17.9824485578778,54.1828248934451,7131.6966997538
20.8708284139375,1344.824362981,7131.69683970692
37.0940619351406,1346.61148898374,7131.69762578505
57.569086041525,365.961566606288,7131.6986178788
87.1465214951524,1876.40747384421,7131.70005101943
175.2322718656,230.510832643915,7131.70431911318
180.033876879568,117.595461146536,7131.70455176943
187.213066442242,312.81469081712,7131.7048996288
196.381262010862,1518.67873832146,7131.70534386318
204.904513997837,600.623384361398,7131.70575684755
216.487055916848,1292.85260275225,7131.7063180663
231.326240469569,67.9514014501059,7131.70703708193
239.17068934146,1935.71025874917,7131.70741717568
355.491747549192,41.2644120262318,7131.7130533788
356.935776240097,58.9971127507027,7131.71312334755
2.63159555372399,246.578896190286,7131.71339933193
10.3605995076444,1176.97662727068,7131.71377383193
23.491328511872,187.744861324113,7131.7144100663
27.7331224703927,252.0054998012,7131.71461559755
43.695798787464,1611.64170897621,7131.71538905068
57.2415489601458,1904.39619629501,7131.71604539443
177.546554479761,63.8898031701807,7131.72188417567
185.868584111608,817.671763631012,7131.72228741005
194.576289942886,658.863130720277,7131.72270933193
204.314615667864,1077.22220032969,7131.7231811913
214.436682821856,70.2289684739732,7131.72367164443
221.723900432297,1598.15494171767,7131.72402473818
237.864903658009,2104.75459283543,7131.72480683193
355.510998421929,98.5591469548908,7131.73050723818
359.294882437106,216.210521708504,7131.73069058192
15.2078981326652,1042.61954625429,7131.7314616288
24.0313713186229,1282.58059728381,7131.73188916005
34.559108000449,384.977272283038,7131.73239926943
48.3531614683946,102.300848348058,7131.73306764443
54.6520030115269,222.885779277426,7131.73337284755
67.0861929670981,3061.01943792214,7131.73397533193
173.005923422844,44.1249189964132,7131.73910755067
177.831391343589,633.270935690433,7131.73934136317
192.252329985358,1391.40821087125,7131.74004011317
205.251490546832,1175.95455595421,7131.74066997255
214.062064875422,579.22028284807,7131.7410968788
231.417496853097,2567.0356951224,7131.7419378163
353.215738522465,43.8847465311643,7131.74783941005
357.88351773639,82.2437465353154,7131.74806558193
9.99168862808062,539.168931723566,7131.74865226943
17.92191501221,448.461018320856,7131.74903651943
31.2558012170636,1103.14313239712,7131.74968259755
39.7397116458953,1975.06810906134,7131.75009367568
63.6574446390819,399.914795723433,7131.75125258193
90.091102582973,41.3780849861656,7131.75253339443
170.280486102729,26.3442236775324,7131.7564188788
182.063282991659,78.2637149532306,7131.75698980068
186.748798214239,209.3225037747,7131.75721683193
191.48365154654,231.161992325646,7131.7574462538
200.932397572613,789.99679020697,7131.75790408193
210.780363716606,1105.32116792683,7131.7583812538
220.335202982488,273.871564315797,7131.75884422255
233.020920863199,160.556803963097,7131.75945889442
236.585846589675,1545.36561325358,7131.7596316288
1.92213199335325,83.4345162403771,7131.76572634755
5.09912416310915,159.500107566046,7131.76588028505
10.4686019761459,832.970303843439,7131.76614045693
26.2026457770247,297.798591342158,7131.76690283193
30.5872947394993,1146.96530051361,7131.76711528505
43.2410879698112,1543.02937094286,7131.76772841005
85.2143391685353,129.459540310073,7131.76976217568
96.4708620987473,150.904760909398,7131.77030759755
172.857980683713,47.0611466463211,7131.77400884755
184.249296836717,208.783240696064,7131.77456080068
187.673302329657,233.748492783903,7131.77472670692
197.519656139942,239.779668342877,7131.77520380068
204.013270665829,981.426717672207,7131.7755184413
212.492988966955,1406.02340881202,7131.7759293163
234.746445008456,184.718157436592,7131.77700758193
245.505716437181,92.9673699134881,7131.77752891005
258.384272455148,2090.9978193373,7131.77815292568
338.033193299359,23.9877596952542,7131.78201222255
343.29367567942,124.653481980985,7131.78226711318
350.040753051026,71.0931521985536,7131.78259403505
356.257041786877,139.787487141163,7131.78289523818
1.80387916088575,1249.33519085602,7131.7831640038
11.8324294581864,20.8867576012572,7131.78364992568
22.0634920451542,812.508227365782,7131.78414566005
31.6479987918494,974.047509316733,7131.7846100663
38.9761702941414,70.2958247167373,7131.78496514443
45.4968724693029,332.836064265152,7131.78528109755
55.1984363550546,2090.9978193373,7131.78575117568
75.8421132552092,323.677862290594,7131.7867514413
175.188578646034,35.6125892664316,7131.79156516005
182.461929976359,181.951051447804,7131.79191758193
186.902044096841,123.136958962711,7131.79213272255
193.639124841786,341.08854629622,7131.79245916005
202.503551994676,1393.13560687526,7131.79288867568
218.762902331524,999.034965865064,7131.7936765038
233.711082354761,1626.49593793418,7131.79440080068
261.860935154057,787.710230376604,7131.79576476943
350.867020050689,110.681602771834,7131.80007745693
354.143978411968,46.382522822519,7131.80023623818
0.306736872850184,254.084531192689,7131.80053484755
12.3497685292037,1086.11575289075,7131.8011183788
20.3857656038114,298.55476424423,7131.8015077538
29.4291646138409,59.670025864822,7131.8019459413
33.2278823318834,135.626010422385,7131.8021300038
37.9079154922174,1773.61958453304,7131.80235676943
71.3814053904306,1018.11126196338,7131.80404945693
78.9327273842103,194.913626905269,7131.80441534755
169.538917307318,78.7423945491916,7131.8088055663
181.145644607356,323.909982169468,7131.80936795693
188.655690197495,232.781932618664,7131.80973184755
193.168038061889,479.559336685753,7131.80995048818
205.929536790637,1127.93596684924,7131.81056883192
223.533272063576,750.57904336262,7131.81142180068
233.083919201752,1453.12806232312,7131.8118845663
350.364975930521,27.776295152826,7131.81756728505
0.0800836972206387,92.5622842262719,7131.81803801943
5.04421449421394,199.769367714708,7131.81827855068
11.1002348043278,232.781932618664,7131.81857198818
18.7986039297673,1093.83835322774,7131.8189450038
27.9832455349613,99.1293991337017,7131.81939003505
34.8035240356881,1153.23861571426,7131.8197205038
58.7280289130378,1770.90564434934,7131.82087973818
183.542349227763,214.815595867002,7131.82692747255
188.110162212624,190.131549393513,7131.82714880068
199.321539085739,1244.51338123777,7131.82769203505
208.566160488437,999.636595722109,7131.82813997255
224.345027872163,209.681244589532,7131.82890451943
234.705724131467,1758.6406775294,7131.82940653505
262.041335644389,2479.3453956562,7131.83073105068
341.756685696017,20.7881368369245,7131.8345935663
345.501550627301,140.591649433475,7131.83477501943
351.033554223363,250.659853984203,7131.8350430663
359.33397823064,94.520689886135,7131.8354452538
3.19364313139507,1189.17364844151,7131.83563226943
12.6569004236247,1393.13560687526,7131.83609080068
24.236217600139,783.884512856048,7131.83665186318
41.7554652578381,117.435575153202,7131.83750073818
45.9118042159106,1803.20447462634,7131.8377021288
68.0614243373503,3076.69312249459,7131.83877536318
170.745150398749,39.5497523619781,7131.84375078505
176.38095816486,251.856341337842,7131.84409955068
183.08159958237,868.311145207912,7131.84442422255
200.07521822985,1678.88303259645,7131.8452476288
217.031752563854,1647.06659422365,7131.84606923818
237.854401246067,893.564000570279,7131.84707817568
258.991137520002,2732.2313300715,7131.84810233193
341.287874231922,51.3337601593111,7131.85208992568
348.087192019038,160.205335109076,7131.8524193788
354.218670702939,195.395019608746,7131.85271647255
1.28273782189287,1087.77531426796,7131.8530587538
11.5379858274282,1171.85716685952,7131.85355566005
20.0934849765915,341.528916258937,7131.85397020692
30.0223915566181,68.7417622824427,7131.85445130068
33.2442072716807,246.883513632667,7131.85460741005
44.8622210578381,2646.3806701571,7131.85517034755
189.972916096058,242.893816171375,7131.86220151943
194.732277321176,94.1721770009174,7131.8624321288
206.578278675027,1403.45524091146,7131.86300611318
215.369504736336,117.595461146536,7131.86343208193
222.669943715935,582.325965226005,7131.8637858163
238.30273135321,1217.15804102251,7131.86454328505
349.209810601768,31.667998084961,7131.86991716005
356.007838529426,72.4673793195407,7131.87024655068
3.88904916546096,127.926558235458,7131.87062842568
8.97249449634014,285.953954959339,7131.87087473818
17.4631768468757,1053.51927182085,7131.87128614443
28.6345672508892,957.236179210952,7131.8718274413
47.3095537975875,1083.34441417668,7131.8727323163
69.4201547975936,1714.32135154248,7131.87380366005
173.412877813847,78.0232684016724,7131.87889341005
178.127353838167,265.086397277514,7131.87912211317
188.66333990629,725.321636085852,7131.87963322255
196.900225658154,1150.10623247258,7131.88003280068
212.82354013448,1361.70741349417,7131.8808052538
235.678941424734,997.830595927951,7131.88191398818
273.798654801884,2277.09406885879,7131.88376320693
343.955159232156,30.5929101496183,7131.8871923788
346.185975750202,195.29883266145,7131.88730059755
354.389041773462,152.268198050365,7131.88769853505
2.86492055659981,230.836641468279,7131.88810970693
6.30938373311177,195.202604080791,7131.88827680068
10.65763997452,1246.44428112219,7131.88848773818
23.7342960417698,58.1147109601776,7131.88912209755
26.3252125655291,1732.46283985407,7131.88924778505
44.1340598351694,1028.68635831754,7131.89011170693
67.525746062864,1712.91780759475,7131.89124645693
170.231559350348,61.9108445065741,7131.89622880068
179.660189453463,889.517626223579,7131.8966861913
193.464775786889,289.869517278163,7131.89735586318
196.990728490053,829.353419273815,7131.89752691005
210.609467176431,42.7735555308395,7131.8981875663
213.998208242132,1505.95669268228,7131.89835195693
224.791224502621,1093.83835322774,7131.89887553505
250.224336513204,1330.44075756317,7131.9001093163
353.085398636738,189.636792380377,7131.9050991913
2.66186949165764,171.313727093114,7131.9055637538
8.0179548978416,84.1632180614837,7131.90582358192
13.8520264790624,30.5544999024132,7131.90610659755
16.3720825905119,1217.15804102251,7131.90622884755
27.3970058185452,1289.12680530391,7131.90676367568
49.5737570432292,317.583459530368,7131.90783948818
57.6209300019219,1785.7817447009,7131.90822986318
178.73500572904,37.4449984907876,7131.91410520693
186.034922765934,307.727926474044,7131.91445933193
192.832696764496,249.608222979703,7131.91478909755
196.949046038359,183.288578758933,7131.91498878505
206.61022730004,1470.40335463089,7131.91545745693
220.74592534323,1120.44840072656,7131.9161431913
238.574742347023,1497.95043036249,7131.91700808193
349.577028643304,78.5034190431411,7131.92239289443
353.05563364393,38.0670495125912,7131.92256164443
3.02054864698956,116.067655486773,7131.92304505067
8.21687595497282,212.529327470179,7131.9232971288
15.1489627314046,1076.6638691706,7131.92363341005
20.6770459026752,1063.7423164539,7131.92390158193
33.5733298340615,58.0338277433867,7131.9245271913
43.5308367528749,212.706074975699,7131.92501023818
49.0279989426444,1780.38672693503,7131.92527691005
179.611398988488,77.5401479136129,7131.93158742568
189.130215084542,210.039360903913,7131.9320491913
192.494799211954,707.699843172094,7131.93221241005
207.972014781275,1351.95865613724,7131.93296322255
226.903356317422,1026.34578613703,7131.93388159755
234.558864135376,1060.34558911006,7131.93425297255
353.258530290979,40.7201147800684,7131.9400111913
356.778041121434,71.5541584317414,7131.94018192567
3.54199535389516,161.373886475857,7131.94051005068
9.81379139635119,219.316662053437,7131.94081430068
14.2358069471582,294.244156817669,7131.9410288163
21.7872787027296,937.562694147687,7131.94139514443
32.1989368038146,1352.84783375766,7131.94190022255
46.9958918675105,807.311772987873,7131.94261803505
66.308591600558,1400.88252109649,7131.94355491005
171.217199321675,119.103657492126,7131.94864411318
183.700559958633,1038.57489275327,7131.9492496913
197.738341679141,1160.51468435074,7131.94993067568
217.684598518786,88.7805037819156,7131.95089828505
223.069028104893,1617.59972083786,7131.95115948818
252.892590606251,1528.15082810065,7131.9526062538
347.165363475991,106.264663735089,7131.9571795038
349.662550956199,23.6053121493995,7131.95730064443
356.628457498731,198.637523096679,7131.9576385663
2.88543726020544,1003.8380127142,7131.95794209755
13.9496558780132,156.767321346507,7131.95847883193
21.6766682992979,1489.90120241166,7131.95885367567
42.2529391574311,313.534642693014,7131.95985184755
46.9422919569309,295.772711877973,7131.96007933193
52.3656948373017,173.168174244509,7131.96034242567
65.1991706316445,565.564928223239,7131.96096498817
93.9253620913157,2264.38467976209,7131.96235851943
173.781571770233,376.68870800367,7131.96623241005
179.236861918636,278.227607619641,7131.96649705068
186.045909147566,154.959087228512,7131.96682736318
193.57902988172,1397.44482652304,7131.96716209755
207.40165345123,858.562387850981,7131.96783264443
215.799907816342,1172.88290191198,7131.96824005068
235.579320419065,367.600838657722,7131.9691995663
250.39624525441,2314.80390411321,7131.96991834755
347.299552095698,79.0401008532449,7131.97461920693
354.465800583239,141.39123205581,7131.97496684755
3.03573054293468,182.672474369205,7131.97538258193
8.35767412500461,1209.22860613604,7131.9756407538
22.9443023953633,1158.44056569614,7131.97634836317
35.351004938323,489.793594571353,7131.97695022255
59.2412911912346,2808.62377799451,7131.97810916005
174.089046499571,101.378370975791,7131.98368051943
182.303063620193,50.7354991352571,7131.98407898817
186.459030341845,1024.58685979911,7131.98428059755
200.466213251355,335.758698621902,7131.98496009755
208.00480126151,955.350021314416,7131.98532580068
223.607633179911,1816.49284503038,7131.98608270693
242.712582883703,932.418253718481,7131.9870095038
358.373301072976,47.9020330346192,7131.99262030068
0.399910574882671,263.807475864297,7131.99271861318
9.06518013067405,185.428797316867,7131.99313897255
14.8415969905259,1080.56585901295,7131.9934191913
24.9788318166857,298.302910151094,7131.99391095693
32.7055222174532,529.321586562048,7131.99428578505
46.5938527461027,137.620123630278,7131.99495951943
55.3586490271332,1563.16015686997,7131.99538470693
178.002666766506,40.6045960743562,7132.00133426943
182.479760237103,264.234495395144,7132.00155145692
193.401935859788,372.071540244434,7132.00208130068
201.28516344115,1163.6190899722,7132.00246372255
212.601903026669,295.264090954817,7132.00301270693
225.754573071889,887.487583423052,7132.0036507538
233.861655308033,1361.70741349417,7132.00404403505
351.235621700232,43.1834047687207,7132.0097189413
1.27816112131651,131.046284934655,7132.01020611317
7.14218736001121,211.998224530774,7132.01049058193
13.1092833370614,24.6636044920479,7132.01078005068
17.0575000669544,654.284515455572,7132.01097158193
26.7959836136536,1298.42125939916,7132.0114440038
40.4124676314599,934.993971135611,7132.01210455067
66.576408805308,348.4996180525,7132.01337378505
83.8515478640935,1812.51658126769,7132.0142118163
174.81578085024,117.595461146536,7132.0186245663
177.685630023565,355.122015127662,7132.01876378505
183.721976010367,1112.91043047856,7132.01905661318
196.81119365253,330.342891929902,7132.01969158193
205.596925991741,1299.3470743794,7132.02011778505
226.285929341047,2335.49068973105,7132.02112142567
250.699294765465,632.320806825959,7132.02230573818
346.921052756583,66.6602884002998,7132.02697353505
353.584835997792,90.975525723902,7132.02729680068
2.42242533918679,94.5703793053809,7132.02772551943
5.69907799224531,340.206030013945,7132.02788447255
12.711043855274,320.410670218152,7132.0282246288
21.6694180755987,81.3825326573259,7132.02865920693
27.2973500676189,1632.39965988993,7132.02893222255
59.7588546622672,1092.18811772394,7132.03050695692
78.0443996874069,1698.81952949424,7132.0313940038
159.752966547062,31.9449015850903,7132.0353577538
173.627125023247,188.344354001835,7132.03603080068
179.567809355939,813.24796896709,7132.03631898818
187.865892842288,985.705739253717,7132.03672153505
202.102083859751,956.607904001316,7132.03741214443
214.968735229174,1625.01645473156,7132.0380363163
228.602290196534,346.986744892419,7132.0386976913
243.273306853136,1896.80382511881,7132.03940939443
349.208103070624,153.863963237022,7132.0445483788
355.794906084827,104.031026848528,7132.04486791005
4.13840466315587,84.7749162535827,7132.04527266005
6.84817360527298,925.298004883501,7132.04540411318
15.5917116951168,1433.96872154256,7132.04582826943
34.6451265297312,316.635467845217,7132.0467525663
41.0245016101896,197.308835936383,7132.04706203505
49.4501339061904,1553.12740446334,7132.04747076942
187.67522199777,249.00531636618,7132.05413361318
191.333877038749,175.431905113932,7132.05431109755
202.330134028846,170.764458129469,7132.05484453505
209.67900924583,1440.66181206881,7132.05520103505
224.350347997942,819.874834689927,7132.0559127538
244.34524088467,1350.17863556186,7132.05688272255
352.144633799795,72.9196980575608,7132.06211216005
356.719321460067,109.31511251755,7132.06233408193
3.17825356910823,248.098180888334,7132.06264741005
9.69709495560096,601.623584284283,7132.06296364443
18.5578749862514,1374.01501287826,7132.06339348818
34.3401126789918,790.757459512292,7132.06415909755
52.0726239126479,584.387316315826,7132.0650193163
64.1598100342268,838.72497835813,7132.06560567567
96.6638310112486,1701.64859980559,7132.06718247255
169.304834060032,80.8032876720155,7132.07070634755
176.347720904562,199.957397861716,7132.0710480038
182.452028556571,209.142897444892,7132.0713441288
184.984968338445,917.467435357366,7132.0714670038
198.17757785197,911.550335214173,7132.07210698817
213.061175970482,684.816037210823,7132.0728290038
222.601250257723,1973.84997235872,7132.07329180068
267.424364323868,1747.66623395328,7132.07546620692
347.737946215153,265.086397277514,7132.07936228505
353.473135187162,142.318379303674,7132.0796405038
357.602690264456,93.722189731249,7132.07984083193
4.33346884684424,1443.99658896788,7132.08016734755
20.9612009170707,1154.28089308978,7132.08097397255
32.7488405389045,855.053750026258,7132.08154580068
45.558159319965,270.83610354417,7132.0821671913
55.0212533802015,261.230925779898,7132.0826262538
71.8409528371778,156.40734540856,7132.0834421913
178.710141043049,30.264880879205,7132.0886265038
185.180668440473,80.6287051013932,7132.08894039443
191.948487781561,175.538986124657,7132.08926870693
195.732437038613,176.712450228322,7132.08945226943
203.779287864299,284.1082091809,7132.0898426288
209.472282661934,808.799860418929,7132.09011880068
225.137196132339,904.265773371549,7132.0908563163
238.809080165446,165.171445964951,7132.09151955068
256.765768111898,1565.46631213672,7132.09239064442
350.263585108434,114.519470295615,7132.09692630068
357.634362632632,71.0931521985536,7132.09728386318
1.99968982359383,262.95143840116,7132.0974956288
8.14522540094259,1177.99792143103,7132.0977937538
22.5898106761781,450.467552148837,7132.09849447255
30.3087707846996,156.527429906461,7132.09886892568
35.7737236859201,2262.25971289296,7132.09913403505
61.1524019677331,78.2637149532306,7132.10036517567
72.6272892488945,2070.19135167741,7132.10092183193
174.647366482072,298.302910151094,7132.10587091005
183.699469745948,236.941938291935,7132.10631003505
192.624024200173,206.065775554265,7132.10674297255
196.984519995977,1433.12983702515,7132.1069545038
211.980850680655,1494.7360016393,7132.10768198818
228.976412936352,126.968296987329,7132.10850645693
238.639204675584,1944.38776190964,7132.10897520693
350.545606169768,22.0757613578204,7132.1144038788
356.93367775401,163.80069522981,7132.11471376942
9.96169777417823,151.64998423689,7132.11534576943
12.9716573695644,1125.801785129,7132.11549178505
20.5302151888649,542.50404168954,7132.11585845693
34.9020074037357,323.213150688062,7132.11655564442
41.923958152589,1684.60323468622,7132.11689628505
73.6333755427716,153.619533760363,7132.11843453505
176.007432929471,36.2336896597704,7132.12340078505
186.500258499194,99.8846838573542,7132.12390980068
192.503428910916,243.048470238705,7132.12420101943
205.104353509198,992.392723553337,7132.12481230068
210.939391339453,569.801428262906,7132.12509536318
223.940677619752,1356.39866005732,7132.1257260663
244.766570586004,374.487607590623,7132.12673634755
349.948098105637,24.7586465218497,7132.1318294413
357.442881501363,115.905667008587,7132.13219301943
2.94616346833043,97.0704627789587,7132.13245998818
10.596195700107,189.735852029749,7132.13283109755
20.0209606196031,455.445237079743,7132.13328830067
24.0806215336215,114.928913608203,7132.13348523818
30.3392117351504,1383.60822798944,7132.13378884755
49.7820370794281,456.104848334249,7132.13473203505
64.0198386494355,96.0488980017438,7132.13542272255
77.7448679917749,1906.92017731919,7132.13608853505
174.592130664238,35.8426656410504,7132.14078667568
176.241569210878,315.922593641105,7132.1408666913
181.417604651702,191.999957599442,7132.14111778505
194.807013059624,1367.87503546287,7132.1417673163
206.829458508595,1028.10171487278,7132.14235053505
218.637390035084,326.682458862138,7132.14292334755
239.406916662008,2082.93093884038,7132.14393089443
273.006053937152,1326.82054232447,7132.1455608163
345.309181495436,70.2289684739732,7132.14906830068
351.440867003341,191.608132138477,7132.1493657538
356.223948883889,158.317733922608,7132.14959778505
4.15484626329883,528.753318906894,7132.14998251943
10.6021830089647,1220.11822867307,7132.15029528505
24.7095368347351,1460.55667560319,7132.15097964443
38.4741836623592,80.9194655726486,7132.1516473788
53.1526084782008,965.367008554097,7132.1523594413
65.1467097472489,2151.09285939263,7132.15294128505
173.92913069784,121.678750408805,7132.15821841005
177.265048474826,337.099043123956,7132.15838023818
189.031429980466,89.3080262520662,7132.15895103505
192.392471057265,1307.64965522445,7132.15911408193
200.286005619962,1023.99977386369,7132.1594970038
220.025156546379,533.282307202398,7132.1604545663
229.839332013035,1828.36978890322,7132.16093066005
248.012144397015,378.08275954454,7132.16181223818
354.317669734557,97.6494163307251,7132.16696920693
359.429930751807,90.6133848510571,7132.16721720693
6.53530360037337,294.75458185324,7132.16756189443
13.5939729374225,917.467435357366,7132.1679043163
21.4755900787301,273.459588306935,7132.16828666005
30.9200026743654,57.4235728412198,7132.1687448163
36.1578800031982,193.073418364165,7132.16899891005
42.9411597787915,1878.96920245123,7132.16932797255
99.1489750956632,492.852869626859,7132.17205466005
178.769169699564,46.735632724948,7132.17589936318
182.840748034972,272.771638609726,7132.1760968788
187.545239210963,241.652975407902,7132.17632509755
199.461071870966,113.199324913715,7132.17690314443
205.078696919148,1501.9588905929,7132.17717566005
224.211990765366,1060.34558911006,7132.17810383192
246.147172232191,1371.38689293437,7132.17916792568
354.200696555082,46.0267102209144,7132.1844096913
357.947927148945,103.306058152342,7132.18459147255
2.42695326759701,157.245994003574,7132.1848087538
12.1490100932597,291.936336216381,7132.1852803788
16.771367589076,769.564023617164,7132.18550461318
26.090163948121,1460.55667560319,7132.18595667568
38.4379233501741,67.5701300467679,7132.18655567567
53.8787424643059,209.501943571055,7132.18730472255
60.664276908471,1144.86653490786,7132.18763389443
80.9909255834923,1887.90760802249,7132.18861995693
164.506756627416,64.2563571795485,7132.1926713788
174.865913535296,314.491988007148,7132.19317391005
179.24702329377,404.771466344656,7132.1933864413
186.8709659767,509.645825541583,7132.19375628505
195.980723924448,1380.12756778494,7132.19419820693
212.258340799793,1205.24434876756,7132.19498784755
227.27882842276,542.226874511442,7132.1957165038
237.36195161566,1914.4723584219,7132.19620564443
345.098214298232,23.6550085075393,7132.20143201943
353.550902392114,95.9020710067371,7132.2018420663
5.2151803709363,202.756741951582,7132.20240791005
9.48001455012806,1011.59436383114,7132.20261480068
15.5076640331464,297.293412110378,7132.20290720693
24.207397508562,58.6377335576316,7132.20332923817
30.9291575666495,1598.15494171767,7132.2036553163
54.4773810124353,630.416219227214,7132.20479766005
71.3727723518718,847.992898123096,7132.20561726943
177.17873134017,84.7749162535827,7132.2107500038
179.990603696615,105.019680451957,7132.21088641005
184.307616936005,153.863963237022,7132.21109583192
193.53783770467,813.24796896709,7132.21154359755
202.388954907509,830.078061841988,7132.21197297255
214.726407440717,1313.15569529278,7132.21257147255
234.773868850422,748.573703024391,7132.2135157538
263.833426613436,1575.42046075321,7132.21492545693
342.976200174152,37.5389615225874,7132.21876473818
347.398215762455,92.2063675412588,7132.2189792538
351.631162711112,235.829161754353,7132.21918459755
2.49761618548868,964.744062414979,7132.21971173817
11.6769462759959,548.017409229828,7132.22015703505
18.3958074744912,314.013676172564,7132.22048297255
26.4574745811588,1620.57045560715,7132.22087405068
52.8381843835562,1563.16015686997,7132.22215380068
69.3216187150947,1849.29593860517,7132.22295342568
168.652218835818,57.4235728412198,7132.22777203505
173.786704293289,134.163499754258,7132.22802111318
183.396350648296,899.599394976747,7132.22848728505
190.265629287684,991.180248988144,7132.22882051943
208.555361479464,108.625414219077,7132.22970776943
211.148854804802,1510.73997756157,7132.22983358193
227.676737941789,360.165453017203,7132.23063536318
240.960821942784,2402.49353744559,7132.23127978505
344.41517949661,33.153511186379,7132.2362984413
358.419463546528,164.601693386501,7132.23697780068
6.61254464646728,962.247947988715,7132.2373752538
16.0530921709725,326.452309629133,7132.23783322255
24.8980896341104,47.8038685025606,7132.23826230068
27.8838922537106,2382.38873073726,7132.23840714442
54.8959044566373,530.739507897948,7132.23971751943
64.4765624781973,967.233737547701,7132.24018228505
174.647526561947,75.0153342221616,7132.24552676943
182.247634364601,110.426674748698,7132.24589545693
185.777774271901,115.499686204057,7132.24606670693
195.809684653637,1126.86937558948,7132.24655336318
212.620365511319,55.8897858549123,7132.24736886318
215.30952045327,1397.44482652304,7132.2474993163
254.720182773904,1664.49642957645,7132.24941116005
341.169959510236,63.5211327981722,7132.25360491005
352.539200213967,36.0712779090555,7132.2541564413
359.313793595789,113.613521368627,7132.25444472255
6.4697350644984,1213.19987389512,7132.25479186318
17.0521025111326,112.115254580214,7132.25530522255
26.3267720852459,1297.49477828511,7132.25575514443
41.9914458541592,98.939675896581,7132.25651505068
48.2152500030571,2050.34700329065,7132.25681697255
185.280018137389,60.0623370483611,7132.26346609755
188.208166110614,672.4121814905,7132.26360814443
199.653420829812,279.306022754611,7132.26416336318
210.746949951569,227.722618539872,7132.26470151943
214.845906180369,1452.30028003596,7132.26490036318
226.220300412264,1432.29050841853,7132.26545214443
272.746964695805,934.993971135611,7132.2677091913
345.971278326553,211.110087744437,7132.27126136318
354.316387382433,90.0935090419885,7132.2716661913
358.01820284682,67.6396161303217,7132.27184576942
3.00839060309919,546.094058861968,7132.27208784755
10.3324646532762,403.283323402448,7132.27244314443
16.5707629876457,613.988693221046,7132.27274576943
30.3904877350604,1638.28228760821,7132.27341617568
47.5567593363058,91.1302977524286,7132.27424892568
54.4166972433936,241.497433162152,7132.27458170692
80.8644024244674,1881.52737834457,7132.27586470693
170.188215463268,156.767321346507,7132.2801978788
179.037400130543,64.3659153753973,7132.28062716005
185.818747370571,1058.6431731241,7132.2809561288
197.926547492316,830.078061841988,7132.28154348818
203.968691160806,245.509806928723,7132.28183659755
215.312164448697,73.5610392044173,7132.2823868788
221.853230237914,1876.40747384421,7132.2827041913
236.029834110932,1554.67505535967,7132.28339191005
354.975257266027,127.411456385396,7132.28916205067
2.41399645543231,83.4907906699378,7132.28952291005
6.59540853491098,506.984509929254,7132.2897257538
10.7745659833144,1175.95455595421,7132.28992848818
33.0833753172971,1517.88681623799,7132.29101070693
40.6931459102648,382.627429740268,7132.29137986318
52.8086762867595,105.999112265387,7132.29196759755
68.3367825342378,1619.08586537862,7132.2927208788
174.770044593134,50.0832222916081,7132.29781189442
181.016395277763,920.085008182525,7132.29811491005
196.379912031883,938.844335607314,7132.29886020693
203.753266282666,75.8249921184451,7132.29921789442
208.708990119321,1329.53659193191,7132.29945830068
228.748976002518,206.975561689582,7132.30043045693
235.814409270289,1714.32135154248,7132.30077320693
350.439920363898,22.6921918755618,7132.30633378505
356.034676780839,176.712450228322,7132.3066051913
3.92048108878627,87.8229919343276,7132.30698773817
12.7313366903136,200.894828550346,7132.30741516005
17.6670907553193,1197.23597702404,7132.30765459755
26.4161044313408,783.117126701427,7132.30807901943
44.3528226436396,587.977277977103,7132.30894914443
62.0054547906988,2018.42831337729,7132.30980548818
172.58418867821,118.86680528761,7132.3151697538
185.963290067301,117.755125095265,7132.31581878505
190.427499867474,1081.67808043902,7132.31603534755
198.066903022406,183.595846858786,7132.3164059413
208.284661088686,795.30643182224,7132.31690161318
220.999284539665,1683.17504378734,7132.31751841005
246.738062864688,1402.59814873644,7132.31876701943
352.855485849114,203.127056841446,7132.32391486318
0.285850555252498,189.933790917252,7132.3242753163
3.3354276359235,124.276075541552,7132.3244232538
10.4031156097632,1334.95225984603,7132.32476611318
26.3038835878545,116.471651767647,7132.32553747255
30.0775258260753,1196.23111416445,7132.32572053505
51.2242234832593,882.732498208583,7132.3267463788
66.7706890998286,338.211958439416,7132.32750055068
83.6209874052992,1563.92920835913,7132.32831797255
166.415007847755,39.7275060071145,7132.3323343788
173.095862076014,132.614044745516,7132.33265847255
182.851416609763,1021.05979227218,7132.33313172255
193.913702692006,744.143080488868,7132.33366836318
202.950023388369,1119.37470403944,7132.33410672255
221.178235825147,1405.16787094924,7132.33499098818
241.866595020929,1458.08476403886,7132.33599459755
350.612012432851,57.7498431020285,7132.34122580068
353.406491781729,82.5288240524635,7132.34136136317
5.89758267343576,297.546098870782,7132.3419673163
10.2355320085023,363.075070008989,7132.3421777538
14.4349812865687,953.460088659597,7132.34238147255
26.5872302137628,81.5555054045625,7132.34297098817
32.1639494321155,1360.82412005578,7132.34324151943
51.0749991385998,2312.7251225219,7132.34415891005
180.488446696611,94.7688455488205,7132.35043686318
186.336046139276,84.8856540613951,7132.35072053505
197.98067644196,943.316647017411,7132.35128542568
205.662273771265,1222.08776431876,7132.3516580663
221.641310395898,329.659632924972,7132.35243322255
232.579268548599,116.713375075683,7132.35296383193
239.504591356812,1569.3022437091,7132.35329978505
263.023826469151,2396.47990341041,7132.35444072255
339.77087184796,83.2090160662879,7132.35816378505
343.325490826557,137.415176459932,7132.35833622255
1.27992414193272,463.946769890811,7132.35920720693
6.97613989467055,1729.68417366803,7132.35948353505
21.2123309496301,561.831747791786,7132.36017414443
37.6728966124307,252.303539172161,7132.36097266005
41.2684214208561,988.142678792769,7132.36114708193
51.2603922967903,178.826314867209,7132.36163180068
70.2435907976255,2306.47723142852,7132.3625526913
170.409378277004,33.347755112878,7132.3674118163
177.450010415465,794.550092386714,7132.36775336318
189.751710534518,396.517596534807,7132.3683501288
201.643708314245,646.426301376124,7132.36892701942
208.606716072178,1731.07395085026,7132.36926480068
225.936288859733,1111.82951734179,7132.37010547255
256.673951407323,859.262383468007,7132.37159658192
339.152964915528,28.4859479754429,7132.37559770693
356.610086550231,221.193383054263,7132.3764445663
2.09082201896452,100.166444583216,7132.3767104413
4.76322806937533,344.595962875616,7132.37684008192
15.4908594662353,83.7716285229106,7132.37736048818
20.7941642337052,726.150140017978,7132.37756328505
25.1620682262456,1275.05805913586,7132.37777517568
53.4717933033787,1054.0898154332,7132.3791485038
67.832956478901,1630.92572780243,7132.37984517568
173.9033538563,86.2034957305191,7132.38499073818
180.873769735975,278.767342543063,7132.3853288788
184.624221322438,186.136731028519,7132.3855108163
193.742031545453,852.941661744211,7132.3859531288
208.262630798659,1616.11235505177,7132.38665753505
219.35680407394,932.418253718481,7132.38719572255
247.204325618542,1586.07038613923,7132.3885466288
345.921338554304,22.1554094514964,7132.39333547255
350.96595996436,182.157469663657,7132.3935801913
356.903423416943,73.4332178398134,7132.39386822255
1.63722505938802,157.723223370709,7132.39409786317
7.38723034987529,1142.76399454383,7132.39437680068
19.6699269838099,261.518445787701,7132.39497264442
25.2041299322787,126.89428674495,7132.39524111318
32.9495017226544,377.485959157653,7132.39561684755
42.1545991915057,1671.70510767534,7132.39606339443
58.5755474440145,860.660709367522,7132.39685998818
179.875148760167,93.0683655142595,7132.40274433192
188.419633437029,273.047029430984,7132.40315883193
191.915309387208,185.327447832506,7132.40332841005
201.926283710764,762.105656360035,7132.40381405068
213.603445397507,1443.99658896788,7132.40438051943
224.454438437378,350.005968652312,7132.40490691005
241.431963531983,1033.35151546702,7132.4057305038
345.580753718892,29.1582140377056,7132.41078284755
359.011390052154,120.280993498589,7132.4114343788
5.475153518856,135.833649883565,7132.4117479413
9.90908652854921,371.869479653952,7132.41196303505
19.8414701475493,380.658171650339,7132.41244486318
22.7190495381266,1160.51468435074,7132.41258445693
36.3084777205548,123.973331600524,7132.4132436913
44.9895298438587,1357.28484007558,7132.4136648163
62.9603898802713,1091.63744710372,7132.41453659755
166.29555235805,30.4389846661479,7132.41951128505
181.065773681878,250.809734092527,7132.42022780068
184.548243828627,173.601646946686,7132.42039673818
197.324064976594,920.085008182525,7132.4210165038
205.401836783781,1218.14558440292,7132.42140836318
217.168218251924,241.341752138524,7132.42197916005
231.755490713303,1365.23514715492,7132.42268680068
258.837075021492,1769.54706443411,7132.42400055068
344.583722545965,108.538893150989,7132.4281601913
348.062971775108,58.0338277433867,7132.42832897255
356.688945941125,168.883615425663,7132.42874742568
5.63024921189627,1210.22269983229,7132.42918117568
16.0889328825121,1152.19545016032,7132.42968853505
31.5133252381108,295.518526316485,7132.43043678505
41.8344752132504,1711.5132644463,7132.43093747255
60.6598481139533,663.410271162235,7132.43185070693
176.727047724947,41.4631419476397,7132.43748122255
184.788714869111,91.9002096644306,7132.43787230068
189.700956111855,108.278927490879,7132.43811059755
198.985932667303,889.517626223579,7132.43856101943
210.696914157642,857.16067577124,7132.4391291288
224.838731940534,1250.29731012916,7132.43981516005
244.59849682962,72.8552496109813,7132.44077372255
356.328391371561,53.5725422357025,7132.44619383193
0.404156911105478,118.15334821641,7132.44639155068
8.41139032649979,105.999112265387,7132.44677998818
18.2226669335635,238.365022164899,7132.4472559413
22.3490011307483,331.251664986709,7132.44745611318
29.9632809858665,1388.81317557349,7132.44782548818
47.6622945114361,79.867765179209,7132.44868408193
53.146250897775,121.05952351682,7132.44895011318
73.5998042664206,1925.74511892474,7132.44994233193
171.832389154437,77.2366684498316,7132.45470767568
182.774534511274,186.237650301457,7132.45523848818
190.358215555394,1212.20822268953,7132.4556063788
200.090901495399,151.64998423689,7132.45607851943
208.330041915834,1319.55024684771,7132.45647820693
225.313686750141,84.2747607809891,7132.45730209755
228.226052155853,1704.47289615794,7132.4574433788
358.218618128084,97.6013020403954,7132.46370091005
2.15105225296766,50.0363049604768,7132.46389167568
9.15979719839031,176.286624187227,7132.46423167568
15.5639734456552,586.441450955988,7132.46454234755
20.97159379601,156.887114410864,7132.46480467568
28.6377306533127,1286.32549056817,7132.4651765663
41.9685181283282,144.285111636222,7132.4658232538
54.5095334491582,1712.91780759475,7132.4664316288
73.2424656508543,788.473175639126,7132.4673403788
176.264896425133,141.789330276865,7132.47233808193
182.065792393778,313.534642693014,7132.47261948818
189.701974631103,290.128671087686,7132.47298992568
193.47465062029,256.293375411332,7132.4731729413
200.257286204863,1289.12680530391,7132.47350197255
214.435178422426,845.152059447685,7132.4741897538
227.325986805131,1416.24911798033,7132.47481509755
258.754640343207,1479.37173622381,7132.4763044413
347.796939007718,22.679250838431,7132.4806188788
350.317058791516,138.978689667724,7132.48074098818
358.012534062095,204.968708672482,7132.48111386318
4.90376383515024,690.499268873879,7132.48144776943
10.6708556718299,182.672474369205,7132.48172720693
18.3369859414469,1484.24073032061,7132.48209866005
30.150108042151,33.575867780522,7132.48267105067
37.1741963371044,298.050861768928,7132.48301139443
46.1937422573373,440.343400631704,7132.48344842568
52.420034434159,178.405554218664,7132.48375011318
63.775568530184,2158.90483268311,7132.48430033193
174.254525487736,43.8847465311643,7132.48965345693
184.33919690536,927.245336068694,7132.49014209755
193.891144299448,346.119272132128,7132.49060492568
202.014217662083,211.110087744437,7132.49099851943
209.571352417633,1385.34539395607,7132.4913646913
223.250620767245,309.918174457025,7132.4920275038
235.839933337995,1110.74738295969,7132.4926375038
0.0252463239162282,103.940682449899,7132.4986547538
2.8697731534352,77.3582031765585,7132.49879258193
8.34406030510202,179.664894073284,7132.49905783193
16.6877046052991,421.150808671555,7132.49946211318
21.5605811690454,243.203041039308,7132.49969822255
27.311871862912,1363.47244605872,7132.49997689443
46.4144960697196,112.616888037209,7132.50088111318
49.9829727842934,114.928913608203,7132.50105401943
59.9496193614895,859.961823973521,7132.5015369413
82.44043916566,1684.60323468622,7132.50262670693
169.783309598371,35.0475343191547,7132.50685880068
173.256657056546,317.346732225943,7132.50702709755
177.763850276168,357.232105008265,7132.50724548818
190.681116963084,249.156167919651,7132.5078713788
195.888074697951,1426.40155242901,7132.50812367568
208.963675212518,1111.82951734179,7132.50875723817
229.986601821334,843.015157681037,7132.5097758788
246.537807116282,2155.56039684373,7132.51057784755
341.202730122571,30.5929101496183,7132.51516472255
348.279703801554,130.974578405052,7132.5155076288
358.247317840093,202.941996541028,7132.51599059755
5.50036129960501,1224.05419133997,7132.51634203505
21.4591852954528,195.68328901709,7132.51711530068
25.4075342741238,530.739507897948,7132.51730661318
35.9530183298119,1532.86505710781,7132.51781758193
56.3087500201895,60.9935990603105,7132.51880389443
60.0591010581048,2089.84740623919,7132.51898561317
174.801139839568,50.3638034055065,7132.52454530068
181.777824668541,202.756741951582,7132.52488334755
191.007299939593,1057.50663781379,7132.52533055068
197.397407974738,168.994832017155,7132.52564017568
203.230606616536,1137.49043517686,7132.5259228163
216.061450786192,41.0647175985712,7132.52654451943
225.679505022939,1684.60323468622,7132.52701055068
246.274188552956,936.921207284058,7132.5280084413
349.371758098427,34.6431251740942,7132.53300391005
356.235577755665,92.9168339491859,7132.53333648818
6.22898949947695,140.05605009082,7132.53382070693
10.3034250709717,283.313483784298,7132.5340181288
21.5531883613964,1235.78669519731,7132.53456322255
32.4978929319807,1113.99045543692,7132.53509353505
49.8694673794073,26.6323890024678,7132.5359352538
52.9474640178947,1156.36256126095,7132.53608439443
179.397161604401,43.3733431115524,7132.5422137538
183.883071612997,140.858671948685,7132.54243111318
187.991689229384,117.034895663615,7132.5426301913
196.421433572241,206.793915324965,7132.54303864443
202.125965786869,1161.55041141042,7132.54331505067
217.631716422448,962.872559462369,7132.54406636317
227.172054881072,446.78200028514,7132.5445286288
248.604521079385,1587.58595159014,7132.54556711318
352.613074464404,212.529327470179,7132.55060672255
358.783578948249,107.757101852624,7132.55090570693
3.67548140081603,105.644007430961,7132.55114273818
9.42935185394756,1332.24709042423,7132.55142153505
24.6909910938155,102.667520318622,7132.55216101943
27.8937844267238,886.809792266519,7132.55231620693
42.4791995719551,71.1591896518371,7132.55302292568
45.8567727869892,1657.25633216596,7132.55318658192
65.7478221440939,313.294806764119,7132.5541503788
180.74493634507,69.6918356357656,7132.55972242568
186.013163803586,255.41210812996,7132.5599776913
193.254275777952,227.887583803543,7132.56032855067
201.688212253078,756.960272241258,7132.56073720692
210.846743675082,1368.75377698686,7132.56118097255
225.335739627971,353.849921586047,7132.56188301943
245.885599526355,1477.74525949274,7132.56287873817
350.623262427581,139.383671271531,7132.56795367567
356.049823713748,44.5750485134067,7132.56821661318
359.708270241272,74.8899969815753,7132.5683938788
6.13578499223456,836.571589779567,7132.5687053163
16.470049836241,316.160403412979,7132.56920605068
24.0736205588879,468.139582654459,7132.56957447255
33.6391118111242,62.0624038272233,7132.57003795693
38.4265332814121,1384.47708852851,7132.57026992568
57.760350733029,2820.58598699564,7132.57120672255
178.098248614572,180.499573620985,7132.57703755068
184.674100593186,426.470830872105,7132.57735617568
194.600115671017,1465.48828627857,7132.5778371288
214.76720118406,315.922593641105,7132.57881430068
220.954796709121,273.184641574886,7132.57911411318
233.616343027322,1507.55274930248,7132.57972761318
270.990542217808,2930.97657255714,7132.58153853505
339.838454360806,63.4101174346036,7132.58491630068
343.858069700667,110.851224033315,7132.5851110663
354.544151593589,331.931621078141,7132.58562884755
1.17385641757567,688.755552591402,7132.58595008192
7.11830797072759,63.4841484936643,7132.58623811318
17.0072388073417,221.532903132982,7132.58671726943
25.4450449776762,2917.81820926929,7132.58712611318
51.9216204012535,806.566646804896,7132.5884090038
82.1382278632267,1684.60323468622,7132.58987311318
169.058337285351,46.5594125753643,7132.59408472255
175.416198085669,236.30669643282,7132.59439278505
189.141580077939,793.792975795071,7132.59505783193
204.592510444343,1613.13329360979,7132.59580648818
225.035954550384,783.884512856048,7132.59679705068
237.362129836603,1655.80449351665,7132.59739430068
354.685880525032,110.256394292296,7132.60307908193
0.276902581183442,115.662250610438,7132.60334998818
7.47061123973229,61.3774517321808,7132.60369855068
11.3177039070501,300.811792142142,7132.60388495693
19.1834444528855,1442.33003318561,7132.60426608193
40.0873788350122,1111.82951734179,7132.60527895693
50.003397275302,899.599394976747,7132.60575942568
77.8859512964653,241.963782343646,7132.6071104413
183.472038415189,128.219962425291,7132.61222648818
188.744135531372,445.096681733759,7132.6124819413
204.2734266251,972.812164157233,7132.61323439443
212.589338297339,937.562694147687,7132.61363733193
230.903498869941,1159.47806911265,7132.61452472255
255.522957258349,1714.32135154248,7132.6157176288
350.158535263676,177.13724931312,7132.62030308193
359.018457420313,102.117023170756,7132.6207323788
5.77682863392926,131.689908977606,7132.62105984755
11.9882871292806,1477.74525949274,7132.6213608163
25.9277905295583,28.7526565057039,7132.62203623818
35.7973730027513,1545.36561325358,7132.62251445693
48.9661680387356,1968.97009807628,7132.62315253505
176.519553648517,35.6455490124752,7132.62940105068
182.986732512583,145.710499221963,7132.62971441005
194.644745531643,1008.0219992048,7132.63027928505
207.170208581939,1043.19597404867,7132.6308861913
217.128148457537,793.035193069613,7132.6313686913
235.718990097738,2459.8687531352,7132.63226948818
356.168785764755,155.322421591109,7132.63810573817
1.53665708653853,60.8007602598271,7132.63836583192
4.25155006508495,166.305094695396,7132.6384973788
12.6068033758266,1456.43441751275,7132.63890222255
28.4627587999397,108.36564978689,7132.6396705038
33.3162870378056,1239.6726978281,7132.63990567568
45.3751328696837,771.904262730772,7132.64048997255
69.2396839990714,506.094277596958,7132.64164630068
174.912838584257,43.7775787842654,7132.6467665663
189.502123387157,130.902844119873,7132.64747347255
193.243767723475,421.507578840519,7132.64765476943
205.371945068938,777.337527679833,7132.64824242568
211.272862888859,906.921426846452,7132.64852834755
228.535764221738,1035.0956758387,7132.64936480068
249.252987199053,213.587564301676,7132.6503686288
261.067076723559,1301.19670593842,7132.6509410663
344.002397874998,42.8832351573316,7132.65495959755
347.634401635425,84.107380782239,7132.65513558193
358.860946904761,138.097130952808,7132.65567955068
1.66451968523216,328.51774078857,7132.65581539442
13.0361774362118,445.434245044396,7132.65636639443
19.2708539151117,1572.36423881102,7132.65666848818
36.3912225631522,945.226785731279,7132.65749803505
54.5534987250353,1333.14947969865,7132.6583780663
179.544992093626,29.7167013219024,7132.6644343788
191.923799303155,197.689364878073,7132.6650788788
196.241056371958,948.401912559405,7132.6652880663
204.980696441044,716.564918512574,7132.66571153505
227.603407343311,1800.53505438593,7132.6668076913
261.350117342697,880.00384756981,7132.66844284755
348.125114320719,92.5115262173648,7132.67264742568
357.073071405161,43.7507460815389,7132.67308098818
359.86535772477,345.249634436939,7132.67321628505
12.0870519911695,1297.49477828511,7132.67380847255
23.493859210843,122.831397830758,7132.67436117568
27.9675152972338,20.2008219180039,7132.6745779413
34.1344725980112,1352.84783375766,7132.6748767538
48.9072440221743,2289.73306981572,7132.67559255067
180.398163527199,63.85302703249,7132.68196378505
186.557703949701,64.8747444653708,7132.68226223818
189.662788229405,246.578896190286,7132.6824126913
196.340541431032,1017.52062331428,7132.6827362538
209.201375550851,654.284515455572,7132.68335941005
223.517203957078,1465.48828627857,7132.6840530663
247.059927875091,2245.18559299725,7132.68519380068
347.585459601454,66.7659053044112,7132.69006464443
354.849144685249,94.0723679510036,7132.69041659755
5.32755454955728,320.645149320953,7132.6909243163
8.71093226986369,1170.83054362865,7132.6910882538
21.1103087648766,270.974798155521,7132.69168905068
29.549404796073,1423.02547523343,7132.69209795693
52.8938082987302,2650.01331989367,7132.69322908192
174.237819313762,55.2983457635658,7132.69910866005
185.395033069512,217.077786301978,7132.69964926943
190.831268481079,198.637523096679,7132.69991267568
197.785380275705,922.69519802457,7132.7002496288
209.042882881465,1479.37173622381,7132.70079509755
227.607926741312,1306.72983544855,7132.70169464443
257.688128460779,970.336810901529,7132.70315214443
351.040076698227,81.0354838787219,7132.70768155068
353.846551750105,43.0472220369627,7132.70781753505
0.233435039242798,211.998224530774,7132.7081270038
8.01662276302618,739.685868111906,7132.7085041288
19.6281997399075,1271.28019222766,7132.7090667538
29.2175539248938,182.87805991779,7132.70953139442
41.8275047199274,136.179026388739,7132.71014239443
45.8951683623476,1507.55274930248,7132.71033948818
73.6874302085822,2024.37711038783,7132.7116861288
172.618982109227,35.3810106212826,7132.71647973818
176.102648679543,277.416062344216,7132.71664853505
186.881280182222,914.84231301564,7132.71717080068
196.743123340079,1462.20247021489,7132.71764864443
212.04539400423,1340.34605636657,7132.71839009755
227.030352101418,48.9448204188392,7132.71911617567
241.652529088346,1584.55337739838,7132.71982467568
354.427487709068,107.844240482269,7132.72528905068
357.476784333335,38.9513837850686,7132.72543680068
4.1548600095636,155.564172654721,7132.7257603788
10.9412862881982,1084.45374902288,7132.72608920693
20.813770995257,140.858671948685,7132.7265675663
27.2764352524539,979.587189142705,7132.72688070692
34.9977083409278,20.5752116733127,7132.72725483193
50.5534421266706,1853.19326551081,7132.7280085663
82.6929509543311,1474.48653287086,7132.72956584755
173.686206087088,176.499675985653,7132.7339748163
176.882549965523,173.926026358906,7132.7341296913
182.248164002642,214.815595867002,7132.73438967568
189.084895943582,1051.23398874696,7132.7347209413
199.697131791131,1343.03479448761,7132.73523514443
213.124871941838,1174.93148543701,7132.73588576943
227.349118237192,115.092282926277,7132.73657498818
237.241918731474,1735.2369541257,7132.73705433193
258.922365983166,2671.70530143801,7132.73810483193
340.318527578061,87.5551575685307,7132.74204878505
343.303007258071,71.8816395295363,7132.74219339442
348.912087779241,183.288578758933,7132.74246517568
358.491445326686,331.024679889325,7132.74292933193
5.74577872214148,1433.96872154256,7132.74328083193
16.0065199202942,27.026315213563,7132.7437780038
19.6788327054862,1402.59814873644,7132.7439559413
41.86620616282,166.418032132576,7132.7450310038
46.1463789528654,1244.51338123777,7132.74523839443
67.6543036070962,43.7507460815389,7132.74628053505
78.5641812586689,2219.32849875373,7132.74680916005
168.711206861825,37.1932623588478,7132.75118108193
174.179044596559,199.581171034247,7132.75144601943
182.334687593541,102.117023170756,7132.7518411913
189.609014264078,236.941938291935,7132.75219366005
194.755669699099,1411.99740788522,7132.75244303505
206.953823544889,962.872559462369,7132.75303408193
224.579183588508,1797.86163734263,7132.75388809755
253.395939432768,858.562387850981,7132.7552843788
352.667054535205,98.2727649256887,7132.7600944413
357.20971962304,163.226154814566,7132.76031455068
8.23214004682787,880.686801263408,7132.7608486288
16.2068761818116,473.566574843431,7132.76123503505
25.8542753444392,269.026301236153,7132.76170248818
36.3655773552358,1318.63853169989,7132.76221180067
52.2092788571436,80.9194655726486,7132.76297948818
55.8625657535152,1704.47289615794,7132.7631565038
175.517467573807,32.5096963238458,7132.76895423817
186.55117457108,869.003313752614,7132.76948886318
201.69478897052,202.014044381471,7132.7702226288
209.293522574156,1454.78218360751,7132.7705908163
226.367132780499,1359.94016048357,7132.77141809755
246.571625009359,939.484601225615,7132.77239708192
269.04341896225,1380.99853774776,7132.77348592568
347.883988792511,92.359078718296,7132.77730605068
352.577248430202,222.548340866879,7132.77753345693
358.5536246685,185.530091290076,7132.77782303505
7.71860554497788,456.434279261231,7132.77826711318
14.1516023266118,1393.13560687526,7132.7785788163
30.7647223319505,1265.5920755833,7132.77938378505
44.9883237156438,1335.852650719,7132.78007297255
67.5039738388255,27.0914124467225,7132.7811639413
78.6515134316355,290.646284817342,7132.78170408193
174.53215637255,33.8545129430212,7132.78634986318
188.026003253294,106.881718753282,7132.7870036913
194.211019019089,813.986877901129,7132.7873033788
201.321207394243,933.062849206578,7132.78764789443
216.357758701153,766.040175737004,7132.78839453505
239.34841030729,1561.62083264633,7132.78950851942
354.88663279634,123.060631129768,7132.79510678505
359.306113525217,63.1131050199407,7132.79532092568
2.78268569185841,118.073814614483,7132.7954893788
14.2378637262331,1130.06615176658,7132.79604442568
24.2722294815516,356.600388107253,7132.7965306288
32.52138939947,606.599936947561,7132.79693033192
46.0632847329364,117.435575153202,7132.79758648818
46.6243862210109,475.467221150438,7132.79761367568
60.6706279633132,2312.7251225219,7132.79829426943
175.288514886935,46.3318619581266,7132.8038479413
177.74962230683,375.889819270725,7132.8039671913
187.873957762476,106.35303748785,7132.8044577538
191.039666816627,1008.0219992048,7132.80461114443
204.412586698159,1232.86392206268,7132.80525911318
221.523281183259,198.069172174797,7132.8060881913
225.962755187218,1750.41625638528,7132.80630330067
241.115398875478,1129.00155890827,7132.8070375038
349.189036068571,56.6825891779033,7132.81227408193
354.791989609868,98.3683204336394,7132.8125455663
359.160842201838,55.3832257832454,7132.8127572538
6.08625401978479,72.6615712043355,7132.8130928163
9.45028345175139,1081.12208074829,7132.8132558163
17.9909582313612,925.298004883501,7132.81366964443
32.8975556012246,306.259045901314,7132.81439192568
41.809395830712,1476.93113294878,7132.81482373818
65.7681087926963,1948.09501863347,7132.8159846288
176.26222194386,47.8775109835627,7132.82133848818
181.209589577263,400.665778332865,7132.82157820693
189.132407714478,1037.41648604938,7132.82196209755
201.291864908508,301.061536811531,7132.82255126943
209.825445246902,1485.86021264663,7132.8229647538
229.626847378279,1654.35132259972,7132.82392420693
263.492549566815,1033.93327233192,7132.8255651288
345.292278415549,54.7863143740557,7132.82952011318
352.666248949354,85.3822290647344,7132.82987741005
356.90353295537,124.578083959825,7132.83008272255
1.31688670437367,220.342313839161,7132.8302965663
6.49869160808764,38.1286946460335,7132.83054764443
8.91046082702024,538.331934585301,7132.8306645038
15.7875017551843,871.766492327453,7132.83099772255
30.9485296704411,1647.06659422365,7132.83173233193
44.9809050799939,129.749488930742,7132.8324122538
57.9320313372009,223.559143419649,7132.83303978505
83.9761717374148,204.601696696116,7132.83430172255
179.684936992528,24.1827842473175,7132.83893917568
190.360054899189,140.991995856155,7132.83945642568
194.825971632703,636.585228974695,7132.8396728163
208.866086395133,808.799860418929,7132.84035311318
219.879155093041,143.893924553495,7132.84088673818
230.93124291731,1483.43037853493,7132.8414222538
262.525451324628,1202.24752375719,7132.84295311318
348.969269440476,116.390966309332,7132.84714164443
351.474233068203,85.3822290647344,7132.84726301943
357.991072645373,177.349246399672,7132.84757878505
6.30504950754844,603.120831055293,7132.8479816288
10.908016857689,697.430391216614,7132.84820466005
24.2606210270786,113.530802814399,7132.84885164443
27.596595356486,1487.47791861581,7132.84901328505
41.2803783880488,1575.42046075321,7132.8496763163
68.9075344775571,70.4959979280773,7132.85101495693
176.534225327795,41.604508033144,7132.8562298788
186.669847319385,99.6021251586932,7132.85672098818
192.020950074554,255.559212680723,7132.85698026943
201.772185307799,216.557854981758,7132.8574527538
206.571538225692,256.8791568347,7132.85768530068
212.349916598316,1476.93113294878,7132.85796528505
235.10064890347,575.575698213981,7132.85906764443
241.810649302384,1372.26352503461,7132.85939276943
355.054159989128,147.37729092662,7132.86487984755
0.0492534880300077,155.926077605173,7132.8651218788
6.89082251044045,221.363205543668,7132.8654533788
12.1374443584108,1115.06937017225,7132.86570759755
23.950566459115,521.597987024336,7132.86627998818
34.9178441015871,1402.59814873644,7132.86681139443
54.2371503463343,253.788573489899,7132.86774748818
60.5260021076667,113.116301048155,7132.86805220693
80.0826478565912,269.445049605466,7132.86899980068
179.312961083548,42.4151512523618,7132.87380022255
181.011744366147,98.0813902318189,7132.87388253505
186.714664245312,140.457936947946,7132.87415886318
199.63225344437,869.003313752614,7132.87478476943
210.838482964023,107.931316661869,7132.8753277538
212.82362147716,1233.83903094521,7132.8754239413
237.636240687314,285.953954959339,7132.87662620693
251.028508894726,1422.18015142248,7132.87727511318
347.686632204089,103.487780844791,7132.8819585663
351.428921414527,69.9609190024653,7132.88213989443
2.84282303787537,813.986877901129,7132.8826929413
7.44514547635521,163.456206903057,7132.8829159413
14.1928751407696,280.380274553238,7132.88324289443
22.3643192805654,334.412969538178,7132.88363883193
27.4261645337879,105.287702167889,7132.88388409755
35.3551096508762,1936.95237626912,7132.88426828505
56.08168427899,609.566175313603,7132.8852725663
63.1905827182005,922.043330575661,7132.88561701942
173.1858314912,66.9415634035886,7132.89094670693
178.75266810246,155.201407281425,7132.8912164413
186.211771330204,220.683124552146,7132.89157786318
190.458084512419,659.775123423856,7132.89178361317
202.122546985952,1234.81325164931,7132.89234880068
221.295450850652,1198.2399517052,7132.89327780068
229.466894990448,1323.19033507855,7132.89367373818
356.625401195517,74.8899969815753,7132.89983505068
7.03125487531407,218.286194675343,7132.9003392538
12.2433721287109,335.758698621902,7132.90059180068
16.0230681300479,261.949156810104,7132.9007749413
24.8417139507408,1223.07142191858,7132.90120223818
38.1440123827435,1376.63791477394,7132.90184678505
46.9897458071122,104.930189537278,7132.90227539443
64.387118034893,133.812919078657,7132.90311836318
72.8736174945294,900.267527192966,7132.9035295663
171.52203883556,92.359078718296,7132.90830945693
181.181047046273,140.324099562328,7132.90877747255
188.362501707535,333.963162679751,7132.9091254413
191.547236612966,410.670081274489,7132.9092797538
202.873425783111,956.607904001316,7132.90982855068
215.976436451036,1105.32116792683,7132.9104634413
231.529326167533,1441.49614467182,7132.91119853505
258.991376537856,288.309653928565,7132.91252917568
350.189401465362,73.4971597471379,7132.9169480663
355.479557046564,121.292101362691,7132.91720439443
5.65161836770993,270.002326052676,7132.91769726943
13.5944297800072,237.258906965465,7132.9180821288
20.6169056644162,1420.48806051065,7132.91842239442
32.3490872785313,33.2242809653049,7132.91899086318
36.3754744723848,425.058654940358,7132.91918595693
52.5829245458944,756.563034443047,7132.91997126943
61.7485502964923,1717.12477570196,7132.9204153788
177.870769820105,164.144461911597,7132.9260419413
183.163182648431,514.635334347702,7132.9262983788
195.429378109404,129.24165904149,7132.92689272255
201.683725351244,1374.01501287826,7132.92719576943
209.207645448164,860.660709367522,7132.92756033193
225.178078454556,147.37729092662,7132.92833416005
234.203428880061,1841.47652682043,7132.92877147255
347.629136289666,28.0706777266992,7132.9342673788
354.057940939031,100.913971623484,7132.9345788788
1.7405173382032,112.031425802961,7132.9349511288
6.07099579055429,95.1151726824584,7132.93516095693
13.4104618048675,1283.5178475612,7132.93551658193
30.8471756711515,283.048084970261,7132.93636145693
36.7497058265352,1339.44855207346,7132.93664745693
53.2783380495955,396.896487897536,7132.93744833192
68.1642972327162,614.967188283799,7132.93816961317
176.32854915042,72.8552496109813,7132.94341058193
187.193925607419,235.190922293071,7132.94393705068
193.685934865578,283.313483784298,7132.94425161318
199.946731561892,574.006620013279,7132.94455497255
210.497375211192,1021.05979227218,7132.9450661913
227.914418239454,684.816037210823,7132.94591011318
244.174753659452,1607.15862840277,7132.94669798817
349.869191455664,89.6754406842781,7132.95181928505
352.671474375273,31.9632757761479,7132.9519550663
2.03624588756318,190.329085825169,7132.95237467568
9.96325615704722,960.997392773777,7132.95275876943
21.6548062342563,405.513483903164,7132.95332526943
29.0449003854757,1077.78019842186,7132.95368334755
35.8874368316882,45.4361027968364,7132.95401489443
40.9231618674965,265.369753948974,7132.95425889443
51.4438155666326,177.13724931312,7132.95476866005
68.1601266933882,3008.71749736586,7132.9555786288
169.409930816948,26.9828291654672,7132.9604845663
175.820354601776,704.293401376788,7132.96079517568
187.577044097842,189.537691097641,7132.96136483193
190.96138924195,626.109719625845,7132.9615288163
200.345328645446,1217.15804102251,7132.9619835038
218.891669166154,2133.12922880959,7132.96288214443
232.160430540007,1030.4382902504,7132.9635250663
260.162299262461,721.165016592806,7132.96488186318
349.875662465537,35.8426656410504,7132.9692288163
351.946901021335,90.0413632543007,7132.96932917568
1.21507298168922,337.989664034311,7132.9697782538
11.2894252496309,918.777165459517,7132.97026639443
20.8571737865314,889.517626223579,7132.97072998818
26.7484174059714,344.159478693484,7132.9710154413
41.2867515973637,204.234046341512,7132.9717198788
47.0215962367562,1890.45357146256,7132.9719977538
74.9844458703886,2111.59911778225,7132.97335266005
170.325592896232,98.2727649256887,7132.97797230068
183.57758570347,1099.86819651908,7132.97861441005
193.036661125823,388.088255975916,7132.97907273818
197.834401745793,1286.32549056817,7132.97930520693
212.876437434361,120.904217193463,7132.98003405068
219.262353299697,1724.11362964198,7132.98034347255
232.921305974707,918.122522453046,7132.98100530068
0.421955103293215,183.288578758933,7132.9871831913
6.68404169800999,150.15584609035,7132.98748661318
10.3647387477394,69.2184226602777,7132.98766495693
18.3839760772972,621.773355025113,7132.98805351943
25.3871036358256,1116.14728570686,7132.98839284755
34.3860113317752,517.547837919352,7132.9888288788
45.3497418287208,26.5440551483476,7132.98936011318
49.9343283143238,325.991567073913,7132.9895822538
63.9731531408095,1755.90342266219,7132.99026248818
173.566782043821,39.4010137017009,7132.99554001942
185.980992257845,1023.99977386369,7132.99614153505
193.444610017378,421.864015942575,7132.99650317567
201.786964419172,159.146307243674,7132.99690739442
210.434055028665,48.0244490008719,7132.9973263788
219.11565012011,1779.03525244716,7132.99774703505
237.421426353093,1384.47708852851,7132.99863401942
357.046660772903,106.881718753282,7133.0044303163
3.15557313357952,150.15584609035,7133.0047263163
8.69177488301506,89.4131574336043,7133.0049945663
15.9090239997132,995.417415161626,7133.00534426943
21.7083630336801,496.196361776668,7133.00562526942
30.9868541061757,126.820234869207,7133.00607484755
40.9673669785808,1486.66934318697,7133.0065584413
58.0051828045692,453.129145316922,7133.00738398818
70.4142334249816,1781.73698017758,7133.0079852538
170.609231163292,33.4356778375344,7133.01284008192
179.723583902864,262.522364957718,7133.01328170693
187.286845563205,854.350257206704,7133.01364817567
195.238041277581,171.970521156695,7133.0140334413
204.005091500024,1589.10018477343,7133.01445823818
218.476996449238,1325.00665994684,7133.01515945693
241.294802945772,1427.24443374931,7133.0162650663
347.997933559655,95.0657746967565,7133.02143523818
355.046207261959,37.1932623588478,7133.0217767538
358.038426294847,70.0950686383095,7133.02192173818
7.03056206172198,1099.32141167945,7133.0223574413
20.350918958743,204.785285951026,7133.02300286318
24.2067184027395,383.020087868502,7133.0231896913
37.3248853018178,1489.09384822815,7133.0238253163
52.88061905002,1661.60418757499,7133.02457905067
175.739281664563,64.693479739919,7133.03053201942
188.67041475931,853.646264786789,7133.03115858193
197.570645940712,1017.52062331428,7133.03158983193
213.784222919014,1448.1543741951,7133.0323754413
231.979713701986,1910.70004262883,7133.03325708192
248.524792092142,1327.72648431256,7133.0340587538
354.758218304798,142.713910133985,7133.03918733192
359.310235156054,189.438520425966,7133.03940789443
4.08862741260275,225.066881798242,7133.03963942568
11.3287720007079,773.460573366691,7133.03999023818
16.8572344348074,1319.55024684771,7133.04025811317
31.0027975657773,409.203393392232,7133.04094351943
38.6308761328348,80.1612873302382,7133.0413131288
46.4517931221176,1931.97946529722,7133.04169208193
66.9000743471695,1031.60457953777,7133.0426828788
170.074069809901,64.0366787374447,7133.04768205068
179.552815995194,154.837795363072,7133.04814133192
186.30635012734,253.640469738414,7133.0484685663
192.661631205933,46.710500051228,7133.0487765038
196.898592737348,918.777165459517,7133.04898180068
206.460214294376,1366.11566503575,7133.04944509755
222.466119206522,864.14658762024,7133.05022064443
247.576380220698,1872.55833061784,7133.05143733193
348.247346903307,95.0163489554789,7133.05631522255
352.178282366161,149.779993963151,7133.0565056913
355.35753524092,73.1126964526041,7133.05665973818
8.06164786855046,1158.44056569614,7133.05727530068
15.9512513846765,331.931621078141,7133.05765758193
23.5222523978946,1257.01171693748,7133.05802442568
40.0563666891673,136.523514715492,7133.0588255663
43.8634728438618,101.378370975791,7133.05901003505
51.904638258565,184.412735082518,7133.05939966005
61.9822152349732,2108.1796308664,7133.05988795692
176.98868116183,40.0220030727372,7133.06546045693
181.310452875043,810.285227803575,7133.06566986318
193.300934654678,648.747389142557,7133.06625084755
204.127291947775,137.89289154964,7133.06677542568
214.166172272422,1740.77197101496,7133.06726184755
241.259637027214,1485.05074903937,7133.0685746288
347.530654942171,38.1286946460335,7133.07372386318
1.5723820025228,108.452309632856,7133.07440423817
5.93962229657121,154.837795363072,7133.07461584755
9.85411166741049,347.635920050493,7133.07480551943
18.8187280586117,1536.7823680279,7133.07522292568
32.856907935896,76.6873647917166,7133.0759031288
48.4861654425743,1578.47068749106,7133.07666042568
67.3420791773701,1081.67808043902,7133.0775740663
175.55179967591,85.6568635465571,7133.08281723818
177.727519213986,194.140925557917,7133.08292266005
188.145626815988,64.4752862211107,7133.08342745693
191.738288975454,906.258290633843,7133.08360153505
198.747866025997,979.587189142705,7133.08394117568
217.851438339571,729.454552317321,7133.0848668163
228.510432666358,1703.06124758213,7133.08538328505
259.940825215352,895.580332116452,7133.08690620693
348.772549542302,123.593857370707,7133.0912104413
353.407764202352,63.4471433724748,7133.09143503505
356.363221356001,174.465331070905,7133.09157823817
3.7862076912499,91.0787348318287,7133.09193791005
7.36210132164031,1085.56208466837,7133.09211117568
26.4472927706767,1391.40821087125,7133.09303592568
41.4861037507777,256.73285719563,7133.09376461318
57.077309479815,145.710499221963,7133.0945200663
67.2777483781211,1923.2457848517,7133.0950143163
178.224289977893,789.235343745531,7133.10039009755
186.294155369276,201.081803985481,7133.10078111317
196.39333803131,150.280940469649,7133.10127045693
203.268444149411,1484.24073032061,7133.10160358192
224.837638564831,1303.04367296219,7133.1026486913
236.693326937423,1404.31188899726,7133.10322314442
352.205429171518,49.612060987192,7133.10882014443
355.329539302502,84.2190067684712,7133.10897151942
3.26493387406396,203.496719475282,7133.10935601943
10.8007854185885,334.188121620116,7133.10972116005
15.2995943361322,358.072627104633,7133.10993914443
22.716776128568,72.6615712043355,7133.11029853505
27.4603414285648,1252.21943925169,7133.1105283788
38.5953045870281,1871.27380257834,7133.11106791005
61.868764240637,122.525087298264,7133.11219559755
92.3085223994372,206.065775554265,7133.11367051943
178.755775202957,45.9501048322153,7133.11784739443
180.336211208067,173.385042434582,7133.11792397255
186.420615611711,126.820234869207,7133.11821878505
194.313443873845,158.199009447912,7133.11860122255
201.30077028956,966.611901631609,7133.11893978505
209.222621040514,1332.24709042423,7133.1193236288
233.091041790029,724.077187097549,7133.12048014443
250.821205290527,1705.88332348842,7133.12133923818
342.000849315955,31.2949804959217,7133.12575723818
353.1177540094,238.049524536876,7133.12629589442
357.652034870238,159.735530358418,7133.12651559755
2.23371915951554,127.779606340361,7133.12673759755
7.08112037996778,34.677007793027,7133.12697247255
9.35777375479702,1258.92340996359,7133.12708278505
21.0496463441475,1017.52062331428,7133.12764930068
39.074871814323,438.975855665547,7133.1285226913
49.0866644977538,1921.99478554755,7133.12900780068
179.697557499655,39.7570518173573,7133.13533639443
189.716444586761,854.350257206704,7133.13582184755
202.707879906273,724.907078808457,7133.13645133193
225.067453524009,1754.5332964275,7133.13753473818
254.177336527882,2120.69117822011,7133.13894522255
346.434037498306,77.1758282280821,7133.14341541005
349.236320455456,77.5401479136129,7133.1435511913
356.397459404576,158.673366112971,7133.14389817568
1.39771245954908,263.949889722781,7133.14414045693
7.95357120062175,1151.15139642796,7133.14445811318
22.9823855431817,1515.50816340773,7133.1451863163
37.5906961973608,864.14658762024,7133.14589414443
65.5064648396134,2830.79937268838,7133.14724676943
169.097416807658,85.547111061679,7133.15226614443
180.543243116153,898.930818671317,7133.15282073818
190.86880118348,768.782315585526,7133.15332105068
200.424295798176,873.833116976641,7133.15378405068
216.549515449153,1817.81634189804,7133.1545653788
237.661444296954,814.725231723656,7133.15558833193
266.132510034631,2553.88554748492,7133.15696786318
340.788126668244,60.8393752044023,7133.1605652538
344.060896463939,92.9168339491859,7133.16072383193
350.438428064737,167.094060810058,7133.16103284755
359.389932369788,1035.67632248058,7133.16146658193
7.06380199228113,913.526920776064,7133.16183841005
21.2915955082429,60.0623370483611,7133.16252780068
22.7440100353849,1301.19670593842,7133.16259817568
50.1954188189654,1732.46283985407,7133.16392830068
67.671151811611,3169.10675479676,7133.1647750663
165.57337263276,62.4396853665665,7133.16951880068
170.570400979266,195.491151044891,7133.16976092568
181.4712494171,1104.23259425119,7133.17028911318
192.790021708969,851.530623791064,7133.17083755068
199.708016611099,1366.11566503575,7133.1711727538
221.809290063313,113.861309269936,7133.17224364443
224.832143958025,1406.87828054098,7133.17239011318
238.909987873332,2703.91731227448,7133.17307223817
345.403834123138,28.3205715823076,7133.17823226943
351.889716363883,125.704155418127,7133.17854653505
356.89158179186,180.603643151755,7133.17878889443
8.58829142513969,1129.00155890827,7133.17935564442
16.4333938217731,1087.22242320169,7133.17973576943
34.8807353533332,72.9840840540952,7133.18062961318
37.7330014981879,1323.19033507855,7133.1807678163
61.3582782382534,1590.61286364448,7133.18191255068
175.155473609877,33.9929785708737,7133.18742645693
184.024424980253,886.131612531926,7133.1878561913
191.053350319136,227.227042737255,7133.18819676942
201.032250931159,115.580996162823,7133.18868028505
208.57132718415,1466.30863007147,7133.18904558193
219.155185454539,1184.10692362403,7133.18955841005
243.784318005888,789.235343745531,7133.19075178505
341.157684536249,25.4601634913643,7133.19546989443
357.973317014132,191.706164831551,7133.19628467568
1.02487092306358,98.6544179681914,7133.19643253505
7.03349443372991,212.529327470179,7133.19672367568
15.1781733693693,908.908170949019,7133.1971183163
23.9039471432464,982.039227714893,7133.19754111318
35.442645461016,247.795062247036,7133.19810020693
46.4014680207691,90.8205038951948,7133.1986062538
56.7947452662192,2869.6141018969,7133.19910984755
175.222963090542,52.1507906303675,7133.20484814443
181.040683026588,827.902246758327,7133.20513003505
192.799307332718,117.914580877176,7133.20569978505
194.934072934369,920.085008182525,7133.20580322255
211.206984788715,1792.50281284737,7133.20659170692
230.641413602483,1616.11235505177,7133.2075333788
248.537005296768,1290.99109180686,7133.20840048818
344.709163061832,82.2437465353154,7133.21306039443
350.850645056856,106.705783098349,7133.21335797255
355.934095958164,52.5992201183545,7133.21360428505
2.84306164655554,1083.89919262208,7133.21393905067
16.0956994029949,1069.9416908011,7133.2145811913
25.0397868673103,276.058148562797,7133.2150145663
36.2298927320085,76.8708985354749,7133.21555676942
44.3274907888902,1891.72544295957,7133.2159491288
68.3074869619,1860.96360543786,7133.21711105068
182.70996250403,1000.23789251225,7133.22265428505
192.629528164928,1237.73125082494,7133.22313492568
205.213358667466,161.838931145297,7133.22374466005
220.248299989899,1341.24289452586,7133.22447316005
227.874766221494,1899.33802019482,7133.2248426913
250.672257005886,23.8034713467838,7133.2259473163
267.639451382346,2366.18169502378,7133.2267694413
338.259238834308,92.2573059614074,7133.23019123818
344.749313244862,35.7442443699174,7133.23050570693
348.773443116511,107.58258867094,7133.2307006913
354.318351680166,1132.19233988104,7133.23096936318
8.54453286066473,220.853349497396,7133.23165867568
11.8792172916693,1089.43221110991,7133.2318202538
30.2862498360055,2364.14821053188,7133.23271214443
53.3155980563629,1703.06124758213,7133.2338280038
72.7145548892962,1118.2998971293,7133.23476795692
168.869347317338,95.2632070450043,7133.23941036318
180.746318938497,933.707000605466,7133.23998584755
196.341071813061,1083.34441417668,7133.24074147255
209.66013888676,1443.99658896788,7133.24138683193
234.531447986215,1412.84872690051,7133.2425919413
252.099408001394,2029.12375790731,7133.24344317568
348.914897714607,93.722189731249,7133.2481342538
353.305678429263,152.760970539845,7133.2483470038
1.35522814604478,144.285111636222,7133.24873703505
6.95527941593471,1109.66424937686,7133.2490083788
24.56483831674,1424.7145685431,7133.2498616288
39.7416673372694,946.498102116777,7133.2505970038
50.0540040961303,128.43957841735,7133.25109667568
78.3731854230886,3250.03290946313,7133.25246884755
171.535388164848,89.2027771093318,7133.25698291005
179.003843043392,1031.02160142754,7133.25734478505
189.221050508313,304.53639610073,7133.25783984755
199.548543423245,1832.31152472985,7133.2583402538
214.805990530844,172.842365420145,7133.25907953505
218.281917748285,1290.05928162229,7133.25924795692
248.195723850163,2606.08734592438,7133.26069739443
347.769962749754,78.5034190431411,7133.26552214443
351.652849834967,82.7561699723312,7133.26571028505
1.03904659820818,867.618477062848,7133.26616508193
9.82802494333839,875.894856644521,7133.2665909413
23.5156775574877,78.0232684016724,7133.26725416005
27.896784146745,2078.30730403202,7133.2674664413
62.800201754395,1068.81714589946,7133.26915764443
85.9833691955346,2227.98091087384,7133.27028095693
165.074177438921,108.36564978689,7133.27411320693
173.145332803787,47.6069426935677,7133.27450428505
179.977872574918,1032.18722458109,7133.27483534755
187.900368275074,889.517626223579,7133.27521922255
202.594134022711,613.498918333732,7133.2759311913
212.384710819379,1636.81357356893,7133.27640558193
224.796663673657,1497.14740604878,7133.27700698818
262.997036521893,157.723223370709,7133.2788579413
347.609699900345,30.8223620237857,7133.2829505663
6.02221447535304,184.514611922815,7133.28384272255
9.3939832226556,210.575404335778,7133.28400609755
17.8479129353226,1239.6726978281,7133.28441572255
32.2753167275029,80.977495542367,7133.28511478505
34.9821479161126,1109.12223849624,7133.2852459413
57.6093734252487,943.316647017411,7133.2863423163
87.2797130430771,180.707643293587,7133.28777995693
175.697060623978,47.334830499679,7133.29206411318
183.647611389152,163.226154814566,7133.29244934755
192.369837979962,727.391091803753,7133.29287197255
204.641837908666,931.773214141174,7133.29346659755
216.107979966843,987.53405453067,7133.29402217567
240.536857367853,1431.45073572271,7133.29520584755
345.463488921015,32.5277513257838,7133.3002899413
354.406286486928,109.572628748111,7133.3007232538
0.696428109122476,110.935947927882,7133.30102803505
6.22166587229625,807.311772987873,7133.3012957538
23.9337709077762,1010.40498190486,7133.30215397255
37.5030762819784,1891.72544295957,7133.30281145692
75.5460826888245,866.925198295121,7133.30465478505
178.065137230404,92.0023779382717,7133.30962222255
185.023118720239,674.198086247912,7133.30995936318
198.204167640888,861.359039650011,7133.31059803505
207.976686010078,922.043330575661,7133.31107155068
224.791351064158,1046.64843458835,7133.31188628505
240.657948075013,128.731830750795,7133.31265508193
250.014799799752,2793.1679191795,7133.31310845692
346.129557536376,56.0157129014804,7133.31776558193
349.286237339248,71.1591896518371,7133.31791853505
355.428364321014,1098.22695382178,7133.31821614443
10.2788515608404,221.193383054263,7133.31893570693
16.7840821274661,1298.42125939916,7133.31925091005
26.2099429662703,1894.26629937373,7133.3197076288
47.2770482199781,43.7507460815389,7133.32072841005
54.6684322320598,1829.68462603128,7133.32108655068
82.959795021517,1703.06124758213,7133.32245276943
165.89221393909,36.4920420270476,7133.32647116005
169.746078535482,758.547169521506,7133.32665789443
176.14263598756,713.622216874654,7133.32696783192
188.777739613746,104.301581260735,7133.32758005068
197.217158082003,46.1286529807037,7133.32798897255
201.973299778806,1900.6038964875,7133.32821942568
215.778977270924,787.710230376604,7133.32888836318
236.155669660185,1753.16205996978,7133.3298756913
351.025729844536,38.2823807376642,7133.33544158193
357.767654966137,91.9513076791389,7133.3357682538
4.68371505820367,102.667520318622,7133.33610336318
10.2731247413512,886.131612531926,7133.3363741913
18.8660400308708,280.648199124656,7133.33679055068
29.5459950190015,51.7438904223955,7133.33730803505
32.1022316952955,1121.52109821295,7133.33743189443
39.9228261348962,1820.46033803118,7133.33781083192
82.9980103569428,1376.63791477394,7133.33989798817
171.14609374852,38.7397718071281,7133.34416909755
176.145379417232,767.216568053897,7133.34441133193
187.402559548392,788.473175639126,7133.34495678505
200.566839939966,1274.11459160953,7133.34559464443
217.354094840689,1417.09799450496,7133.34640805067
233.330977301555,773.071773263467,7133.3471821913
249.512307120109,1926.99345369363,7133.34796623818
349.513176612873,89.9891758332494,7133.35281166005
352.27611796906,119.73301516921,7133.35294553505
359.969013480374,939.484601225615,7133.35331828505
13.5534750481884,309.432812706234,7133.3539765038
18.140641330597,953.460088659597,7133.35419876943
33.1436578928029,2000.47578502449,7133.35492572255
58.3322795967631,1446.49270339414,7133.35614620692
176.812092944254,31.3699378973187,7133.3618870038
181.422154773151,667.926325359502,7133.3621103788
195.799930864579,962.247947988715,7133.3628237538
208.662699794462,1389.67870544349,7133.3634470038
228.898149359747,776.950725978054,7133.36442748818
244.040151423724,2031.49275179726,7133.36516117568
343.075216920386,30.4389846661479,7133.36995980068
349.039339236478,124.276075541552,7133.37024878505
3.50124754815101,583.357584460487,7133.37094951943
9.284462964704,141.258268970823,7133.37122973818
16.6774593873299,1408.58680275358,7133.37158795693
37.2460226999334,146.225392905208,7133.37258458193
43.9931073776057,1678.88303259645,7133.3729115038
60.5394756286243,1733.85039659024,7133.37371323818
177.291483242236,47.7547133781453,7133.3793703163
187.796980747761,951.566492268796,7133.37987934755
194.616299247965,1187.14960084532,7133.38020976943
210.223951069017,572.433267453931,7133.38096601943
227.776754928125,2021.9996788029,7133.38181651943
252.225625529136,789.99679020697,7133.38300116005
351.621537288452,142.05410459045,7133.38781726942
357.478598900541,58.6777709754571,7133.3881010663
2.02739096824891,840.157443615652,7133.38832147255
18.6933963951584,650.136111612909,7133.3891290038
22.353455258145,1120.44840072656,7133.38930634755
39.8091949381681,315.922593641105,7133.39015214443
55.2065949338,148.899295671079,7133.39089820693
61.5022186242069,1910.70004262883,7133.3912032538
173.438749702513,32.4192651890431,7133.3966270038
181.547634220257,758.943408118995,7133.39701991005
193.40300023087,129.966523654268,7133.39759434755
201.484474632798,1348.39617249582,7133.39798592568
217.562290855335,919.431308865626,7133.39876495693
227.735319637824,734.383387435145,7133.3992578788
256.463395642618,2989.47200327859,7133.40064986318
339.072230308039,32.7973967428896,7133.40466316005
349.302336681908,111.695500071285,7133.40515884755
352.930470747127,1040.31028236307,7133.40533464443
6.14957140787581,267.344896220933,7133.40597516005
15.3558286953797,149.528889270556,7133.40642123818
20.7069314880886,1402.59814873644,7133.40668051943
29.1411904002743,2066.70303093404,7133.4070891913
64.0084911529692,1595.14246256265,7133.40877864443
179.048171663374,692.238544264256,7133.4143527538
190.40370579694,180.499573620985,7133.41490297255
200.094638692799,1234.81325164931,7133.41537253505
212.262802625967,1091.0865544389,7133.4159621288
225.273908708419,829.353419273815,7133.4165925663
249.737613103523,1915.72824270736,7133.41777792568
349.939060296307,38.4965045951979,7133.4226330663
352.049640490608,61.8728956958137,7133.42273533193
358.215307892982,498.312335839302,7133.42303408192
12.9774377679434,824.26310221706,7133.42374936318
20.9686199949418,1089.43221110991,7133.4241365663
37.5001545269494,2424.41644537905,7133.42493758193
58.0577537782097,42.0257613431563,7133.42593367567
176.214450091005,29.9920401014564,7133.4316588163
188.387773542703,82.471890427982,7133.43224866005
192.90270607766,779.654507621075,7133.43246742568
201.680397886847,803.579314201386,7133.43289273818
217.278698019559,1562.3906612916,7133.43364853505
241.036833281523,1521.84276291933,7133.43479970693
259.887909972389,58.4371231959757,7133.43571311318
269.054825658931,824.992185677331,7133.43615728505
347.390726568215,108.798248188435,7133.43995295693
350.316516396464,61.9866658002621,7133.44009472255
359.894584007966,802.830746327032,7133.4405588163
11.2904271662962,162.186847285639,7133.44111098818
14.1594618402257,1100.96098904222,7133.4412500038
28.874510761348,1347.50410829554,7133.4419630038
46.7052855489166,1445.6611463487,7133.44282697255
60.0233851612733,37.256357721116,7133.44347228505
70.8068537078808,1864.83650743696,7133.44399478505
168.924382431931,42.4428270306976,7133.4487263163
178.436020801254,800.580879367629,7133.4491871913
190.2594620141,855.756632223148,7133.44976008193
199.376072038336,758.150764390564,7133.4502018163
208.957364395845,77.418897681536,7133.4506660663
213.97728832638,2353.95325454135,7133.45090930068
241.200064307381,985.095671701686,7133.45222834755
263.444515356095,882.05115433837,7133.45330617568
344.095121380308,90.1456270741008,7133.4572140038
350.266915762556,88.1433120936137,7133.45751305068
356.382599977225,40.8927822159733,7133.4578093788
1.68887913830019,894.236573678597,7133.45806648818
12.0060529410905,849.409764747122,7133.45856639443
24.1406797785683,835.852553837668,7133.45915436318
36.7393440001174,1497.95043036249,7133.4597648163
53.1177042980848,97.2638358742728,7133.46055841005
67.8105026594608,228.546223612902,7133.46127033193
85.9511731732584,192.878671367858,7133.4621493163
177.150165524566,40.4307004542304,7133.4665682538
183.614442154767,91.4903916515719,7133.46688147255
186.917524337686,237.417252524352,7133.46704151943
192.726215059992,170.213426686772,7133.46732297255
203.877624348011,1093.83835322774,7133.46786330068
215.466628253004,20.7881368369245,7133.46842483192
224.593557389382,1168.77463263165,7133.4688670663
235.432491154366,999.034965865064,7133.4693922538
355.58948213637,86.2034957305191,7133.4752143163
358.224402052129,51.3794909395848,7133.47534198818
3.95634442011549,168.772329445233,7133.47561972255
16.3628152437219,950.301948243748,7133.47622086317
23.5568463768717,912.209696668498,7133.4765694413
43.0254571604504,1485.05074903937,7133.47751276942
82.8201322714658,840.157443615652,7133.47944097255
177.019082970997,32.328580784613,7133.48400526943
181.88518764321,165.739227897532,7133.48424105068
189.518103329278,925.298004883501,7133.48461089443
200.509243942041,156.287163766144,7133.48514345693
207.501084964625,1278.82493483611,7133.48548223817
228.525928340507,821.340162548978,7133.4864833788
238.210089307291,1456.43441751275,7133.48695261318
353.313941812751,74.0701180945713,7133.49252983193
356.631212727939,131.261182478859,7133.4926905663
3.37184802621903,177.66679794029,7133.49301717568
10.6474645576186,630.416219227214,7133.49336970693
16.6705992751546,1162.58513926937,7133.49366155068
31.3024503874827,1250.29731012916,7133.49437051943
45.5776472943436,56.0157129014804,7133.49506220692
56.163440412337,689.191925751231,7133.4955751288
70.7698162564523,1950.562600328,7133.49628286318
173.446882151083,50.5035110953678,7133.50125795693
179.500329218302,872.455885314594,7133.50155126942
190.244778638548,816.936185366046,7133.5020718788
209.675337757107,1619.08586537862,7133.50301336318
218.06445063814,821.340162548978,7133.50341984755
234.424752433548,40.1099327362875,7133.5042125663
245.600347128917,1764.10230867674,7133.5047540663
349.597613940452,45.8733710739789,7133.5097931288
355.09608649947,231.649158188851,7133.51005955068
3.35717794007421,136.179026388739,7133.51045983193
8.99270111571788,1099.86819651908,7133.51073289443
21.0299413745918,955.350021314416,7133.51131614443
27.807983388689,704.293401376788,7133.5116445663
37.7984929361757,57.9528335042934,7133.51212864443
47.9495935959785,2611.61847703306,7133.5126205038
182.018355387842,44.5486945943596,7133.51911664443
185.968639176577,151.773829615287,7133.51930805068
190.072419711493,1145.91647282225,7133.51950689443
210.339471562405,628.505858468742,7133.52048891005
216.409042247038,1305.80923851653,7133.5207830038
238.725727043203,2593.1354841191,7133.52186433192
346.925425991255,24.9476463792808,7133.52709972255
350.361689170673,125.254945304576,7133.52726622255
356.511877942375,95.5094267562906,7133.52756422255
10.0292652812683,1099.32141167945,7133.5282191913
18.97174037258,1132.19233988104,7133.52865248818
28.9951420665553,945.862721479784,7133.52913816005
40.0388456262878,25.643993872837,7133.52967326943
46.8852517301683,157.604054806804,7133.5300050038
55.2417949393128,242.584202725382,7133.53040991005
66.6021661543487,3003.91778118581,7133.53096036318
171.509126907029,110.851224033315,7133.5360435038
177.907296732111,232.135310973547,7133.53635351943
190.802635296341,1217.15804102251,7133.53697834755
198.138554165128,808.799860418929,7133.53733380068
212.255739756478,51.6075411571837,7133.53801783193
214.40985364647,2232.29457141372,7133.53812220692
244.197895592584,953.460088659597,7133.53956555067
357.473975988756,164.373223365821,7133.54505420693
0.417824169402099,67.5005815131691,7133.54519684755
9.11941253592865,799.077470858833,7133.54561847255
21.319178754723,185.428797316867,7133.54620959755
28.0694881784025,864.842086834017,7133.54653667568
37.9632560589461,1026.34578613703,7133.5470160663
57.5560186628256,1575.42046075321,7133.54796541005
172.114248235802,26.6544269295066,7133.5535161913
184.321431295331,207.700523446874,7133.55410767567
191.521266933753,1022.82482483673,7133.55445653505
205.229557809727,735.201677315445,7133.5551207538
211.899249221418,1008.61818896902,7133.55544392568
232.455558536735,1489.90120241166,7133.55643995692
260.50579811143,133.602143237432,7133.55779909755
345.138935084124,26.6323890024678,7133.56189989442
357.408355291105,131.76122692915,7133.56249439443
3.9987185516695,76.8708985354749,7133.56281372255
6.72909016088775,194.237681494513,7133.56294601942
17.250388846766,783.117126701427,7133.5634558163
23.8717094062152,1239.6726978281,7133.56377664443
45.3038531674683,1514.71457598973,7133.56481511318
63.2632943446665,33.8718497694401,7133.5656853163
174.992018231419,26.6544269295066,7133.57112655068
187.670010604094,637.057295804766,7133.57174084755
199.332215717882,821.340162548978,7133.57230592567
214.349098612837,1172.88290191198,7133.57303355068
232.055399180586,1387.94697956968,7133.57389148818
246.527304092258,1205.24434876756,7133.57459270693
349.206304834493,95.2138853871354,7133.57956789443
1.25386413042743,121.446908085687,7133.58015164442
5.00518262968563,1069.37958488373,7133.58033341005
17.7157447117896,1013.37593871875,7133.58094928505
27.4834259995094,103.396957662483,7133.5814225663
35.024114625504,1394.86078243323,7133.5817879413
51.7036638730215,243.511877329183,7133.5825961288
58.1563314926773,748.975215181247,7133.58290878505
176.735466266376,41.7453953349689,7133.58865439443
184.821777787314,120.670876069262,7133.58904620693
191.0500047742,144.805070712017,7133.58934798817
194.946758192162,793.792975795071,7133.58953680067
211.047469961188,794.550092386714,7133.5903169413
223.986664808331,1083.89919262208,7133.59094389443
243.377882288388,1602.66311333146,7133.59188347255
348.857553577228,22.3006942773329,7133.59699436318
352.474401144044,112.282710906797,7133.59716961317
359.154411630336,875.894856644521,7133.59749328505
13.8984830778196,220.512788584593,7133.5982076913
17.4569632299338,1072.1870058461,7133.59838011318
33.0123745410759,1695.98579624619,7133.59913383193
51.5477509629003,1383.60822798944,7133.6000319413
76.0540216674324,31.6865318705783,7133.60121936318
84.1454927069005,266.076854993358,7133.60161142567
171.257150652848,32.3104147603726,7133.6058323163
183.211838014588,186.237650301457,7133.6064115663
187.032165552831,289.350488014151,7133.60659667568
195.685060592515,232.45884384071,7133.6070159413
205.669120685528,62.1002346767874,7133.60749970693
207.571383864472,1317.72626144055,7133.6075918788
219.91594009031,1447.32370532807,7133.60819001943
250.685792799824,867.618477062848,7133.60970133192
349.279393946761,86.6383215170075,7133.6144785663
359.737165586786,171.423361616796,7133.61498528505
6.99117650764042,129.24165904149,7133.61533676943
10.4590419351439,852.941661744211,7133.61550480067
27.9109119950397,39.9926515515237,7133.61635041005
29.839295428939,1017.52062331428,7133.61644384755
42.1599886844863,1541.47017372708,7133.61704083193
79.3510236907681,142.05410459045,7133.6188428788
179.265793140872,35.2812987158835,7133.6236841288
189.487837687263,613.498918333732,7133.62417942568
196.235244839536,711.935121966434,7133.62450636318
214.012489256333,1380.99853774776,7133.62536773818
230.048384081102,32.3648850775182,7133.62614473817
233.220865026787,1399.16456198819,7133.62629845692
358.739277951182,132.046110157269,7133.63238030068
3.11232267542103,97.40860201779,7133.6325921913
11.8629268433908,137.756570040004,7133.6330161913
15.7371072270064,1073.30799803407,7133.63320391005
26.9346299699805,360.374036167954,7133.63374647255
37.2618004103118,882.732498208583,7133.63424686318
50.3406256708871,1633.87237073209,7133.63488058193
74.5976253860966,220.342313839161,7133.63605592568
174.64557587024,32.383023346183,7133.6409036288
179.039258893844,114.190865097008,7133.64111651943
190.153906302624,996.624671678603,7133.6416550663
199.289219665999,583.357584460487,7133.64209770692
208.844714318235,790.757459512292,7133.64256070693
230.391980573428,1950.562600328,7133.6436047538
261.027479313238,826.448465218732,7133.64508916005
348.904686067407,112.783601902144,7133.64934714442
354.50570479864,201.268585131587,7133.64961853505
359.675351034979,56.6825891779033,7133.64986670692
9.71326401090514,1287.2598542657,7133.65035308193
23.0316860603219,953.460088659597,7133.65099841005
31.4927102517454,632.320806825959,7133.6514083788
50.9709951982644,399.162342068493,7133.65235217568
60.464897652251,65.0915918387618,7133.6528121913
66.1033230993012,150.655543595946,7133.65308539443
76.2795765902567,2675.30375630542,7133.65357847255
167.149002377314,69.4217114349804,7133.6579814413
173.084424716727,832.248214788223,7133.65826903505
186.268053434182,651.521836481095,7133.65890783193
193.006753809776,680.412060027891,7133.65923434755
205.476751716777,236.783287421716,7133.6598385663
211.072288342257,2496.74458885352,7133.6601096913
237.063543245819,67.151735561044,7133.6613690663
239.924838604412,1001.4393758695,7133.66150770693
353.968080219351,38.5879141140411,7133.66703353505
356.021905296873,140.991995856155,7133.66713305068
1.26175517822798,134.023375730763,7133.6673869413
9.312917268013,877.266648213748,7133.66777705068
15.6804522312703,271.94382856699,7133.66808558193
28.3278097796619,1303.96626829565,7133.66869839443
55.1397562352218,1700.23461976143,7133.66999753505
76.5161123034979,903.600638757496,7133.67103330068
166.02664052189,59.3543131310881,7133.67537042568
174.132622805768,98.8446824390365,7133.6757631913
180.477262260078,35.4141854730372,7133.67607061318
184.669400159859,854.350257206704,7133.67627373818
195.472861981548,1002.03956243661,7133.67679720693
206.407892426733,157.484789098383,7133.67732705068
219.054282513782,1601.16175873526,7133.6779398163
244.31804027414,1649.98437135466,7133.6791639413
351.178859804015,64.1099812126456,7133.6843417538
355.723782176514,89.3606091900701,7133.68456197255
1.82463270971306,174.572994948718,7133.68485758193
11.2866103659318,989.358817093944,7133.68531605067
21.355803152884,1109.66424937686,7133.6858039413
30.7529639399276,34.8459178178828,7133.68625926943
35.5613461090996,1862.25546094931,7133.6864922538
78.5691336276243,262.808497186739,7133.68857614443
181.340584067392,79.2181806263947,7133.69353392568
192.598086673152,686.56974550052,7133.69407939443
202.399305056562,884.773532217054,7133.69455430068
214.627448814976,1149.06029136108,7133.69514680068
233.345344471803,52.0155134242639,7133.6960537538
242.591265797329,1391.40821087125,7133.6965017538
355.396859317415,67.3961164654457,7133.70196761318
1.29100517072096,56.8480887364053,7133.70225320693
6.42185950046874,846.573644519566,7133.7025018163
16.1708373739687,289.869517278163,7133.7029741913
23.6573506799899,195.587240847672,7133.7033369413
30.1055036927763,283.843559767405,7133.7036493788
35.6081684216031,107.757101852624,7133.7039160038
39.5026645173606,45.4619432377346,7133.70410470693
46.3984088597444,2010.0703324033,7133.70443883193
77.5498630189348,1400.88252109649,7133.70594823818
171.386355007727,29.8546881660755,7133.71049497255
173.69332076978,138.097130952808,7133.7106067538
177.710033800693,880.00384756981,7133.7108013788
193.513103765695,129.314323138452,7133.71156709755
200.317266034747,1411.14553375843,7133.71189678505
211.570253996097,1525.78838452655,7133.71244203505
231.528700019183,748.573703024391,7133.71340909755
256.460311456025,1910.70004262883,7133.7146171288
343.712244764606,46.9362153310282,7133.7188448163
352.460914047431,287.526558118145,7133.71926872255
358.785237752058,96.1955029521455,7133.71957516005
1.7416623670503,213.763437506564,7133.71971841005
8.68126295480661,35.7113748294946,7133.72005466005
10.7134824217836,1419.64140443207,7133.7201531288
29.429120793946,835.852553837668,7133.72105997255
36.7444014009086,1579.99358041394,7133.72141442568
69.1070609629364,1916.98301676979,7133.72298251943
174.757320001634,67.0116878653815,7133.72810167568
181.037465061369,918.122522453046,7133.72840597255
193.022142298192,888.164819468074,7133.72898667567
207.901007115178,1478.55860888058,7133.72970761318
226.32061605632,1847.99497926491,7133.73060011318
265.334877908348,1103.14313239712,7133.73247584755
345.624637594825,29.1380704287025,7133.7363661913
348.424985704371,67.8130052111925,7133.7365018788
351.973791656004,209.501943571055,7133.73667383193
4.75884477022385,870.385985507482,7133.7372933163
11.5881598704289,978.35883838826,7133.73762422255
27.3402792239237,47.5822714562923,7133.73838747255
34.6642666075651,1632.39965988993,7133.73874234755
70.6066894201106,1800.53505438593,7133.74048389443
169.562426765646,85.4921897164296,7133.74527867568
181.962125697719,901.60223731317,7133.74587948818
192.837498792259,175.324768592056,7133.7464064413
203.504554871442,1293.78241453537,7133.74692330068
219.412428255783,1707.29252957358,7133.74769409755
246.678415570495,1914.4723584219,7133.74901523818
351.473800974763,70.2958247167373,7133.75409297255
357.894543834191,177.561007563831,7133.75440408192
2.98315432911089,65.7735810261073,7133.75465064443
8.75185850125346,843.728031885149,7133.75493016005
21.0196663352302,986.924986179361,7133.75552458193
28.6948258561267,40.3143525506966,7133.75589647255
34.3248670386394,1938.19360561065,7133.75616926943
62.2428930406378,1231.88814704633,7133.7575220038
176.729856252424,38.1902426349612,7133.76306933192
183.057404703059,310.644843182217,7133.76337592568
190.181781848022,76.7485866526307,7133.7637211288
193.324272881084,934.350707915144,7133.76387339443
208.192818585929,1439.82681333199,7133.76459383193
229.572399325131,205.70072034598,7133.7656297538
242.861476411126,1556.22137398836,7133.76627366005
355.860875702158,44.4166994850725,7133.77174891005
358.94145206237,242.893816171375,7133.77189817568
3.74112749240412,129.314323138452,7133.77213073818
12.7271362418655,1248.37229442676,7133.77256614442
23.0540577334006,252.0054998012,7133.77303639443
35.703350091856,1236.75925056688,7133.77364930068
60.3931074176517,1921.99478554755,7133.77484561318
175.387641859363,85.547111061679,7133.78041753505
186.710928758101,1086.66919906852,7133.7809661913
201.277963001254,141.39123205581,7133.78167201943
205.566520018296,212.352441186781,7133.7818798163
214.807604262352,1501.9588905929,7133.78232758192
235.980480359201,255.853116470917,7133.78335348817
247.993535210724,2175.55062853592,7133.7839355663
351.185911613075,131.117963708682,7133.7889356288
355.335483128346,64.3659153753973,7133.7891366913
1.69011925773677,30.7078494576896,7133.78944459755
2.98581233023057,1103.68814087991,7133.7895073788
20.5876319532407,122.678339709026,7133.7903602538
28.9857740104713,1405.16787094924,7133.79076717568
44.9049339307559,1964.07845542979,7133.79153851943
65.8198322991443,26.0528699308482,7133.79255192568
178.423235783747,40.1099327362875,7133.79800798818
185.367995890033,152.883927739822,7133.79834448818
198.10338836623,1271.28019222766,7133.7989615663
213.908715615896,225.900159689374,7133.79972739443
222.583216303666,1406.02340881202,7133.80014770693
248.698300477846,832.970303843439,7133.80141308192
268.000515718918,2014.85073070273,7133.80234834755
332.530416699024,30.8033043516787,7133.8054750663
344.468013019548,136.316929966185,7133.80605348818
355.375310874315,768.39118401395,7133.80658198818
3.3294087850159,187.644760840655,7133.80696739442
12.2212557394214,1474.48653287086,7133.80739823818
27.169774507053,1021.64843251984,7133.80812255068
35.4070030149074,32.2376431105553,7133.80852167568
39.621391474435,109.572628748111,7133.8087258788
47.1088722042582,2298.12058272216,7133.80908867568
181.866053651255,41.2928614912378,7133.81561189442
188.081704278875,291.420998443925,7133.8159130663
195.928096536371,851.530623791064,7133.8162932538
207.480983586409,1498.75289956469,7133.81685303505
222.034151496813,296.280472378285,7133.8175581913
230.857634323895,43.1562043046174,7133.81798572255
239.486988980511,1797.86163734263,7133.81840384755
347.270723759998,20.8867576012572,7133.8236263788
351.477695341249,135.626010422385,7133.82383022255
0.813263930043391,93.5717128780489,7133.8242825663
4.38270810596004,78.2036727042801,7133.82445551943
9.73284347486672,1211.21590535012,7133.8247147538
19.0942098440152,20.4750869037262,7133.82516834755
31.8728135788422,1405.16787094924,7133.82578751943
44.6946284972183,1380.99853774776,7133.82640878505
74.8893078365052,277.416062344216,7133.82787183193
179.150356881773,70.4293359743424,7133.83292367567
184.533061960108,180.395448579063,7133.83318448818
193.943121618559,744.546924114076,7133.8336404413
203.137447420917,1035.67632248058,7133.8340859413
215.588419439098,296.787400211329,7133.83468923818
230.005826593737,99.6021251586932,7133.8353878163
237.462027512535,1838.86261773125,7133.83574909755
357.687060109721,82.3008466932507,7133.84157445692
1.35550327478569,98.939675896581,7133.84175220693
5.79755707555018,1122.59279649862,7133.8419674413
26.0326841662348,495.286756052593,7133.84294791005
38.1873042787944,1994.45571169576,7133.84353684755
57.8626197798075,35.6125892664316,7133.8444901913
64.3701076310974,973.430003270437,7133.8448055038
176.316957821545,37.8504970421911,7133.8502297538
181.012152231759,252.898590957784,7133.8504572538
185.179137300387,244.128356419182,7133.85065916005
195.582733657979,155.322421591109,7133.8511632538
203.180822349954,1308.56903091114,7133.85153141005
215.77755176144,1423.02547523343,7133.85214176943
228.477794731402,88.2498379928265,7133.85275714443
243.741368781334,827.902246758327,7133.85349672255
344.890157543822,32.1464486974232,7133.85838653505
0.504258781806568,212.529327470179,7133.85914309755
3.87925227511631,73.9431779694932,7133.8593066288
7.08623777783412,162.186847285639,7133.85946201943
15.3395898280212,183.595846858786,7133.85986192568
20.356288975009,1022.82482483673,7133.8601050038
36.3215624628711,1076.6638691706,7133.86087858193
46.1260055547476,991.786652804194,7133.86135364443
179.823279459674,52.6884473550648,7133.86783178505
183.999616179101,89.7801416543942,7133.86803414443
192.561251657595,244.128356419182,7133.86844898818
197.321907923726,760.526197574052,7133.86867966005
203.848421701378,738.465566474389,7133.86899589443
219.854004101382,847.283576632663,7133.86977142567
236.269126241047,1569.3022437091,7133.87056680068
351.611930586147,97.7455755224454,7133.87615559755
2.17353825924942,137.688360712929,7133.87666734755
5.809089202744,92.0023779382717,7133.8768435038
9.68584934562461,1112.91043047856,7133.87703134755
23.7988427671658,337.32192039615,7133.87771517567
34.8157811602826,271.113437255721,7133.87824898818
41.3593859416093,63.6688549104925,7133.87856605068
44.4225488235449,1761.37360252682,7133.87871447255
89.1987736128544,2151.09285939263,7133.88088405068
171.370803240735,71.6197795513906,7133.88486559755
181.651215239369,798.324684136986,7133.88536372255
193.473366516271,1307.64965522445,7133.88593655068
210.327373171314,234.069791327229,7133.8867531913
216.727477844,1550.80304153898,7133.88706330068
241.921904128313,2984.64120085384,7133.8882840663
349.955877245844,102.575975491348,7133.89351872255
355.019979821271,281.45044628225,7133.89376409755
6.48547696778754,934.993971135611,7133.89431964443
11.8269055600154,1276.00086052837,7133.89457845693
26.7763917514492,28.2790752620388,7133.8953028163
33.7024484810566,1546.14354652693,7133.89563841005
52.0425576561154,85.1618914277097,7133.89651839443
69.1651836263609,1812.51658126769,7133.89734805068
175.173064294328,31.0879134934883,7133.90248453505
184.052012339786,193.073418364165,7133.9029147538
187.929739906469,1033.35151546702,7133.90310264443
204.788583642981,226.730356711613,7133.90391951943
208.900748479976,1461.37979495364,7133.90411876943
230.370621431647,1625.01645473156,7133.9051590663
2.18659278143123,94.4212485975982,7133.91154605067
6.53770945806555,64.8385303780863,7133.9117568788
9.12683831838894,787.710230376604,7133.91188233193
27.5399978425982,1288.19377387401,7133.91277451943
38.7778296103369,214.815595867002,7133.91331903505
52.5548070506941,102.575975491348,7133.91398658193
55.3106540032066,1736.62229041582,7133.91412011318
178.012272688501,33.2419473891843,7133.92006547255
184.04121194885,184.412735082518,7133.92035759755
192.831480117301,1008.61818896902,7133.92078351942
206.849344282444,496.196361776668,7133.92146273818
220.993617515011,1596.64936827397,7133.92214808193
232.516192215366,1159.47806911265,7133.92270639443
353.737986257701,88.6746231998359,7133.92858005068
4.7645987762176,93.0683655142595,7133.92911433193
7.55720753288674,248.098180888334,7133.92924964442
16.0778890749553,1176.97662727068,7133.9296625038
27.6743098957655,945.862721479784,7133.93022439443
38.2449468201471,285.427820267969,7133.93073658193
58.5465031530105,372.475300602915,7133.93172026943
66.6702214273066,2849.42913708619,7133.93211389443
171.120619876352,134.931552042694,7133.93716339443
180.136941050578,203.681307930914,7133.93760026943
187.137811361983,1173.9076377637,7133.93793948818
195.855845782983,113.199324913715,7133.93836191005
201.483307206231,55.3408013859169,7133.93863458193
208.105917626543,1087.77531426796,7133.93895547255
225.297552635773,2483.22251650279,7133.93978847255
3.43978257532909,169.660605009447,7133.94648198818
6.79478275601623,111.358561261099,7133.94664455068
12.8940209537526,92.7143986584333,7133.94694008193
17.9026582732631,330.797583769638,7133.94718276943
24.3079225395606,1387.08033947665,7133.9474931288
41.6046834427304,167.431069009183,7133.94833122255
46.0660855693754,1456.43441751275,7133.94854739443
86.7482040242497,25.3214133688617,7133.95051859755
180.157420433127,24.7111706097591,7133.9550446288
186.094455070462,68.9464457748201,7133.95533230067
192.922480309805,746.563033615644,7133.95566314443
204.688843931271,883.413397989585,7133.95623326943
213.584560505804,159.735530358418,7133.95666430067
224.371253798418,1495.54024719833,7133.95718695693
254.957414299725,2033.85908115195,7133.95866897255
345.782338929749,137.483524564885,7133.96306978505
356.983731405472,213.587564301676,7133.96361253505
0.538986774038648,63.1874899625906,7133.96378480068
8.16061596170362,1520.26158328766,7133.96415409755
28.9929614704994,1291.92223585761,7133.9651635038
38.8070787628567,960.997392773777,7133.96563903505
60.1295819106786,266.782040903024,7133.9666721913
178.721615593325,29.5582100462433,7133.97241842568
192.286406398199,211.820894158166,7133.9730756913
196.711691632348,197.118293909782,7133.97329011318
201.019919487412,410.303901965392,7133.97349886318
215.210951161676,963.496726846813,7133.97418647255
228.153370754826,1380.12756778494,7133.97481358193
250.252386847295,909.569419782486,7133.97588436318
351.256110992529,112.031425802961,7133.98077542568
358.632016373939,58.4371231959757,7133.9811328163
2.4126797990782,420.793760946836,7133.9813160038
15.1583913123352,231.811334017173,7133.98193358192
20.0261083950922,1295.63992867787,7133.9821694413
32.4909467084816,1223.07142191858,7133.98277341005
51.7186708048158,99.3187615483393,7133.9837050663
59.8894699954101,140.858671948685,7133.98410097255
70.5100901074966,464.594279714348,7133.98461558193
179.832984481068,31.0122726110418,7133.9899126913
183.476274777439,129.677060756173,7133.99008922255
188.17437142152,204.417940907753,7133.99031686318
197.416423089378,126.077273621128,7133.99076467567
202.205456932669,851.530623791064,7133.99099672255
209.66262531281,887.487583423052,7133.99135805068
231.020600441467,442.046871329538,7133.99239292568
246.289978996671,1469.58523128404,7133.99313278505
345.216371303704,24.4003255100989,7133.99792614442
351.938948136965,99.41330397778,7133.9982518788
1.29644484844562,333.287369924662,7133.99870528505
5.24060169484798,165.057648104927,7133.99889639443
13.9105877757481,272.495997988287,7133.99931648818
20.1855732418717,1315.89994456505,7133.99962053505
34.170867735126,945.862721479784,7134.00029817568
50.8362281752932,1301.19670593842,7134.00110567568
79.6781368507065,71.7508275016598,7134.00250317568
174.833862407682,39.9044616794519,7134.00711383193
180.397796822617,75.8249921184451,7134.00738342568
190.304141099966,155.201407281425,7134.00786342568
196.988988705269,891.543117109705,7134.00818733193
209.462211283196,253.640469738414,7134.00879170693
212.806892351742,960.371560054796,7134.00895376943
231.561872324866,1378.38385150246,7134.00986251943
352.999722660353,33.5233681092451,7134.01574664443
1.55974576584338,82.9829052695352,7134.01616141005
9.68539892528439,244.896797285676,7134.0165551288
14.4315439470055,162.649588242303,7134.01678509755
19.0844945223915,62.4020557449256,7134.01701055068
28.6838453449187,1657.25633216596,7134.01747567568
48.769990296291,1393.99847221,7134.01844892568
63.815412327149,1022.82482483673,7134.01920547255
175.843203041726,133.883126807177,7134.02463364443
186.279369033665,229.694291364879,7134.0251393163
193.77716887563,1086.66919906852,7134.02550261317
209.306460006899,641.7589237806,7134.0262550663
221.145702362558,1535.21662049627,7134.02682872255
241.249260829747,93.1692570316223,7134.0278028163
250.870862249561,1924.49589597743,7134.02826901943
351.16034437015,94.2718889063165,7134.03312842568
354.43537145051,88.4093770414651,7134.03328711318
0.741959202259919,1116.14728570686,7134.0335926913
13.7321046233693,356.389556754877,7134.03422211318
17.6207962138545,156.767321346507,7134.03441053505
23.2066587139347,29.3388854877286,7134.0346811913
28.9102235423015,411.035927516679,7134.03495755068
36.3254705622145,1453.12806232312,7134.03531684755
62.4218513597161,3053.15239756965,7134.0365813163
172.228131405699,129.532093384732,7134.04190184755
182.132218435925,388.088255975916,7134.04238173818
190.119530967715,918.122522453046,7134.0427687538
197.127173170653,1343.03479448761,7134.04310830068
211.497499371454,49.0406951159095,7134.04380459755
220.817911804177,2469.62650329863,7134.04425620693
260.329133843437,977.12893332158,7134.04617067567
344.479852529982,66.165198320256,7134.05024809755
358.145899571128,197.499197551743,7134.05091026943
4.1200185247609,91.2847922251991,7134.05119973817
6.30251002945295,555.373691479844,7134.05130548818
14.6145520440234,1155.32217126457,7134.05170823818
31.4408261086483,76.7485866526307,7134.05252353505
38.908636075531,807.311772987873,7134.0528853788
50.2641702090968,1596.64936827397,7134.05343559755
71.5395924406204,2408.49229449225,7134.05446647255
168.895545417624,56.3918009510722,7134.05918373817
173.543013999879,20.5323587992856,7134.05940892568
176.395602619335,259.354121512345,7134.05954714443
184.057540794224,942.679045934369,7134.05991839443
191.419564315113,929.835375362842,7134.06029059755
206.229742530174,1456.43441751275,7134.06100820693
229.026910877507,2318.9561382253,7134.0621128163
247.625491833043,1524.21131272007,7134.06301398818
353.400225129102,138.572500696377,7134.06813917568
358.471744545265,772.68280662679,7134.06838491005
4.46424443851694,89.727801577677,7134.06867526943
12.9339753315378,1300.27222322582,7134.06908566005
29.2891176459567,423.996449061548,7134.0698781288
39.4802048183826,136.729794153467,7134.07037192568
47.3881892365869,2283.42256214376,7134.07075509755
66.5994672784472,2084.08534874138,7134.07168595693
175.875280660639,93.3203792019555,7134.07698078505
181.68074671202,1060.91235796413,7134.07726208193
198.883990731794,824.26310221706,7134.07809564443
212.583574831089,1892.99620423355,7134.0787594413
237.033735405584,210.396880473418,7134.07994414443
240.869219099898,1368.75377698686,7134.08012998818
260.142734251668,2404.49504751439,7134.08106386318
347.580733978318,64.5844697166886,7134.0853005663
350.028620014666,171.204009302706,7134.08541917568
354.98598432315,29.6573633706831,7134.0856593788
0.0816891842035972,1221.10344058513,7134.08590628505
12.1405350160818,613.988693221046,7134.08649058193
23.0942688379456,813.986877901129,7134.08702133192
36.7899833171129,1707.29252957358,7134.0876849413
60.8083536297423,2991.08049439667,7134.08884872255
175.493314819825,98.8446824390365,7134.09440564443
182.003382505462,148.267023658555,7134.09472108193
189.199348448675,931.127730474657,7134.0950697538
196.975441731242,1339.44855207346,7134.09544653505
213.765276428771,1411.99740788522,7134.0962600663
236.277379368885,913.526920776064,7134.09735086318
247.123407500004,1623.53597232823,7134.09787639443
343.654566454007,28.5065530208906,7134.10256295693
353.052372190252,151.773829615287,7134.1030183163
3.28892794351287,177.243275611971,7134.1035143163
6.65360232468095,1140.65756839921,7134.10367734755
27.1618632998972,940.763689172286,7134.10467105067
35.8463606627484,1466.30863007147,7134.10509184755
51.527536167195,54.6575562587748,7134.10585166005
66.3228806632458,1747.66623395328,7134.10656855068
174.704478810045,132.046110157269,7134.11182005068
183.711448258391,1021.64843251984,7134.11225647255
197.544858340926,176.499675985653,7134.1129267538
207.781414131728,1186.13618926844,7134.1134227538
218.591002933291,2192.06963691931,7134.11394651943
241.070858638577,747.770123599167,7134.1150357538
347.765927462524,39.4903242051381,7134.12020553505
2.92147334710938,233.426750151366,7134.1209398788
7.48219689996235,181.64100779039,7134.12116086318
13.7900745125747,202.199965104732,7134.1214665038
18.7206736544433,155.684895530861,7134.12170541005
25.3381245186837,1309.48751841942,7134.12202605068
43.6825974409685,1256.05470469026,7134.12291491005
56.2338582716185,1058.6431731241,7134.1235230663
176.94808112157,114.519470295615,7134.1293721288
185.540028987287,41.1218732676577,7134.1297884413
189.07432369451,705.14649674891,7134.1299596913
195.350599059037,843.728031885149,7134.13026380068
216.384812128715,904.265773371549,7134.13128298818
229.918323160104,1563.92920835913,7134.13193873818
249.903211875204,845.863157294957,7134.13290708193
352.214271876028,107.407797933501,7134.1378644413
356.49283229307,65.7735810261073,7134.1380717538
3.21540912633125,383.999915198885,7134.13839748818
6.22923373222298,84.2190067684712,7134.13854351942
12.3587843171829,1146.96530051361,7134.13884051943
34.1856339489222,1108.58000557101,7134.13989811318
43.5605441386789,1527.36379099849,7134.14035236318
75.6242720358209,117.115150910507,7134.14190597255
174.020022948228,33.3829526522056,7134.14667497255
185.305903093608,92.6130144796034,7134.1472218163
190.537691147486,216.904619265712,7134.1474753163
194.393168154422,121.755938664592,7134.1476621288
205.227264800395,1091.0865544389,7134.14818708193
216.55377644514,1073.30799803407,7134.14873589443
234.759263865654,1390.54368020197,7134.14961801943
351.156874596004,23.3929282195122,7134.15525792568
356.515394229448,132.543198638757,7134.1555175663
2.44081985623834,94.6200340301573,7134.15580467567
8.51780745668783,118.708626262176,7134.1560991288
13.5351515528771,1161.55041141042,7134.15634223818
24.4447066923084,26.9610601205672,7134.15687084755
29.2253562710625,982.651182646066,7134.15710248818
48.0345115641608,1351.06892340531,7134.15801386318
88.7053434455506,42.6360682870275,7134.15998451943
171.987644639516,36.4276248054907,7134.16401986318
183.191616874505,94.1222932926422,7134.16456273818
188.85648501357,88.0900075106439,7134.16483722255
194.00281801153,228.71057825391,7134.16508658193
204.259689514474,1262.7383583208,7134.1655835663
218.782222563053,440.343400631704,7134.16628723817
226.039780704516,1100.4146482918,7134.16663889443
268.477437483687,2043.29686503968,7134.16869516005
347.105175729263,99.5077631404939,7134.17250497255
350.679456949109,108.8845680286,7134.17267816005
3.43355280198454,1058.6431731241,7134.17329614443
11.2506000585181,959.118673371506,7134.17367491005
26.2948930692906,72.5321677719215,7134.17440386318
33.4844095204894,2418.45721227207,7134.17475222255
67.3059331016736,1838.86261773125,7134.1763910038
176.187040575839,40.3143525506966,7134.18166670693
182.013467288563,852.941661744211,7134.18194901943
189.08302408927,243.666142818455,7134.1822915663
200.72652586392,214.29016894281,7134.18285573818
204.143440717457,1657.25633216596,7134.18302130068
219.74712303666,50.9203269827285,7134.18377520693
221.906396445182,884.773532217054,7134.18387983192
242.545903681915,2142.13002891483,7134.18487989443
349.75563806438,115.499686204057,7134.19007461318
357.058664711596,96.7796884299155,7134.19042847255
0.523950379834819,64.693479739919,7134.1905963788
11.1139356300969,1312.23965027516,7134.1911095038
23.176973669325,854.350257206704,7134.1916940038
36.1103639361145,908.908170949019,7134.19232067567
48.4958740983776,144.285111636222,7134.19292080067
68.9022339256614,1740.77197101496,7134.1939095663
172.23230593138,34.8796026783393,7134.19891630068
179.195769414345,159.853116854514,7134.19925370693
185.57620328655,1018.70167856788,7134.19956286318
200.945870691764,702.155944498628,7134.20030758193
210.877045325666,267.625838157315,7134.20078878505
215.313294621158,1607.15862840277,7134.20100373818
238.815064602746,120.515070145544,7134.20214248818
252.667823011162,1474.48653287086,7134.20281370693
344.274420141904,113.199324913715,7134.20725239443
354.532904017851,90.7687675022473,7134.20774945693
359.672787523797,102.941662138978,7134.2079985038
3.33736099365341,121.21462167336,7134.2081760663
6.59336222273319,1159.47806911265,7134.20833383192
24.5521584882705,997.227855847882,7134.2092040038
31.4695084787399,679.527822899928,7134.20953917568
45.877563907499,1486.66934318697,7134.21023730067
68.1155655392797,45.4102519475974,7134.2113148163
84.899918243677,147.37729092662,7134.21212808193
176.28787924692,40.4016438360078,7134.21655617568
178.360730213263,82.471890427982,7134.21665661318
182.978531357496,124.276075541552,7134.21688036318
193.678802057768,136.316929966185,7134.21739883193
197.42270364121,958.491508384895,7134.21758023818
206.466434968793,911.550335214173,7134.2180184413
222.244674577243,648.283871029776,7134.21878295693
238.527260594529,1553.90145195611,7134.21957191005
260.769454358578,295.518526316485,7134.2206496288
348.701140864324,73.3692273602315,7134.22489711318
354.1896167858,50.5964332930819,7134.22516305068
359.262103625765,28.3827007035997,7134.22540883193
1.1659791401725,141.921779883702,7134.22550108192
7.83018852119207,833.691837787143,7134.22582398818
18.6210739085347,554.290002785507,7134.22634684755
25.8702477479193,368.417713003666,7134.22669809755
36.3641363179804,301.061536811531,7134.2272065663
37.0838941458481,232.45884384071,7134.2272414413
44.4465781437098,86.3124086092348,7134.2275981913
48.1811280388118,1913.21580800263,7134.22777914442
178.984536913256,41.1504233466253,7134.2341170663
185.38335172508,90.975525723902,7134.23442711318
193.307137248557,978.35883838826,7134.23481105068
207.653278042007,738.465566474389,7134.23550617568
215.990150413129,195.491151044891,7134.2359101288
223.556636819478,428.930918561221,7134.2362767538
239.313915766585,1581.51491902458,7134.2370402538
345.898376590839,25.0884608227198,7134.24220467567
354.596417774298,68.9464457748201,7134.2426261288
3.73689076882448,220.171700315852,7134.24306901943
8.49496723815022,121.369525540871,7134.2432995663
11.3646468612811,44.1249189964132,7134.24343861318
15.9656794388989,1151.15139642796,7134.24366155068
31.8506573142918,432.421043417008,7134.24443123818
44.8569263152746,1095.48625726319,7134.2450614413
63.1801161391559,1671.70510767534,7134.24594926943
177.024069952477,108.105260854252,7134.2514654413
179.661247152901,193.947261029059,7134.25159322255
185.758227990891,99.9786989308582,7134.25188864443
198.248219097893,1409.4401201703,7134.25249383193
213.604020207898,1187.14960084532,7134.2532378788
227.331981884353,152.514778584134,7134.25390305068
240.412741992532,1910.70004262883,7134.25453686318
352.035185174799,152.760970539845,7134.25994539443
0.13181580787883,83.7716285229106,7134.26033770693
4.57644936790841,1052.94839514158,7134.2605530663
25.0053822670798,1257.01171693748,7134.26154292568
37.6150105499721,1468.76677487029,7134.26215391005
71.5835813477828,2793.1679191795,7134.2637998163
172.838849053107,192.878671367858,7134.2687015663
179.839074415311,227.887583803543,7134.2690407538
187.808973468824,301.809521818797,7134.26942692568
192.875978278118,1317.72626144055,7134.2696724413
206.78387946785,34.9132528443263,7134.27034633193
211.56775371753,1446.49270339414,7134.2705781288
224.287989962574,870.385985507482,7134.27119447255
242.688250577836,2629.97157385314,7134.27208603505
344.712632835979,42.3320094256052,7134.2770295038
352.12207535062,154.59490632086,7134.27738851943
0.909118810604834,211.288014861921,7134.27781428505
4.61400126768485,356.600388107253,7134.27799380068
11.4787882736436,74.1335118292774,7134.27832642567
16.8079629812069,1731.07395085026,7134.27858464443
39.7228336568256,1258.92340996359,7134.27969495693
50.5611224350673,1110.74738295969,7134.28022011318
179.083040853213,80.0440061454744,7134.28644748818
187.796560704884,226.896029742463,7134.2868696913
193.592997504986,206.975561689582,7134.28715055068
198.781896774834,898.930818671317,7134.28740197255
213.701393053645,1019.29165108317,7134.2881248788
223.986642133749,173.168174244509,7134.28862323818
232.935566679534,1476.11689538252,7134.28905684755
262.228613867612,945.862721479784,7134.29047620693
339.208519404556,37.5702351174123,7134.29420617567
353.73846933141,111.779571709825,7134.29491020693
357.100241478713,203.127056841446,7134.29507309755
3.27364823396389,211.643411129891,7134.29537222255
12.2561098378988,871.076544228799,7134.29580745693
18.9038731269036,1235.78669519731,7134.2961295663
37.8739419693779,1424.7145685431,7134.29704873818
53.221358777305,47.6562539430958,7134.2977923788
56.6621365635921,151.401988168764,7134.29795909755
72.614511142507,174.357597804153,7134.29873205068
180.080288368287,31.9449015850903,7134.30393917568
186.253050136796,186.741400121093,7134.30423826942
197.914610338923,1024.58685979911,7134.3048033163
211.195948184664,877.266648213748,7134.30544684755
225.113200987655,1300.27222322582,7134.3061211913
249.12442547993,194.237681494513,7134.3072826288
255.416501987269,1471.22092286622,7134.3075875038
343.381743631703,25.7125900432476,7134.3118497538
348.066296530256,88.4093770414651,7134.31207673818
353.963989566629,209.860379074556,7134.3123625038
3.13058277857016,178.405554218664,7134.31280666005
6.41625148321272,330.342891929902,7134.31296586318
13.0614349378711,32.6178806187016,7134.31328784755
16.1584574276383,1466.30863007147,7134.31343791005
27.2202194523891,1205.24434876756,7134.31397389443
43.7843236562846,145.581491306501,7134.31477648818
49.5559300998337,233.265712301645,7134.31505614443
76.4104429399039,2258.00311781654,7134.31635734755
173.338152950731,258.046806145273,7134.32105386318
181.913654724434,47.7792978792468,7134.3214693788
189.979650495689,210.753789420259,7134.32186020693
194.365916603477,1484.24073032061,7134.32207273818
210.922281492036,789.235343745531,7134.32287495693
226.072990295152,1762.73851071329,7134.3236090663
242.115012099793,1387.94697956968,7134.32438636318
350.380520253769,23.8896489396234,7134.32963223818
354.593618814894,156.166898857002,7134.3298363788
3.22910041384233,217.941623081863,7134.33025480068
9.37735433794071,261.949156810104,7134.33055270693
19.4800841830423,1374.01501287826,7134.33104222255
34.228347725254,1435.64482524283,7134.33175683193
53.1368244445604,33.6457459115813,7134.33267301943
57.0506689037391,950.934442300877,7134.33286266005
176.961613604887,29.6573633706831,7134.33867280068
179.13991297731,154.716406353117,7134.33877834755
194.048445194778,121.21462167336,7134.33950072255
198.134167264676,1008.61818896902,7134.3396986913
206.996346743519,349.145989897437,7134.34012809755
215.994287015666,998.43289191881,7134.34056408193
233.647057175102,1155.32217126457,7134.34141942567
278.727695697509,272.771638609726,7134.3436037538
355.133600837431,104.301581260735,7134.34730591005
1.34185817641169,48.8006510201977,7134.34760970693
3.57110808526055,103.306058152342,7134.34771772255
13.2559140012462,1083.89919262208,7134.34818698817
26.545958586125,307.727926474044,7134.3488309413
37.5058193878619,1080.56585901295,7134.34936198818
47.2689860311716,923.346565873118,7134.34983505068
64.7943796993805,198.637523096679,7134.35068422255
175.772523584779,38.4965045951979,7134.35606153505
186.38572681859,156.527429906461,7134.35657578505
189.609480850382,264.660793281024,7134.35673198818
199.771868008588,456.104848334249,7134.35722439443
208.887833083623,1084.45374902288,7134.35766609755
216.728743347987,891.543117109705,7134.35804601943
246.004377020248,1005.03516620165,7134.35946453505
342.266826997782,32.1464486974232,7134.3641288163
357.138597373553,416.124107394111,7134.36484941005
3.24750969668878,101.470998270514,7134.36514541005
7.20101819388985,191.804142013474,7134.36533697255
19.3098472885542,485.478102163484,7134.3659236913
26.2926590974001,859.262383468007,7134.36626203505
51.5851168344377,2358.03665482592,7134.36748755067
181.219564178414,122.984275541249,7134.37376883193
192.819532219832,845.863157294957,7134.37433089443
200.149324033664,787.710230376604,7134.37468605067
209.920230067391,22.8982544731027,7134.37515948818
218.728556700861,1760.00769513962,7134.37558628505
238.374204763852,1472.85472706926,7134.3765381913
352.363915932937,34.7784509524551,7134.38206142567
355.154912391684,60.1795349663981,7134.38219666005
359.145505167642,211.820894158166,7134.38239001943
11.7061176866321,1261.78578696567,7134.3829986288
23.9478053031945,29.8153272904056,7134.38359178505
28.1502622775767,794.550092386714,7134.38379541005
50.5214448683157,1918.23734674301,7134.3848793788
88.3845117994246,1884.08200152423,7134.38671398817
173.562924361636,288.309653928565,7134.3908619413
185.384430726877,799.077470858833,7134.39143473818
194.175988831273,1408.58680275358,7134.39186072255
202.852746841247,169.77130812279,7134.39228114443
214.393057456939,1710.10750005252,7134.3928403163
237.147659457302,657.949972282523,7134.39394286317
248.587681298064,2023.18872766227,7134.39449717568
341.51383447159,33.7328880106735,7134.39899980068
350.656242276181,114.437410936308,7134.39944278505
359.997292858106,263.094324104429,7134.39989539442
5.51866096361162,254.232385143993,7134.40016292568
6.45576502057457,1040.88804242508,7134.40020833193
23.7522034491437,1280.70409832759,7134.40104641005
32.4763648500172,83.7716285229106,7134.4014691288
45.72061837946,455.775167607086,7134.40211086318
52.6273267831869,1002.63941593681,7134.40244551943
69.7041616979963,138.708031172108,7134.40327295693
176.815542078055,64.4388500892212,7134.40846291005
190.261018181639,175.431905113932,7134.40911439443
193.348043958784,720.330906034405,7134.40926397255
204.148281072006,252.749959850362,7134.40978728505
212.460323086577,56.8893855634744,7134.41019003505
217.074577010202,932.418253718481,7134.41041361318
225.777455237591,561.831747791786,7134.41083530067
242.464421400925,1586.07038613923,7134.41164384755
351.820852795105,103.669177409227,7134.41694258193
358.044242738061,115.824579094426,7134.4172441288
3.14671949064913,67.9859571417474,7134.41749136318
10.8725071484518,1305.80923851653,7134.41786570693
31.0002510605323,1471.22092286622,7134.41884097255
40.1955442491524,816.936185366046,7134.41928651943
62.0311006200296,274.419820200933,7134.42034453505
63.7385906417665,1985.99692247114,7134.42042726943
177.064331675961,123.669852136743,7134.42591833192
179.85145847704,144.545320157619,7134.4260533788
188.515962527269,206.430164628735,7134.42647320693
192.335000129568,1269.38692890377,7134.4266582538
208.204821811349,731.101235107445,7134.42742720693
218.412677587931,1281.64268087261,7134.4279218163
239.655207672966,2576.38754774803,7134.42895109755
351.569420369561,125.179921983687,7134.43440995692
358.611244654932,87.0709754297039,7134.43475116005
5.94555115071485,292.193658157913,7134.43510653505
10.9625727723034,1297.49477828511,7134.4353496288
22.0001493146222,974.047509316733,7134.4358844413
29.9884293077548,60.1404967492947,7134.4362715038
47.6924725532982,1623.53597232823,7134.43712933193
72.4338254398024,1836.24504490609,7134.43832814443
174.349857020458,71.8816395295363,7134.44326636317
186.195548868131,228.546223612902,7134.44384033193
190.709836416347,1149.06029136108,7134.4440590663
202.284974063672,1165.6839937757,7134.44461992568
218.728473667875,720.748072335908,7134.44541667568
230.863100542893,1943.150529371,7134.44600464443
253.76797450589,811.767986164114,7134.44711447255
347.037560538875,23.5928724473533,7134.45163373818
350.527999038267,115.986692472703,7134.45180286318
358.080941586466,199.204250317386,7134.45216883193
10.2078291086083,1176.97662727068,7134.45275642568
19.5943483089094,184.106840883658,7134.45321123818
32.8702040113566,384.782011808582,7134.4538545038
40.8904087647164,298.806368537186,7134.45424311318
49.5555578016871,1825.73711704492,7134.45466297255
67.5788484617989,2457.91254016581,7134.45553626943
170.321698649407,62.7398757946374,7134.46051455068
177.200351988115,162.765065314652,7134.46084784755
182.72139761902,838.72497835813,7134.46111536318
189.845774688902,876.581029984891,7134.4614605663
203.525043113596,46.6601896009777,7134.4621233788
207.60915281049,1468.76677487029,7134.46232126943
230.647530282127,1402.59814873644,7134.4634375663
239.701580684311,2570.78025533986,7134.46387626942
348.885811993172,72.0774134821411,7134.46916666005
351.804507417746,53.7912943354701,7134.46930808193
2.14231944481984,259.788413004003,7134.46980898818
7.93520906185385,802.081512318864,7134.47008967568
13.5055928561809,1060.91235796413,7134.47035958192
28.7045481227795,345.90205699736,7134.47115148817
34.6148176310399,76.1957719142003,7134.47143786318
39.2268142324599,154.473336899663,7134.47166133193
44.9574667771244,2976.57232195547,7134.4719390038
178.919490302045,31.4447183569211,7134.47842997255
183.646609472486,236.624525529194,7134.47865901943
192.506531629124,805.074340526346,7134.4790883163
206.715944243007,1490.70811250596,7134.4797768163
220.693176908785,201.268585131587,7134.4804540663
231.549201677444,55.5948516389737,7134.48098008193
234.083832743193,1538.34656124729,7134.48110289443
255.495015768021,1377.5111051828,7134.48214034755
347.875868521205,127.485175194231,7134.48661655068
351.362437362928,165.512339944662,7134.48678548818
0.679947524244717,104.66125188735,7134.48723695693
4.74406398359776,992.998461235572,7134.4874338788
11.3573227531103,1131.12985644648,7134.4877543163
30.3280365823268,838.72497835813,7134.48867351943
48.4271082104977,2184.37623544787,7134.48955048818
173.163848559094,30.1287675363859,7134.49559445692
180.915434034791,83.1525473476979,7134.49597005068
188.727966646915,892.217244530258,7134.49634859755
201.607826618014,311.369791061722,7134.49697267568
212.987223684329,1200.24534755458,7134.49752405068
229.466195269367,1619.08586537862,7134.49832251943
260.614747194692,2331.3679875514,7134.49983178505
342.989289295116,24.4243774510933,7134.50382314443
347.99502438076,180.082726508601,7134.5040656913
358.815254769065,860.660709367522,7134.50458997255
8.89702391528273,1314.07096315428,7134.50507847255
22.5047034666451,33.1357996596893,7134.5057378163
28.7738844650371,1541.47017372708,7134.50604158193
52.0866857196085,1619.08586537862,7134.50717117568
74.5320369429436,2894.64741065615,7134.50825873818
169.269724198372,122.294854798533,7134.5128847538
173.020075236288,198.637523096679,7134.51306647255
182.613621591083,1118.2998971293,7134.5135313163
195.49735121985,296.280472378285,7134.51415558193
199.712384591038,1342.13906655134,7134.5143598163
216.749877979967,2243.0421964259,7134.51518534755
248.239282930405,1899.33802019482,7134.5167111288
353.936622885401,186.035770122217,7134.5218325663
1.44280702944353,117.195336768461,7134.52219626942
7.52785645737029,127.337709820985,7134.52249111318
13.3104269247219,1314.98578692657,7134.52277130068
28.6897684928762,1197.23597702404,7134.52351648818
46.1842048246601,1501.9588905929,7134.52436416005
47.5453597530713,28.2790752620388,7134.52443011318
186.381549777682,59.2751195349628,7134.5311572538
192.087049453653,693.540169738327,7134.53143370693
204.011746902771,332.384147982978,7134.5320115038
215.753925154426,1215.18051177105,7134.53258045693
229.846602788744,1369.63207442165,7134.53326330067
260.020643941289,1215.18051177105,7134.53472534755
345.992685282648,81.9003476149049,7134.53889101943
355.494004539829,230.510832643915,7134.53935139443
2.92279534280949,890.868490088792,7134.53971134755
13.1722500050182,92.1044282509165,7134.54020797255
23.9476567616892,1097.67928080373,7134.54073008193
34.587625199656,1661.60418757499,7134.5412456288
47.8296213318123,234.871150306404,7134.5418872538
64.5814043643217,873.833116976641,7134.5426989413
83.837183563215,207.157041520745,7134.54363195693
86.9342060529823,53.1323318675447,7134.54378201943
168.398086825999,38.4354492677375,7134.5477292538
179.046439528503,121.05952351682,7134.54824520693
184.455587261313,178.194778377438,7134.54850730067
193.297128553413,523.036891575401,7134.54893570693
200.5475922912,898.930818671317,7134.54928701943
215.131072588827,1082.23385808515,7134.54999364443
234.372985492512,195.395019608746,7134.55092598818
237.911149857403,1473.67085201466,7134.55109742568
358.834041342971,108.8845680286,7134.55700341005
2.44766420132031,192.488636141519,7134.5571785038
17.9514800268356,200.520378079716,7134.55792972255
21.0194800277821,1331.34425706061,7134.5580783788
37.5358583661777,1256.05470469026,7134.55887866005
50.7591511591957,47.0611466463211,7134.5595193788
57.021882703114,111.947541514557,7134.55982283193
71.9362194258541,209.3225037747,7134.56054548818
181.305549728982,34.6600699530075,7134.56584484755
183.53899180764,108.625414219077,7134.5659530663
190.220614666936,232.297139857174,7134.5662768163
202.161113221326,881.369255356645,7134.5668553788
211.464757124974,938.844335607314,7134.56730617568
225.45101896695,1029.2706686954,7134.56798386317
264.097048297179,1440.66181206881,7134.56985641005
348.377078285014,131.618549392698,7134.57394009755
356.565935978167,107.669879956251,7134.5743368788
1.86931283029528,63.7057281926978,7134.57459384755
5.36297607569351,1110.74738295969,7134.5747631288
16.3083256330201,414.314083041489,7134.57529347255
28.314930992529,147.886355938986,7134.57587523818
30.7741036023606,366.577157517867,7134.57599439443
35.9630028722091,1743.53298465491,7134.5762458163
53.3036200207513,162.880459120274,7134.57708603505
62.9171596130881,2190.97251452638,7134.57755184755
174.277755446768,56.057627290107,7134.5829476913
179.640789687081,765.254859480535,7134.58320755068
191.180132878971,902.934949031931,7134.58376667567
202.40829052131,1379.25593168831,7134.58431072255
220.694395991352,1404.31188899726,7134.5851967538
240.989180470223,1557.76591626022,7134.58618011318
353.663205329273,73.1769089767909,7134.59163959755
0.409967532344204,142.845499317978,7134.5919665038
12.3307953613346,107.669879956251,7134.59254411318
17.0340515614855,1207.23808727519,7134.5927720038
26.3270538783916,28.8342249382678,7134.59322228505
32.0567389241725,1289.12680530391,7134.59349991005
55.6832348195406,227.392354945621,7134.59470689443
63.7389115161949,173.817960025247,7134.59509722255
70.7239806097052,957.86412135368,7134.59543567568
172.651298726304,67.1167565968744,7134.6003744413
182.933323097942,138.978689667724,7134.60087264443
188.885191491829,215.165177341881,7134.60116103505
192.101528682886,279.843676009861,7134.6013168788
202.069465120945,920.085008182525,7134.60179986317
213.862271509507,1077.22220032969,7134.60237126943
227.492201658156,819.874834689927,7134.6030316913
250.75340738956,2394.47195404807,7134.60415878505
342.412567504812,70.1620497811639,7134.60860001943
349.01905434525,32.4554653985398,7134.6089201288
352.832932391478,76.0723775639072,7134.60910492568
0.0962950382132899,434.847491348478,7134.60945686318
9.68468176185662,1485.86021264663,7134.60992145693
21.7931883443794,165.057648104927,7134.61050816005
24.7696062344537,910.890474159487,7134.6106523788
39.1550886288658,904.265773371549,7134.61134941005
48.9153530758505,58.6777709754571,7134.61182233193
71.1978558271237,2343.71433371905,7134.6129020038
176.125777278688,740.092209738918,7134.61798616005
188.440988503564,229.038940591231,7134.6185828788
196.665318140012,279.306022754611,7134.6189813788
202.393068375729,1434.80705094845,7134.61925891005
215.349031751947,933.062849206578,7134.61988667568
231.533263766827,1497.95043036249,7134.62067086318
353.56639767282,34.7784509524551,7134.62658383193
359.777856168172,161.490279482202,7134.62688480068
11.6809480067446,130.974578405052,7134.62746155068
16.1626658455314,235.350627875164,7134.62767870693
24.4105359025875,43.4815065897265,7134.62807834755
26.4098632230757,1483.43037853493,7134.62817522255
45.1671005184055,964.12056116435,7134.62908408193
65.4009377106873,1025.75969940233,7134.63006448818
175.271109074,132.967789556737,7134.63542683193
182.572523385753,40.7777527022812,7134.63578061318
187.52666294823,174.141950859408,7134.63602066005
199.276258040622,1344.824362981,7134.63658997255
217.785836682092,1146.96530051361,7134.63748683193
239.492404188739,1137.49043517686,7134.63853859755
358.19182108753,197.689364878073,7134.64429003505
6.57512946329024,80.6287051013932,7134.64469623818
9.925615037108,105.644007430961,7134.64485858193
15.4653640446922,148.773049435391,7134.6451270038
20.221828178555,315.684589580201,7134.64535747255
23.863183627322,1368.75377698686,7134.64553391005
47.8950977981002,936.921207284058,7134.64669834755
64.3073176288177,1421.33438352232,7134.64749358193
175.532152631652,86.0944440739253,7134.65288284755
185.729044384431,824.992185677331,7134.65337692568
194.798573454828,813.986877901129,7134.6538163788
213.776381650179,1469.58523128404,7134.65473592567
233.586490520695,1032.18722458109,7134.65569580068
245.965873703085,1428.92842003306,7134.6562956288
353.13755634545,113.033221671444,7134.6614885038
356.912415265316,103.850261723437,7134.66167141005
358.145226278699,37.4449984907876,7134.66173114443
8.76100927177431,419.362489179065,7134.66224551942
15.2807511203509,283.843559767405,7134.66256142568
22.134574140048,1360.82412005578,7134.66289351943
34.2808099505296,52.9108527824729,7134.66348205068
36.2927136302832,193.850380192373,7134.66357953505
46.7182381105613,943.953804011244,7134.6640846913
59.2930393993604,1876.40747384421,7134.66469398818
180.384554679062,56.8480887364053,7134.67056133193
184.899487176479,822.802881383922,7134.67078009755
190.983891617664,271.25202084477,7134.67107491005
203.741857090667,778.496933584449,7134.67169308193
215.73556361631,1572.36423881102,7134.67227422255
229.486098327111,1116.14728570686,7134.67294048818
273.327476344122,976.513425676728,7134.67506476942
339.249880964925,29.3188667788158,7134.6782904413
359.030644796938,174.572994948718,7134.67924889442
0.938390044094293,230.999372408114,7134.67934133193
10.0969214285577,302.803976337529,7134.67978509755
14.7044034606491,466.209126859241,7134.68000834755
21.3728049363966,1301.19670593842,7134.68033145693
35.1397857392129,155.443338756278,7134.68099851942
41.2038744307149,96.3906246487234,7134.68129234755
50.9747804644419,2314.80390411321,7134.68176578505
72.6800580726861,1583.0348143453,7134.68281748818
169.008614817798,114.273111806451,7134.68748497255
177.538325536065,724.907078808457,7134.68789826943
190.211480864811,1085.56208466837,7134.68851233193
205.415397564097,653.824827612226,7134.68924901943
211.445949159909,1507.55274930248,7134.68954122255
231.905516883364,2199.73639303817,7134.6905325663
0.704116444189786,199.015526280988,7134.69677334755
5.91171909071717,89.3606091900701,7134.69702567568
15.1540932707171,1232.86392206268,7134.6974735038
29.7095185033254,1124.7331954678,7134.69817876943
40.9621839900751,435.883246163726,7134.6987240038
49.9085287015141,281.71734389737,7134.69915748818
61.0789638032719,126.374979925181,7134.69969873818
178.252120054466,36.6205364643601,7134.70537622255
189.369669697113,90.8205038951948,7134.70591491005
195.473422464178,229.694291364879,7134.70621066005
198.767152996298,436.572389350687,7134.7063702538
212.794046375179,287.526558118145,7134.70704991005
222.809386279218,1198.2399517052,7134.7075351913
241.688840472163,1406.02340881202,7134.70844997255
351.367421552318,27.026315213563,7134.7137643163
353.895603163594,125.404867046264,7134.7138868163
2.11283839636618,256.8791568347,7134.71428497255
11.4406676698245,235.190922293071,7134.7147369413
16.5225061981289,199.015526280988,7134.71498317568
20.4992326788783,1127.93596684924,7134.71517586318
34.8315071771191,1753.16205996978,7134.7158703163
51.4730047220772,244.282233330395,7134.71667666005
64.333343551036,38.3130437098256,7134.7173330663
84.3101704762,1807.20127751499,7134.71830101943
175.461759399068,50.9664289938261,7134.72271766005
177.573951966373,817.671763631012,7134.7228200038
189.686650718705,441.025577169185,7134.72340691005
198.908386636881,199.392807820331,7134.72385373818
205.815095003067,1536.7823680279,7134.72418839442
223.675859740799,1509.14714058814,7134.7250538163
238.024257856454,172.188888147851,7134.72574905068
256.748602967754,1503.5592770829,7134.7266563163
349.699908934892,99.8846838573542,7134.73116016005
357.86683850536,63.1131050199407,7134.7315558788
4.51814893989092,324.836768594849,7134.73187816005
10.8563389772674,422.931578647479,7134.73218526943
16.5718352907795,291.678792230243,7134.73246220693
23.6878280961244,1334.05109181695,7134.7328070038
33.4152003590796,373.08015010673,7134.73327833193
42.3928249190851,67.7783593139303,7134.73371333193
49.6623144706116,2262.25971289296,7134.7340655663
177.16844566741,38.8306053977772,7134.74024372255
182.852984606956,226.398649827431,7134.74051916005
192.374942125961,779.654507621075,7134.74098053505
202.657611409259,1307.64965522445,7134.74147876943
217.816382002311,229.857827216406,7134.74221326942
226.374147823137,1362.59026284336,7134.74262792568
254.475337971799,2262.25971289296,7134.74398953505
345.175465907401,71.4227496589892,7134.74838430068
353.621978816874,257.901144884443,7134.7487935663
0.683151353043936,101.378370975791,7134.74913570692
3.60990860509554,1090.53543972948,7134.74927751943
14.8493527082971,1192.20344707571,7134.74982211318
28.8085269465967,48.8247081653626,7134.75049848818
34.8545571730804,400.290439683815,7134.7507914413
40.7335468703149,2232.29457141372,7134.75107630068
78.0442190524875,24.1584929144834,7134.75288414443
183.792276129923,43.7507460815389,7134.75800676943
189.139509264964,360.582508296403,7134.75826586318
206.39628365551,1029.85464600636,7134.75910201943
212.599357848784,841.587521893672,7134.75940258193
232.441713879046,1910.70004262883,7134.76036401943
356.859206813073,155.805535140274,7134.76639251942
2.5579345599701,106.705783098349,7134.76666864442
4.69334514836378,68.6733933608075,7134.76677211318
12.1279404190757,1107.49476256444,7134.76713234755
27.020671531271,959.118673371506,7134.76785395693
34.6132781925747,393.091059702755,7134.76822184755
43.3326025119782,36.0712779090555,7134.76864433193
48.5769670377436,196.927557594151,7134.7688984413
66.0849471901358,2101.32355960013,7134.76974676943
172.156999853158,33.2772559508143,7134.77488636318
181.648322472798,789.99679020697,7134.7753462538
193.749734689186,79.455012014229,7134.77593261318
196.885453830715,491.325591323033,7134.77608455068
211.319951951489,1613.13329360979,7134.77678395692
223.259483194699,699.15245815011,7134.77736247255
240.782941977763,1032.76953655751,7134.77821155067
352.187071544673,33.0648460000749,7134.7836095038
0.483634928571846,663.410271162235,7134.7840115038
9.81307653749308,92.0534204418288,7134.78446355068
15.5098694743261,573.482650256807,7134.78473958193
23.8090125799493,879.3203387647,7134.78514170693
41.0161262573919,2157.7908349002,7134.78597545693
69.6310145407695,99.9786989308582,7134.78736195693
175.820769532078,32.4554653985398,7134.7925072538
189.163054514245,716.145254209266,7134.79315373818
201.423767944546,849.409764747122,7134.7937478163
209.626814407509,204.785285951026,7134.79414528505
222.847527366181,1654.35132259972,7134.7947858788
247.152897933632,1499.55503569998,7134.7959635663
350.95017689868,103.306058152342,7134.8010040663
2.79393386120836,376.68870800367,7134.8015779413
5.89579339490498,152.391543828401,7134.80172823818
10.0950256608206,140.858671948685,7134.80193170692
18.6176420129528,1437.31915258627,7134.80234466005
32.9134771440971,963.496726846813,7134.80303734755
42.3290188707596,325.991567073913,7134.8034935663
51.4749738208764,53.8349399781257,7134.80393672255
63.6437827032456,2325.17027853874,7134.80452634755
171.410748953658,39.4903242051381,7134.8097480663
179.428696347272,771.124997189787,7134.8101365663
188.900025729371,177.243275611971,7134.81059548818
199.449701954868,911.550335214173,7134.81110666005
205.013313895202,966.611901631609,7134.81137623818
217.328847594679,1992.04253092944,7134.81197297255
244.283971721819,132.543198638757,7134.81327905068
257.630448873795,1422.18015142248,7134.81392573818
352.815519394192,132.330396640512,7134.8185378163
2.50838713765534,180.499573620985,7134.81900747255
7.92172707781509,137.141423217635,7134.81926976943
10.9236202361022,1211.21590535012,7134.81941522255
26.817304888174,477.675010657208,7134.82018533193
31.8343265097625,164.601693386501,7134.82042842568
38.9280687929018,1973.84997235872,7134.82077214443
76.3496713367457,1901.86888460175,7134.82258536318
173.888466023352,40.9214849506068,7134.82731148817
178.503687408321,165.625832493355,7134.82753511318
182.857706318821,894.908702697705,7134.82774608193
198.922623669951,964.744062414979,7134.82852448818
210.885372821628,1579.99358041394,7134.8291041288
235.065624144976,1787.12800114056,7134.8302757538
259.20072936209,1881.52737834457,7134.8314451913
347.366226307025,62.7024335231319,7134.83571714443
349.852808995133,167.543257045821,7134.8358376288
355.429319806874,159.028207269429,7134.83610783193
3.4185671862682,1099.86819651908,7134.8364949413
12.1852949341113,1034.51458510762,7134.83691972255
25.0516110470613,1249.33519085602,7134.83754314443
40.132020912789,65.3796114469252,7134.83827384755
51.810994593192,2274.98087035372,7134.83883973818
180.84897461693,372.273462057038,7134.84512248818
192.184193000813,117.275467115263,7134.84567172255
200.675529541919,1463.84626642515,7134.84608316005
223.02833123058,1339.44855207346,7134.84716623818
248.813848915591,2519.75662557413,7134.84841564443
345.299772064553,109.486857080565,7134.8530907538
351.043323443084,95.951038781017,7134.85336905068
356.763979312666,117.275467115263,7134.85364623818
2.82032865129195,56.099506984264,7134.8539396913
5.80029376197413,846.573644519566,7134.85408408193
16.4067251042509,1765.46499641717,7134.8545980038
43.7097966601799,932.418253718481,7134.8559209413
60.5480022474906,2285.52798908765,7134.8567368163
175.611545690646,72.2726600788093,7134.86231208193
182.337347232374,814.725231723656,7134.86263797255
195.06790258956,778.882958130112,7134.8632548163
208.971934084084,631.369179160401,7134.86392851943
216.059871786869,1671.70510767534,7134.86427195693
237.173735482275,1549.25139383977,7134.8652950038
354.674201013056,147.759263158243,7134.87098834755
6.53666131472264,207.881364899798,7134.8715631288
12.3318082539616,205.70072034598,7134.87184392568
20.2778443371847,1670.26592556851,7134.8722289413
40.8702705825381,1226.01739871442,7134.87322672255
54.2157803857933,878.636274848077,7134.87387336318
177.895457026935,71.6853312821009,7134.87986611318
191.323842126843,675.534461702654,7134.88051676943
197.917752532934,827.902246758327,7134.88083626943
210.354650669921,985.095671701686,7134.88145084755
230.02383915352,867.618477062848,7134.88240389443
256.362074099609,1971.41147850743,7134.88368008193
346.156377789275,106.969579027894,7134.88803095693
349.617471287704,63.2617846996197,7134.88819866005
354.124664507325,108.8845680286,7134.88841705068
8.44307271035725,651.983134147827,7134.88911083193
14.4849108045723,1408.58680275358,7134.88940358193
31.7497469850557,53.747613998345,7134.8902401288
35.1453787026487,161.722801816921,7134.89040466005
43.6109174258603,1698.81952949424,7134.89081484755
188.794971575706,218.45827924416,7134.8978495663
198.689706917593,771.124997189787,7134.8983290038
208.647001806449,1044.92370311959,7134.89881147255
225.280759998531,1341.24289452586,7134.8996174413
351.480556536093,24.4724102094196,7134.90573230068
358.36856156314,108.8845680286,7134.90606605068
5.47713752775014,70.562597431767,7134.90641048818
9.35970217590302,177.455175554009,7134.90659861318
17.8713544666921,56.7240074356157,7134.90701103505
20.9212960026203,313.534642693014,7134.9071588163
24.0705589647568,1270.33383812147,7134.90731141005
46.5310663441628,927.245336068694,7134.90839970693
58.6418302113501,1823.10067042835,7134.90898651943
177.595032706333,97.40860201779,7134.9147502538
187.001867656317,843.728031885149,7134.91520605068
198.59474129406,933.707000605466,7134.91576776943
211.950892571436,665.672128530304,7134.91641492568
224.689187281498,1819.13883956497,7134.91703214443
255.651027839552,1506.75483201468,7134.91853236318
344.0585535114,20.7174034871915,7134.92283776943
346.693473389619,51.9251308617186,7134.9229654413
351.508949924926,238.049524536876,7134.92319876943
6.10113699923124,1122.59279649862,7134.9239058163
17.6475746323367,1118.2998971293,7134.92446528505
29.0827593916295,1213.19987389512,7134.92501936318
38.3283582425551,38.0053037651873,7134.92546734755
60.1639145758917,2703.91731227448,7134.92652536317
176.1026474407,146.738454720463,7134.93214303505
187.456569238803,951.566492268796,7134.93269317568
201.087789285855,1428.08653791349,7134.93335366005
225.171621454402,2272.8656734472,7134.93452061318
249.70497976261,1461.37979495364,7134.93570934755
349.779372976309,39.3413565613621,7134.94055833193
355.219155608483,260.654886563572,7134.94082191005
1.68439966248567,257.463661501589,7134.94113517568
14.3124088474563,1014.56187895366,7134.94174705068
24.8459614930806,1553.12740446334,7134.9422574413
36.639090281162,364.727276158661,7134.94282886318
43.1333568615261,45.0206816271503,7134.94314353505
54.2199492052882,366.372071569643,7134.94368072255
68.6509001429949,390.790039217492,7134.94437995693
181.777675925254,36.3630965616313,7134.9498613788
187.150061853907,110.851224033315,7134.9501216913
194.846182073687,673.30574449187,7134.95049459755
206.22880388601,201.641661701224,7134.9510461288
210.058483075052,771.124997189787,7134.9512316913
231.493528995089,1397.44482652304,7134.95227030068
258.076520323632,1206.24166211059,7134.95355834755
348.802768476649,76.6873647917166,7134.9579543788
352.311910352719,92.8156718149609,7134.95812441005
1.40336758334296,285.427820267969,7134.95856492568
6.20272050123534,321.814963566425,7134.95879747255
9.93565806087469,887.487583423052,7134.95897834755
17.6169445616441,50.8279980604431,7134.95935053505
27.2075886074924,1499.55503569998,7134.95981523817
52.4203957563439,2105.89679028317,7134.96103689442
174.209419939534,54.5284928321621,7134.96699261318
187.788399514217,760.526197574052,7134.9676505663
194.708651738552,372.878644627761,7134.9679858788
208.836156442044,1010.99983940145,7134.96867041005
222.013980654227,1630.92572780243,7134.96930892568
242.165587461516,902.268815217155,7134.97028534755
344.001001067724,27.0480304820353,7134.97521966005
0.889834716859621,464.917687681421,7134.97603798818
8.23865245705304,158.08020170649,7134.9763940663
12.5523623427886,733.973937183663,7134.97660308193
31.918104517092,1328.63176016684,7134.97754142567
41.859598300676,1046.0737831508,7134.9780231288
61.2550079505422,1374.01501287826,7134.97896291005
176.766787710037,75.3277717979728,7134.98455989443
186.600253290734,904.930408385241,7134.98503636318
198.585575551839,668.825939076356,7134.98561709755
204.994709400723,988.142678792769,7134.98592764443
223.991865959496,1400.88252109649,7134.9868481288
254.512564604885,1454.78218360751,7134.98832697255
351.646011871804,70.2289684739732,7134.99303345693
358.580130391348,149.905379775994,7134.9933694413
4.19824008871531,247.795062247036,7134.99364166005
12.462878712387,127.411456385396,7134.99404211318
18.0932423319598,28.0288136450535,7134.99431492567
19.6243401361079,1349.2876815846,7134.99438911318
30.5970997717108,1275.05805913586,7134.99492078505
59.3471038991917,815.462863901217,7134.99631383193
174.127839294875,55.3832257832454,7135.00187539443
188.544279025712,315.922593641105,7135.00257392568
196.468064549189,239.622877096224,7135.00295786317
204.430869274109,266.218047606515,7135.0033436913
212.427855968839,1091.0865544389,7135.00373117568
226.981556295507,1164.65193045201,7135.0044746913
252.00926441255,96.1955029521455,7135.0056873788
1.25025083819001,114.765315306631,7135.01098051943
7.00283143045935,106.441327973883,7135.0112592538
11.8305619255118,367.600838657722,7135.01149317568
17.613132430404,130.327443281786,7135.01177336318
22.5950045832989,248.40093870715,7135.0120147538
31.8583394621828,357.862683930676,7135.01246359755
40.9984899070272,1694.56715326533,7135.01290647255
60.9730595850675,925.947540864058,7135.0138743163
70.4676069131743,92.5622842262719,7135.01433436318
176.892766561056,38.3436823958583,7135.0194910663
182.027812985531,115.255416321958,7135.0197398788
190.223765044819,312.09307360669,7135.0201370038
196.161122156755,1017.52062331428,7135.0204246913
212.463379012063,235.190922293071,7135.02121459755
222.15850404019,1376.63791477394,7135.02168436318
239.373034595909,1497.14740604878,7135.02251847255
350.607543799223,27.776295152826,7135.02790820693
354.42496906606,112.031425802961,7135.02809317568
2.65058852582897,223.559143419649,7135.02849173818
8.46701860101216,758.547169521506,7135.0287735663
14.9509659941529,269.863104085388,7135.02908773817
22.5922659822993,1423.87024393287,7135.02945798818
35.2328516016165,50.7817642103614,7135.03007047255
47.3742503681688,769.564023617164,7135.03065876943
62.6255704583543,96.6825716708364,7135.0313977538
70.8863393868172,2100.17891966174,7135.03179801942
168.490595966882,39.2816161542964,7135.0365273163
175.910357593664,191.902077562034,7135.03688683193
185.556144345747,1035.67632248058,7135.03735420692
195.471840386518,172.95102849868,7135.03783466005
201.878072001536,21.1660047128026,7135.0381450663
204.175686037709,1015.1542939596,7135.03825639443
218.204191789594,1677.44995671626,7135.0389361288
229.128580648036,345.467238149766,7135.03946545693
245.578529706712,1194.21905697692,7135.04026251943
351.200601738914,32.4373722326854,7135.0454144413
356.934478954504,96.5367091820823,7135.04569226943
0.525206266364791,294.244156817669,7135.0458662538
11.005550978277,185.428797316867,7135.0463740663
14.8374874895237,992.998461235572,7135.04655973818
21.6661576405272,21.0128806715781,7135.04689061318
26.350388026939,1259.87831278707,7135.04711758193
51.6915390908193,860.660709367522,7135.04834545693
65.6249155863053,1724.11362964198,7135.04902058193
171.687938960507,60.8393752044023,7135.05415973818
175.519875471754,113.696177472811,7135.05434541005
185.868329048029,206.430164628735,7135.05484683192
189.61610036422,1012.18855519392,7135.05502842568
192.845013952084,660.685783859805,7135.0551848788
211.512281472004,78.5034190431411,7135.0560893788
215.840825076751,1629.45046344731,7135.05629911318
232.575517030503,798.324684136986,7135.05710997255
266.440251870318,1788.47314735719,7135.05875084755
344.62233359636,66.695510225756,7135.0625390663
350.624185177952,53.0881102966951,7135.0628298788
352.703163049086,83.7716285229106,7135.06293061317
1.73109327139692,898.261687254376,7135.06336805068
12.3533257189462,292.964291714881,7135.06388273818
17.4809553402275,700.441260548246,7135.0641311913
24.8813685660478,52.5545509888481,7135.06448976943
30.9390078030762,2245.18559299725,7135.06478328505
65.8295265017787,1025.17350164533,7135.06647386317
71.9951939416939,1432.29050841853,7135.06677261318
163.625654005185,30.7842397406777,7135.07121245693
173.704843392138,124.653481980985,7135.07170083193
185.153249459897,972.193880954819,7135.07225555067
192.507871705363,866.925198295121,7135.07261191005
206.311614349877,1403.45524091146,7135.0732807538
221.714173901579,86.7466862231048,7135.0740270663
229.571852657478,1472.85472706926,7135.07440780068
253.813696179076,1946.86000654087,7135.07558241005
346.706312256912,99.1293991337017,7135.08008341005
353.989345629046,204.785285951026,7135.08043630068
1.58227480249161,79.2181806263947,7135.08080420693
4.78990521687006,1085.00808337908,7135.0809596288
10.9329995473569,817.671763631012,7135.08125728505
29.086246533042,276.466266546649,7135.0821368788
32.2068094809584,1505.95669268228,7135.08228808193
55.4486668489409,2038.58330216633,7135.08341423818
65.6107315700867,138.029074281398,7135.0839066288
175.1684401437,61.9108445065741,7135.08926955068
186.720682244537,698.722413261521,7135.08982930068
197.217473048464,894.236573678597,7135.09033791005
207.384374813539,598.115557082224,7135.09083053505
223.975244259132,1964.07845542979,7135.09163442568
249.955212664291,956.607904001316,7135.0928932538
348.855484753909,25.9625654308593,7135.09768534755
352.660011111798,153.497173305261,7135.0978696913
359.323575506076,66.9766395122728,7135.0981925663
8.48404177568414,949.669010097409,7135.09863642568
17.4777898780221,164.829816462486,7135.09907220693
28.8120408381031,886.809792266519,7135.09962139443
36.3588564439707,866.231419927033,7135.0999870663
56.2747361576275,1525.78838452655,7135.1009520663
177.296597411603,33.9411172778359,7135.10681603505
185.996573442666,205.517963758339,7135.10723758193
189.723384022433,236.941938291935,7135.10741816005
196.0577043646,227.722618539872,7135.10772508193
202.408470836324,1282.58059728381,7135.10803280068
219.563666440917,949.669010097409,7135.10886403505
228.404240309214,918.122522453046,7135.10929239443
0.0973498497228675,73.7523583871358,7135.11567342568
8.42680538011033,123.36562327242,7135.11607701943
13.5895843950038,134.023375730763,7135.11632717568
23.7816390287726,967.233737547701,7135.11682101943
30.7186598197231,757.754081703865,7135.11715714443
46.4288577754498,1254.13857077206,7135.11791836318
71.2843658071732,112.115254580214,7135.11912270693
89.1735080469839,243.511877329183,7135.1199895038
173.142997396929,32.9581258118328,7135.12405814443
185.38919954528,215.514203705247,7135.12465151943
188.555875985692,269.305550082422,7135.12480495692
192.550983443601,157.723223370709,7135.12499853505
202.730139205963,1199.24303820795,7135.1254917538
220.898219835578,1004.43675599138,7135.1263720663
231.649441184899,809.542932689311,7135.1268930038
261.996938473533,212.882655947766,7135.12838661318
343.344406779126,20.9008105961361,7135.13232820693
354.395849691735,75.2029480355354,7135.1328636913
0.0713594175424337,143.370662564202,7135.1331386913
5.08257657139938,149.528889270556,7135.1333815038
10.7226143914532,33.8371622388145,7135.13365478505
13.4142893864512,613.498918333732,7135.13378520693
26.136460441559,1165.6839937757,7135.13440164443
43.9266037673031,671.517397243804,7135.13526364443
58.7209808395516,1694.56715326533,7135.13598048818
176.720955660158,56.057627290107,7135.14169803505
183.159434510004,124.728824490994,7135.1420100038
190.300257671901,933.707000605466,7135.1423560038
196.464312738813,253.343984679688,7135.14265467568
207.694727665816,1159.47806911265,7135.14319883193
222.90702862964,314.252929234371,7135.14393592567
227.32779929446,1503.5592770829,7135.1441501288
248.227863981378,845.863157294957,7135.1451628163
351.635651727679,26.521927015688,7135.1501733163
356.277315804662,120.748716581076,7135.15039822255
2.72321149524293,157.8422947901,7135.15071055068
9.12815324939894,155.926077605173,7135.15102089443
15.0219766281038,418.645007549401,7135.15130647255
20.4053266556407,53.043854031376,7135.1515673163
22.6739182029926,1195.22547414874,7135.15167723818
37.4979627132634,1459.73322318582,7135.15239551943
57.4248064882632,270.558464521287,7135.15336105068
68.61878204817,305.029557168268,7135.1539034413
180.005820573864,43.5893994510383,7135.1593005663
186.442364576106,159.735530358418,7135.1596124413
191.836033715785,184.514611922815,7135.15987378505
195.208447374748,169.660605009447,7135.1600371913
199.135835654535,58.3969192446965,7135.16022748818
206.536893867097,1163.6190899722,7135.16058609755
219.784372029925,184.819826110072,7135.16122798818
223.928784064207,1124.7331954678,7135.16142880068
246.052308038627,1005.03516620165,7135.16250076943
250.725574401236,20.802254016572,7135.16272720693
273.639155140911,301.311087191891,7135.16383745693
348.972195468106,54.1828248934451,7135.1674876288
356.444520004318,123.36562327242,7135.1678496913
4.51945456784651,134.44330371204,7135.1682575038
7.55037025249496,616.431961031338,7135.16840436318
18.6679199326821,1110.74738295969,7135.16894305068
34.1246548043583,1217.15804102251,7135.16969198818
55.7212592980548,1491.51457851104,7135.17073842568
174.829570874682,59.7486990439045,7135.17650967568
186.752333513736,296.026730906007,7135.1770873788
193.157920179553,377.286785147035,7135.1773977538
198.104320426694,816.199829944964,7135.17763742568
211.134452435508,1387.94697956968,7135.17826878505
228.159046840408,712.357284271548,7135.1790936913
239.510066367104,1476.93113294878,7135.1796436913
346.380237547777,26.277275494424,7135.18482195693
353.135384052927,103.396957662483,7135.18514926943
356.776739501694,79.3366830564857,7135.18532570693
7.4824922701788,862.753923858151,7135.1858444413
12.7929635635223,592.560944756571,7135.1861017538
26.3419531880419,965.989732648609,7135.1867582538
40.0186418534702,1658.70683854763,7135.1874209413
72.7579488585065,1012.78241348979,7135.18900728505
170.844623724721,121.524235119352,7135.19375995692
180.591666825698,88.8333989701451,7135.19423223818
190.635061794755,880.686801263408,7135.1947188788
198.594964210728,830.078061841988,7135.1951045663
213.385149150708,1252.21943925169,7135.19582120693
235.080430158952,927.245336068694,7135.19687242568
246.944825345764,1728.29317524048,7135.19744730068
341.516876305236,33.5058439326907,7135.20202967568
352.392249362236,115.336899753071,7135.2025566288
0.838439834647957,268.18694487396,7135.2029658788
4.82129325772979,924.647969302583,7135.20315886317
15.7618057711268,87.0170116518132,7135.20368897255
24.0174151810597,1383.60822798944,7135.20408898818
37.742152111507,174.24980902625,7135.2047540038
43.4424922314073,890.193363467517,7135.20503020693
53.681627819015,1955.48799375445,7135.20552633193
174.736053472756,41.2644120262318,7135.21140355068
186.147697698819,816.936185366046,7135.21195648817
191.563617435784,217.250828438154,7135.21221891005
195.768976644032,254.67541964197,7135.21242267568
207.251564794224,992.392723553337,7135.21297905068
219.406829855985,1761.37360252682,7135.21356801943
237.726794896318,837.290015098802,7135.2144556913
354.208893333865,72.4025353560087,7135.2200996913
3.92110936566783,71.3569550669924,7135.22057028505
6.30063134977249,278.227607619641,7135.22068558193
14.8864521980763,1068.81714589946,7135.22110159755
28.3251563725852,441.025577169185,7135.2217527538
32.5301931813138,254.380155828571,7135.2219565038
41.9254191207531,1237.73125082494,7135.22241173818
60.0238457997225,1620.57045560715,7135.22328867568
176.534644251489,112.031425802961,7135.2289340663
180.727749575073,566.626967568595,7135.22913723818
190.902390693025,85.6568635465571,7135.22963023818
195.560500824481,1081.67808043902,7135.2298559413
209.076275827912,1431.45073572271,7135.23051083193
223.403713244682,532.718313905889,7135.23120505068
234.628323703954,721.165016592806,7135.23174892568
256.429697992399,1630.92572780243,7135.23280528505
344.738050059233,32.4192651890431,7135.23708416005
347.158848454364,102.941662138978,7135.23720145693
352.432880380611,137.551831036475,7135.2374570038
359.926810602448,34.4902544024972,7135.23782011318
4.1218506985547,222.379406555895,7135.2380233788
10.3436282685069,1141.71128107188,7135.23832484755
17.3354693286324,49.5646995668508,7135.2386636288
26.7977694594519,1108.58000557101,7135.23912211317
42.9207317882236,785.417009208089,7135.23990333193
54.4771660588702,1898.07125572372,7135.24046328505
177.579617669605,36.9715889847466,7135.2464280663
188.632672880136,251.109188997845,7135.2469636288
193.759335040074,1051.23398874696,7135.24721203505
209.379240820872,998.43289191881,7135.2479688788
223.828572698198,1587.58595159014,7135.2486690038
236.869346293755,921.391019037543,7135.2493008788
357.967706720971,135.140260093536,7135.25516809755
2.08728839870028,215.688480964538,7135.25536770693
7.85953979145082,80.4537408916062,7135.25564739443
15.8503995438486,1202.24752375719,7135.25603458193
29.2091306555705,1009.21415668864,7135.25668186318
36.7865810857218,286.216633726966,7135.25704901942
51.2449422143271,87.2326655354527,7135.25774958193
62.2293108980153,1797.86163734263,7135.2582818163
174.477995024755,29.1582140377056,7135.2637206913
183.441108265269,890.193363467517,7135.26415498818
193.230072726473,175.324768592056,7135.26462930068
202.802013395643,135.833649883565,7135.26509309755
206.19087314662,1377.5111051828,7135.26525730067
219.253574864863,1026.34578613703,7135.26589023818
236.88796412222,234.550934230526,7135.2667446913
245.397681527864,1695.98579624619,7135.26715701943
347.27050188743,22.8211980562998,7135.27209314443
353.019535334173,130.75922289385,7135.27237170693
356.025298187669,113.696177472811,7135.27251734755
6.67623068697873,719.495740764131,7135.27303342568
14.3691261607521,141.39123205581,7135.27340617568
17.3945598147289,1333.14947969865,7135.27355276943
32.6836091704139,376.68870800367,7135.27429358193
42.7012063215764,218.45827924416,7135.27477897255
49.9045891430655,1746.28955740275,7135.2751280038
78.7764877311014,82.1866116829106,7135.27652695693
174.340140579652,38.5879141140411,7135.2811573788
180.85117565155,170.764458129469,7135.28147286318
189.467308887077,134.233513193749,7135.28189034755
192.480166144248,590.018867097086,7135.28203633193
199.814795114632,1224.05419133997,7135.28239172255
219.893200713128,328.51774078857,7135.28336459755
227.996280800681,1371.38689293437,7135.28375722255
243.602965197931,1819.13883956497,7135.28451342567
349.639223443058,143.108316863483,7135.28965128505
355.220893810869,122.141116665198,7135.28992173818
357.671682118623,73.0484145394783,7135.29004048818
6.70090220179624,1207.23808727519,7135.29047798818
21.4788331820301,1109.66424937686,7135.29119403505
27.656804043908,292.707635907163,7135.29150533193
40.1983907116178,62.6649634960508,7135.29211301943
48.6097541523966,2527.38074912884,7135.29252058193
176.656671087587,34.4050309075694,7135.2987249413
184.651078060592,733.154315035733,7135.29911230068
199.63603619532,600.122673777292,7135.2998383788
205.990994761772,986.924986179361,7135.30014630068
223.848212241355,2117.28634624819,7135.30101155067
266.878250394708,882.732498208583,7135.30309651943
338.902726508312,36.4598490287804,7135.3065863788
354.939266282283,142.713910133985,7135.30736341005
358.124646136915,210.932007971287,7135.3075177538
6.04359457892156,383.804155124068,7135.30790145692
11.3434242855228,88.8333989701451,7135.3081582538
14.6368323430419,225.400559328293,7135.30831783193
21.899227528434,1463.02447934232,7135.30866972255
37.9525358314791,733.154315035733,7135.3094475663
46.8888839053771,1367.87503546287,7135.3098805663
89.6754556122201,128.658833586925,7135.31195373818
185.429689448169,398.031052561976,7135.31659339443
191.616640024028,99.1293991337017,7135.31689317568
196.547561640497,20.9569202269666,7135.31713209755
203.941202937244,845.863157294957,7135.31749034755
212.793708253146,605.607952675058,7135.31791928505
218.548868642221,1414.55003266344,7135.31819814442
242.601743474343,1283.5178475612,7135.31936359755
350.546714352888,21.6460217805636,7135.3245939413
354.650172375662,177.77251892781,7135.32479276942
359.116411583778,66.6250457581619,7135.32500917567
11.6567084281658,1202.24752375719,7135.32561680068
22.2937745947263,161.373886475857,7135.32613220693
28.4687936854402,1050.66177980007,7135.32643141005
39.1819632946604,356.178642135774,7135.3269505038
49.8796542356679,1473.67085201466,7135.32746884755
74.1334292424108,88.6746231998359,7135.32864403505
176.679327912773,37.5389615225874,7135.3336224413
189.144488700763,844.440350977749,7135.33422642568
199.215938772379,185.530091290076,7135.33471442568
202.35327024937,705.572766879214,7135.3348664413
219.321754561774,1429.76974704112,7135.3356886288
237.786509609151,1329.53659193191,7135.3365833163
259.450833243429,1174.93148543701,7135.33763303505
346.188100993491,81.5555054045625,7135.34183578505
351.054850577365,212.529327470179,7135.34207159755
359.662599585895,91.0271510945471,7135.34248867568
2.38329706971405,475.783246134398,7135.3426205038
10.3061151693887,1249.33519085602,7135.34300439442
23.5087698132047,264.092220314538,7135.34364411318
31.4651250085695,1417.09799450496,7135.3440296288
46.9986082345661,1655.80449351665,7135.34478228505
69.6964551181496,81.6130774072832,7135.34588208193
178.210589312246,41.5480184978723,7135.3511400038
190.179465481337,576.09772508016,7135.3517199413
197.875263188976,697.430391216614,7135.35209283192
203.412109925154,196.545529851377,7135.35236111317
218.994931427195,1428.08653791349,7135.35311616005
233.101475394262,1400.02387460925,7135.35379967567
251.765518205716,679.527822899928,7135.35470401942
349.322048957822,82.5857229824756,7135.3594310038
353.04466740532,143.239559102781,7135.3596113788
356.842744308735,37.4449984907876,7135.35979541005
4.14802831569698,425.412149951399,7135.3601493788
10.0660370642119,403.655886493937,7135.3604361288
17.4371053641516,234.711083901828,7135.36079328505
25.8520160255382,341.528916258937,7135.36120101943
32.470434313581,1495.54024719833,7135.36152170693
44.0678225581934,60.6460506813455,7135.36208364443
50.4830833869505,1877.68867121463,7135.36239448817
182.734714693809,57.7091603670699,7135.36880258193
187.879435281225,780.810416323163,7135.36905186318
198.019571917225,894.908702697705,7135.3695431913
208.731774102643,470.381844586143,7135.37006223818
219.84448670136,1740.77197101496,7135.3706006913
248.655438040348,1604.16302463773,7135.3719966913
352.497648904405,151.153575767005,7135.37705434755
1.73389610453178,91.2847922251991,7135.3775018788
6.131771185323,122.371640598473,7135.37771497255
13.0042975441583,33.6457459115813,7135.37804797255
16.1951594670028,1284.45443170477,7135.37820258193
22.9158014151195,1185.12188951314,7135.37852822255
42.3034717496498,372.071540244434,7135.3794676288
48.5400830386132,107.58258867094,7135.3797698163
58.1358866405323,77.9027675701371,7135.38023476943
65.3611975096263,2143.25246439273,7135.38058486317
171.889225804324,32.3467398699595,7135.38574655068
183.852619867662,84.7194814301844,7135.38632622255
189.994746849428,1080.56585901295,7135.38662383193
201.946854451903,679.970080241787,7135.38720295693
209.507858865121,425.412149951399,7135.3875693163
222.575075077611,1715.72367424488,7135.38820247255
247.226780738388,1212.20822268953,7135.3893969413
359.633153668497,178.300194053627,7135.39484345692
2.41963548283334,57.4235728412198,7135.39497847255
8.02678115639843,965.989732648609,7135.39525016005
17.2681878750553,311.611070280549,7135.3956979413
26.3454562983289,333.287369924662,7135.39613776942
31.5678927014082,1264.64161365192,7135.3963908163
50.8275415955104,82.4149082312431,7135.39732401943
66.1546426537548,2508.27714154411,7135.39806667568
173.226681395311,123.669852136743,7135.40325472255
180.183050512142,97.93761635013,7135.40359178505
183.641886763447,73.8796315791213,7135.4037593788
190.033607171596,1390.54368020197,7135.40406908193
205.263644125837,974.66457127382,7135.40480703505
211.413187873257,582.841996887851,7135.4051050038
228.53936106411,2376.32402644294,7135.40593483193
1.02478465453814,78.6827131227241,7135.4123542538
4.26272745614039,103.487780844791,7135.41251114443
10.496758948298,36.2336896597704,7135.41281320693
17.442808990528,1235.78669519731,7135.41314976943
32.9843540064612,1012.78241348979,7135.4139028163
50.6753217727277,953.460088659597,7135.41480097255
67.1891203518583,118.550239069926,7135.4156011288
176.385283108323,48.5110319969895,7135.42089209755
185.241013170233,152.883927739822,7135.4213211913
191.205135486325,199.392807820331,7135.42161017568
201.039246053765,900.267527192966,7135.42208667568
214.029069000273,866.925198295121,7135.42271608193
231.68183919725,1316.81354709201,7135.42357142568
253.635420333473,1400.88252109649,7135.42463516005
348.147491505241,77.0539951289173,7135.4292146288
352.513441863346,117.595461146536,7135.42942617567
358.037067253516,155.684895530861,7135.4296938163
8.99983032665947,890.868490088792,7135.4302250038
13.8656125242714,1225.03618360525,7135.43046076943
28.4826299175885,1091.0865544389,7135.43116901943
53.3858638148116,255.41210812996,7135.43237567568
58.6885957552785,2279.20571305162,7135.43263261318
175.0439626508,76.8097668801815,7135.43827047255
183.62301160757,152.514778584134,7135.43868616005
191.484882495738,1084.45374902288,7135.43906709755
200.543447504792,141.656741892149,7135.43950601943
208.92611093135,904.930408385241,7135.4399121913
223.574085661092,2095.59325448083,7135.4406219413
256.034131801724,1206.24166211059,7135.4421947538
354.083399952121,265.511307384614,7135.44694561318
358.94789221379,86.2579729865587,7135.4471813163
4.9890854338846,230.510832643915,7135.44747403505
9.35568074119075,161.838931145297,7135.44768561318
12.7693708487208,297.546098870782,7135.44785101943
21.3493871917522,1369.63207442165,7135.4482667538
33.4801443715621,1454.78218360751,7135.44885453505
57.151534679205,1295.63992867787,7135.4500015038
182.219987019512,61.3774517321808,7135.45607220693
186.871647696496,581.292569634684,7135.45629759755
200.745689278397,983.874204329993,7135.45696984755
209.267015694585,966.611901631609,7135.45738273818
224.253586164776,45.8733710739789,7135.45810889443
233.486931131037,1461.37979495364,7135.45855628505
248.989134546008,1676.01554856844,7135.45930742568
350.643641290217,41.4348069743831,7135.46423297255
354.723236380242,140.858671948685,7135.46443064443
1.01692526058529,854.350257206704,7135.46473559755
12.3053851276895,1100.96098904222,7135.4652825663
19.0918114438649,172.733619074883,7135.46561139443
30.8610773367373,162.880459120274,7135.46618166005
33.8429772574831,1918.23734674301,7135.46632614443
50.9707627837995,170.984379432859,7135.46715605068
55.6733740722896,30.9554222532871,7135.46738391005
65.2195169986454,1971.41147850743,7135.46784645693
168.122635861509,26.7423947569734,7135.4728325038
176.108658532437,565.564928223239,7135.47321945693
189.977863032868,132.117247697572,7135.47389147255
197.350543705811,1333.14947969865,7135.47424870693
210.117215917952,1218.14558440292,7135.47486730068
221.054181173201,139.383671271531,7135.47539723817
233.429372223322,1760.00769513962,7135.47599686318
273.123113535126,2038.58330216633,7135.47792017568
347.181743963311,81.1513287124477,7135.48150859755
350.063999983248,175.645983868655,7135.4816482538
0.306360241781931,368.213681767315,7135.48214453505
7.3626957340225,150.780207763823,7135.4824864413
10.3800675980629,1091.0865544389,7135.48263264443
16.9643038787547,1613.13329360979,7135.48295167568
32.4503837138523,39.7865768109185,7135.48370203505
39.3074314044752,383.412329663102,7135.48403428505
58.9708153828022,3349.16006039521,7135.48498705068
174.524194027924,651.983134147827,7135.49058605068
187.568192294406,67.3263875206054,7135.49121808192
194.785763885705,1393.13560687526,7135.49156780068
203.411571284172,1000.23789251225,7135.4919857538
215.948320870412,46.8610948656245,7135.49259320693
221.153666269816,1389.67870544349,7135.49284542568
247.686029423911,2542.56038445533,7135.49413101943
339.975882974726,28.3205715823076,7135.49860192568
347.295355676417,74.3233530275944,7135.49895658193
357.342620340683,279.843676009861,7135.49944341005
3.55956082916508,133.179578476472,7135.49974464443
6.36248869797588,1347.50410829554,7135.49988045693
16.0356856409576,47.334830499679,7135.50034916005
24.1374758301081,449.465409335659,7135.50074172255
34.5468766554315,822.071855033357,7135.50124609755
42.6486668445819,1328.63176016684,7135.50163866005
69.291315523769,2987.86240193749,7135.50292959755
169.110310730732,477.989592351236,7135.50776620693
180.079523258349,266.782040903024,7135.50829770693
189.989092244165,1380.12756778494,7135.50877786318
201.693541230321,1257.01171693748,7135.50934498818
211.830775594915,790.757459512292,7135.50983617568
230.353253145333,2455.95477288418,7135.51073366005
354.968744057657,73.9431779694932,7135.5167717538
0.987041656181855,121.05952351682,7135.51706336318
7.56031387553065,54.8291655133593,7135.51738186318
11.8420990385798,193.46227397854,7135.51758933193
15.4676533445336,1277.88424286734,7135.5177650038
38.1519564075087,1033.35151546702,7135.51886414443
53.3294304147803,1411.99740788522,7135.51959955068
81.0713865987093,222.548340866879,7135.5209437538
176.841744052072,63.8898031701807,7135.5255841913
181.970663534216,159.735530358418,7135.52583270693
186.165703667862,829.353419273815,7135.52603597255
196.603159595745,696.999236105,7135.52654170693
210.524604568545,1373.13949100104,7135.5272162538
224.22838087519,770.735086863539,7135.5278802538
242.853404560282,1430.61051893767,7135.52878270693
349.46850024636,23.6425948263452,7135.53394861317
353.571958344217,167.767383318917,7135.5341474413
359.23102201555,130.543506560166,7135.53442164443
11.8687053634608,1098.77429377292,7135.53503398818
21.1352649508113,1108.03755060118,7135.53548298818
42.7650841031379,90.975525723902,7135.53653103505
54.6320590492147,2563.28536174522,7135.53710603505
174.880903282133,41.7735152025145,7135.54292628505
179.141405271697,612.027095669987,7135.54313272255
191.762965039734,111.105180611304,7135.54374428505
198.580993641536,134.652775041211,7135.54407464443
201.942120802096,854.350257206704,7135.5442375038
216.107677133067,2201.92197808444,7135.5449238788
240.734230000232,832.248214788223,7135.5461171288
353.895510226902,63.8898031701807,7135.55160022255
357.755501803167,161.490279482202,7135.5517872538
5.74249189789662,209.681244589532,7135.5521742538
13.2009501388992,830.802093787497,7135.55253564443
20.3740205731648,769.173280623647,7135.55288320693
38.8513520173478,75.3901038819116,7135.5537785038
42.2382769582621,1651.44131702988,7135.55394261318
73.6225560523011,1518.67873832146,7135.55546330068
171.585724084957,44.4695461010447,7135.56020998818
175.910397994495,724.077187097549,7135.56041953505
188.643210673886,832.248214788223,7135.56103648818
200.344112476975,297.040503305368,7135.5616034413
206.833864412929,1534.43313610779,7135.56191789443
223.101294236603,1686.03031536207,7135.56270611318
249.816821574902,743.334671593487,7135.56400058193
339.49342289874,26.521927015688,7135.5683457538
354.819234096123,187.944909635362,7135.56908834755
1.64822668418623,210.932007971287,7135.56941923817
9.16634231337454,140.05605009082,7135.56978351943
12.1359882743743,130.75922289385,7135.56992741005
17.6844440210966,1224.05419133997,7135.5701962538
32.7222875773953,811.767986164114,7135.57092489443
41.5273895023987,1290.99109180686,7135.57135153505
63.3845515213616,91.6442893794667,7135.57241059755
179.344567522114,38.2823807376642,7135.57802930068
190.260249641419,112.533440899121,7135.57855820693
193.604873023988,781.964604179564,7135.5787243788
203.844008611596,703.866409601517,7135.5792205038
218.490693480476,767.216568053897,7135.5799301913
234.406306180153,1678.88303259645,7135.58070136318
354.800636628793,94.669660999358,7135.58653492567
358.818317121049,68.3648970767337,7135.58672959755
3.69764313926944,116.954612661146,7135.58696601943
10.9010259232179,933.062849206578,7135.58731505068
21.1430637071507,755.767892712811,7135.5878113163
36.115767882133,1525.78838452655,7135.58853680067
53.2712859988672,37.8504970421911,7135.58936805067
59.7997346241227,871.766492327453,7135.5896843788
177.591069954772,31.7790481429991,7135.5953918163
184.003106075062,114.765315306631,7135.5957025038
188.901457982103,719.495740764131,7135.59593984755
202.932865930313,1136.4328367236,7135.59661972255
223.184761625153,781.580078434985,7135.5976010038
231.656104853637,1423.02547523343,7135.59801147255
261.652141340508,1472.03804701235,7135.59946489443
346.042456815894,65.4155271617718,7135.60355392568
349.206231059982,97.841644508545,7135.60370722255
357.519240498354,191.117191516987,7135.60411001943
5.29210903491467,830.802093787497,7135.60448664442
10.1330609135153,983.262915532634,7135.60472120693
24.6752647625755,1785.7817447009,7135.60542583193
44.1203351255459,101.470998270514,7135.60636801943
53.8273916388184,703.43914027049,7135.60683836318
59.5054811614316,1739.38996539391,7135.60711348817
179.198112284764,451.134407608578,7135.61291305068
190.645550966262,977.743996877223,7135.61346772255
202.340970701139,755.767892712811,7135.61403441005
213.060589764832,1325.91382318026,7135.6145538163
223.578663742244,1112.91043047856,7135.61506345693
245.723793402291,925.947540864058,7135.61613647255
359.183604936374,127.70605406498,7135.62164398818
4.16160746914139,141.524042485131,7135.6218851913
7.34666484917292,62.2890419799127,7135.62203951943
11.9576940267908,962.247947988715,7135.6222629413
24.168746781529,843.015157681037,7135.62285461318
40.9008589760164,1406.02340881202,7135.62366534755
63.1943257886328,156.40734540856,7135.62474555068
73.0484295936133,48.1953123243617,7135.62522301943
85.2046620416358,1598.15494171767,7135.62581203505
168.403120440065,43.1017478652596,7135.6298433163
174.182143799431,84.2747607809891,7135.63012333193
181.411646838334,1021.05979227218,7135.6304736288
191.033893169809,584.901571620833,7135.63093986318
200.672908067899,1360.82412005578,7135.63140691005
219.058334926609,1322.28117344368,7135.6322977538
235.61534476437,1411.14553375843,7135.6331000038
258.041347624284,552.660583963416,7135.6341866288
346.836955058738,80.3368829793705,7135.63848911317
351.479264084922,130.902844119873,7135.63871405068
358.441115232425,106.441327973883,7135.6390513788
3.53649761887793,290.387602852604,7135.63929826943
9.93273259635526,1018.70167856788,7135.6396081913
21.2653711834328,911.550335214173,7135.64015730068
32.7353829368184,928.541243894188,7135.6407130663
53.4313227406486,62.0245452220836,7135.64171586318
59.1980921402683,2384.40689415143,7135.64199528505
168.161429999425,32.8867905130537,7135.64727497255
178.192893520878,651.983134147827,7135.64776103505
190.022139238996,532.718313905889,7135.64833420693
203.695603083336,835.852553837668,7135.64899673817
217.480642351171,2125.22244247282,7135.64966467568
231.904176485683,959.118673371506,7135.65036355068
352.248523784159,48.5835954799896,7135.6561946913
356.44066168394,67.674324477629,7135.6563978163
5.66368750051916,219.145257496223,7135.65684470693
12.0886225297571,187.143425756098,7135.65715601943
15.4974755933577,342.846723233592,7135.6573211913
21.4873956522636,1223.07142191858,7135.65761142567
39.846057344358,795.30643182224,7135.65850097255
48.7778908489273,1359.94016048357,7135.6589337538
77.5517579091581,2216.07510120236,7135.66032795693
169.805970815819,59.0369073072416,7135.66481366005
178.815842573111,981.426717672207,7135.66525022255
191.680868787658,988.750858965659,7135.66587358193
204.507198387985,1732.46283985407,7135.6664950663
222.742998195722,1432.29050841853,7135.66737866005
243.412495269997,772.68280662679,7135.66838017568
354.693762915009,116.954612661146,7135.67377217567
359.252551657799,117.994225501405,7135.6739930663
8.46848310824293,855.053750026258,7135.67443961318
15.4648387752378,121.524235119352,7135.67477861318
22.379609006442,1048.37027947724,7135.67511366005
40.6582975982087,840.157443615652,7135.67599933193
58.0105237197549,282.250389727068,7135.67684011318
71.0732254004568,1886.63329403482,7135.67747305068
170.125059388653,92.1044282509165,7135.68227248817
183.318684781189,589.509163706481,7135.68291176943
189.483062285161,148.140236189143,7135.68321045693
193.248569516688,1333.14947969865,7135.68339291005
210.526304606119,890.193363467517,7135.68423008193
219.332051480324,1523.42216619417,7135.6846567538
240.672613093164,1196.23111416445,7135.68569078505
349.874257917841,66.9415634035886,7135.69098201943
1.50518325814373,61.2241993214191,7135.69154558193
4.13687842789594,225.733737257983,7135.69167309755
10.3921930935384,1081.12208074829,7135.6919761913
26.409707016229,270.83610354417,7135.69275230068
29.9759264461385,1191.19436536863,7135.69292509755
52.4612642196374,1694.56715326533,7135.69401459755
175.523084293466,50.0832222916081,7135.69997741005
184.754494374582,190.131549393513,7135.70042470693
191.605092648272,628.027352345129,7135.70075664443
197.199016975829,1086.66919906852,7135.7010276913
211.452285760004,703.011704406009,7135.7017183163
227.807330670388,1479.37173622381,7135.70251039443
249.477781284539,2793.1679191795,7135.70356041005
344.550953981922,30.0702483746473,7135.7081670663
346.459021666139,138.436845320555,7135.70825951943
355.445352927742,351.505852203005,7135.7086949413
1.03186041456396,912.868558522462,7135.7089656288
9.07141341872289,289.090640315237,7135.70935517568
15.6040541762471,1731.07395085026,7135.70967170693
33.0023937902894,68.5021761537286,7135.71051472255
42.5053254580148,1742.1530884576,7135.71097517568
62.2828645815611,366.782132443788,7135.71193347255
178.090673734535,22.7696837079572,7135.71754480067
185.674573694241,182.980783303144,7135.71791226943
195.657988800512,782.348963390689,7135.7183960038
205.272495816651,1027.5166273388,7135.71886186318
218.217495169067,135.209760054877,7135.71948909755
229.637201260147,62.2890419799127,7135.72004242568
236.200154329813,2024.37711038783,7135.72036042568
269.826582204108,742.525374519687,7135.7219897538
341.899106695353,71.9469622767477,7135.7254819413
350.287574627184,123.973331600524,7135.72588839443
356.782486081668,60.6460506813455,7135.72620309755
359.990116496047,855.756632223148,7135.72635851943
11.8522543606536,1232.86392206268,7135.72693328505
25.8217477110947,206.248046419333,7135.72761016005
34.9190094094502,172.62481721847,7135.72805095693
39.1421046081158,99.5077631404939,7135.72825558193
41.2549420870811,252.601245476214,7135.72835795692
49.2657951521015,2477.40472580915,7135.72874611318
178.2236958893,44.8377203421391,7135.73499461317
183.584150407889,505.797181915568,7135.73525434755
194.539819077357,120.437090855852,7135.7357851913
202.196275184033,679.085232491161,7135.73615617568
212.409612991287,1561.62083264633,7135.73665105068
230.387757545164,513.758313669399,7135.73752216005
241.789727683368,1364.35418518488,7135.7380746288
344.391944984806,24.9946747327146,7135.74304866005
349.925889449578,112.366352333915,7135.74331680068
359.248559204506,82.6993959424094,7135.74376851943
4.41940000933599,190.329085825169,7135.7440190663
12.7424061227904,58.2761408574051,7135.74442234755
16.9896867288065,1431.45073572271,7135.74462814443
33.0084905499,405.142613901788,7135.7454043163
41.046431218596,892.890872350449,7135.74579378505
63.9970962745693,1962.85343534441,7135.74690583193
83.7491601299027,1805.86989806386,7135.74786289443
168.80344574018,58.9572904385882,7135.75198409755
173.437370501827,642.227215852387,7135.7522086288
185.505890496645,1003.23893637011,7135.75279339443
192.605437247516,780.810416323163,7135.75313739443
206.903529700865,1793.84407328342,7135.7538301913
221.52860892166,1758.6406775294,7135.75453883193
247.657881903191,985.095671701686,7135.75580489443
349.132449134122,67.6048800274387,7135.76072172255
352.087261451192,23.0005944845679,7135.76086489443
358.759532584607,157.006838086282,7135.7611881913
7.76102000228104,906.921426846452,7135.76162434755
18.7537729880473,412.496092838666,7135.76215698818
29.3308593669026,68.399244601558,7135.76266948818
33.5929736919297,167.206484769089,7135.7628760038
42.331001425553,242.893816171375,7135.76329939443
43.7282732089193,1695.98579624619,7135.76336709755
185.634720519141,54.0960609640706,7135.7702430038
190.798466995377,701.727620455728,7135.77049320693
200.134680570913,438.633324106874,7135.77094558193
210.165499068083,645.49554590343,7135.77143161318
221.682591737767,873.833116976641,7135.77198966005
229.661842554702,1956.71767677652,7135.77237628505
358.145064283545,136.179026388739,7135.77860178505
4.07919668701494,74.8899969815753,7135.7788893163
6.89792573617973,275.240247260555,7135.77902589443
15.7504310520821,1241.6112582514,7135.77945483193
32.2745487433544,291.678792230243,7135.78025548818
36.8552655337487,1351.06892340531,7135.7804774413
60.3873478650197,2341.66108725731,7135.78161766005
175.354663369268,135.971914283495,7135.78718408193
178.77899506354,104.930189537278,7135.7873500038
187.157143883229,1051.80575360464,7135.78775595693
199.0115424325,368.213681767315,7135.78833034755
205.155281712188,1086.11575289075,7135.78862803505
220.779057150654,2074.83297209876,7135.7893850663
247.169855081254,90.6133848510571,7135.79066380068
262.821040635537,1761.37360252682,7135.79142216005
340.755786219861,65.7021242966849,7135.79519839443
351.466698544417,58.6777709754571,7135.7957173788
358.871948889248,210.039360903913,7135.7960761913
3.176629561245,1119.37470403944,7135.79628476943
16.655320248377,282.516537941646,7135.79693786318
21.6987846370619,52.9552235395414,7135.79718223818
25.3604558355115,1602.66311333146,7135.79735966005
37.8614110038561,38.8910431636802,7135.7979653788
49.176313600516,147.504716774272,7135.7985136288
63.0406810570175,2144.37401169221,7135.79918541005
178.800441869891,43.3462606086454,7135.80479441005
181.832969927543,830.802093787497,7135.80494134755
191.094369921282,142.582196049901,7135.80539009755
199.166815147011,708.548997252478,7135.80578123818
209.224721360478,1482.61958266005,7135.80626858193
226.449571028339,1029.2706686954,7135.8071031913
238.469720208456,835.132962784257,7135.80768561318
262.359746606056,84.3304800990374,7135.80884317568
275.576267507541,1881.52737834457,7135.8094835663
342.708841168578,97.7936204238361,7135.81273639443
348.26213399677,63.8162370170114,7135.81300547255
350.431726592515,124.124807654447,7135.81311059755
1.14650853719795,1204.24614724612,7135.81362976943
10.2102331398633,252.898590957784,7135.8140689413
14.9976546101512,40.1976715802554,7135.81430091005
18.9792181723708,1271.28019222766,7135.81449383193
39.3981543964606,922.043330575661,7135.81548320692
52.8320215270401,2187.67670645548,7135.8161341288
175.66553131043,47.2354932945507,7135.8220858788
190.454103877407,992.392723553337,7135.8228024413
201.877357151554,877.266648213748,7135.8233559413
213.087778841016,1358.17046498232,7135.8238991288
234.339927317591,100.727606811013,7135.82493167568
238.556895498843,1670.26592556851,7135.8251360038
261.519814514562,1777.68288978086,7135.82624864443
340.493565378863,67.3612624013664,7135.83007522255
347.420589532273,105.73289466187,7135.83041086318
354.248614696534,276.873690641111,7135.83074170692
1.16080516847342,169.549832507165,7135.8310766288
7.61057055426341,1100.4146482918,7135.83138914443
16.0983598747619,1358.17046498232,7135.83180041005
26.8947272552355,992.392723553337,7135.83232353505
41.7806864383562,52.9108527824729,7135.8330448163
50.5919153432327,395.758703586324,7135.8334717538
57.9523420939706,2355.99584286206,7135.83382839443
175.112599436218,34.677007793027,7135.8395052538
177.270905496018,114.683429419671,7135.83960983193
187.495207327074,493.46249308968,7135.84010523818
197.640181007004,1290.05928162229,7135.84059680068
213.804419746802,1172.88290191198,7135.84138001942
234.19336609581,999.636595722109,7135.8423679413
247.677861288214,2500.59462025831,7135.8430213163
342.616240653635,38.1286946460335,7135.8476214413
348.501034818601,122.754903464362,7135.84790658192
351.611923603577,137.551831036475,7135.8480573163
2.43570117494935,937.562694147687,7135.84858176943
11.8831676242985,1098.22695382178,7135.84903953505
22.4415506264748,981.426717672207,7135.8495511288
29.680405316177,53.043854031376,7135.8499018788
44.4738150021641,2567.0356951224,7135.85061867568
65.5167348109807,180.291254148202,7135.85163828505
79.8648104520347,148.140236189143,7135.8523335038
180.349710679033,107.58258867094,7135.8572023788
184.798213934271,686.56974550052,7135.85741792568
201.168512404761,147.249740178879,7135.8582111288
203.428719650035,835.852553837668,7135.85832064443
213.448251686342,1636.81357356893,7135.8588061288
239.898061980845,1409.4401201703,7135.86008772255
353.188008634685,25.7810058024166,7135.86557705068
354.237010514662,56.2249621860467,7135.8656278788
2.89600251573789,928.541243894188,7135.86604228505
16.8548542794367,195.87523270026,7135.86671864443
27.1046314162462,146.353817953582,7135.86721528505
29.9236829400116,1430.61051893767,7135.8673518788
48.3387772742845,1828.36978890322,7135.86824416005
185.59743352765,585.928583429762,7135.87489486318
195.178080935957,751.77963854145,7135.87535908193
206.771921997503,1287.2598542657,7135.87592084755
219.162269241236,39.4605736975251,7135.87652120693
222.943577578036,1324.0987195573,7135.87670442567
248.911292060989,2515.93590405719,7135.87796266005
343.982207436167,91.0271510945471,7135.88256920693
350.407787414606,104.750971785528,7135.88288055068
353.95659336624,42.3874581267913,7135.8830525038
359.27544892412,1223.07142191858,7135.88331022255
16.8779134212506,1060.91235796413,7135.8841631288
26.5140261230157,354.062279495082,7135.88463003505
37.3426407383172,99.9786989308582,7135.88515472255
40.7514937643771,189.339321998716,7135.88531989443
49.1815606193755,3137.0714914658,7135.88572836318
173.313343234525,30.1677190173155,7135.89174301943
181.857565234742,767.216568053897,7135.89215701943
190.63138734872,242.274200701331,7135.89258214443
200.258470761665,514.927323003178,7135.89304861318
208.258682239943,1255.09691528691,7135.8934362538
225.708294902552,1074.98721035881,7135.8942817538
242.645821916071,2565.16119456762,7135.8951024413
345.101671848857,40.3434716189643,7135.9000668163
352.853579799155,120.904217193463,7135.90044242568
357.723876603636,162.995783536957,7135.90067841005
6.07332537156511,960.997392773777,7135.90108297255
13.125468731537,1012.18855519392,7135.90142467568
27.4651601080538,1207.23808727519,7135.90211948818
45.9976342960124,174.357597804153,7135.90301745693
52.3954816464933,268.606942244176,7135.90332745693
78.098446434371,3126.32031373994,7135.90457286318
168.407163505259,189.735852029749,7135.90893736318
177.930410885126,949.669010097409,7135.90939880068
194.112063140741,813.24796896709,7135.91018286318
202.513429981519,934.993971135611,7135.9105899413
220.168779937761,2671.70530143801,7135.91144541005
249.57694969486,844.440350977749,7135.91287034755
339.398663500343,25.7354155347445,7135.91722255068
358.297466019168,579.22028284807,7135.91813826943
9.88066549397103,141.789330276865,7135.91869951943
13.9438145295219,1143.81581983736,7135.91889639443
30.9097190075786,65.9874724306952,7135.91971845693
34.6339498280798,1245.47916424689,7135.91989891005
47.2526073247108,169.992520060447,7135.92051033193
60.6600317257347,2500.59462025831,7135.92115997255
173.980613203859,96.0488980017438,7135.92665078505
179.503271207767,719.913406665995,7135.9269183788
195.119629767957,936.279165308918,7135.92767505068
201.219190365213,1016.33812477075,7135.92797059755
215.198680353195,152.760970539845,7135.92864795693
218.085773454602,2217.16001114203,7135.92878784755
253.482250972685,962.247947988715,7135.9305029413
351.783692346271,116.229421920355,7135.93526601943
357.045470312772,23.5180919877509,7135.93552097255
359.838401544041,84.0515226863126,7135.93565630067
4.81962878527552,762.894192263275,7135.93589766005
21.1415564410642,928.541243894188,7135.93668851943
30.0830640710332,1072.74777949584,7135.93712176943
44.863252373472,2109.3200519573,7135.93783792568
67.6958925890173,35.6125892664316,7135.9389442538
177.502817621742,37.7573076970616,7135.9442648163
187.063149317908,723.246351697071,7135.94472805068
192.936979459072,898.261687254376,7135.94501266005
207.656865461664,699.15245815011,7135.94572589443
221.561541905389,1386.21314427212,7135.9463996288
240.45292762102,2327.2381799444,7135.94731498818
341.630158718373,24.1341772955206,7135.9522171288
351.392680450022,171.751876609783,7135.95269016005
358.575747521829,177.878184404179,7135.95303820693
2.20226925158451,157.961296820552,7135.95321392568
7.08836716133844,23.6922113872051,7135.95345067568
11.9802696139053,1449.81415761691,7135.95368770693
31.3147320147236,1265.5920755833,7135.95462453505
45.4673895118279,903.600638757496,7135.95531028505
68.7782559938763,232.135310973547,7135.95643978505
178.428137059812,75.8249921184451,7135.96175273818
185.374187064501,169.217057033322,7135.96208930068
197.968336679181,1054.66002597865,7135.96269953505
210.183904040788,814.725231723656,7135.96329142568
228.070788995935,174.357597804153,7135.96415811318
236.444100696613,1196.23111416445,7135.96456383193
2.52006792601557,350.863810227864,7135.9706726913
7.06628023445829,57.8717213040036,7135.97089297255
15.3986379611709,1198.2399517052,7135.97129670692
25.2295238201436,64.5480960348443,7135.97177305068
27.8954010347876,186.43932231388,7135.97190222255
40.4872933648028,904.930408385241,7135.97251234755
50.84574361616,92.3081958092986,7135.9730142538
69.0257557309199,1813.8428536929,7135.97389514443
173.205219340397,43.8043906703101,7135.97894303505
178.036819530658,177.878184404179,7135.97917714443
183.162514266795,869.003313752614,7135.9794255038
198.142635282512,872.455885314594,7135.98015134755
211.868662148903,1447.32370532807,7135.98081642568
224.870739055158,1135.37423906962,7135.98144642568
246.364797414179,101.840653965457,7135.98248789443
348.142810954406,24.1706429177091,7135.98741942568
355.346193775896,84.4974160085776,7135.98776845693
3.51538059348625,98.6544179681914,7135.98816428505
8.101256977492,162.302657424895,7135.98838648818
15.6667759975793,980.200698386113,7135.9887530663
27.8092243480988,945.226785731279,7135.9893322538
35.695925630359,92.359078718296,7135.98971439443
52.961084285443,955.350021314416,7135.99055095693
67.8222131120118,1649.98437135466,7135.99127103505
169.253891558913,36.5242072697392,7135.99618578505
174.741722568729,162.302657424895,7135.9964516913
185.390720182894,556.455215239282,7135.99696767568
195.889445834425,1187.14960084532,7135.9974763788
213.416774350238,1179.01832741296,7135.99832564443
226.795821174102,270.280520187072,7135.99897391005
236.878880218723,1524.21131272007,7135.99946247255
351.860193276886,58.4773063305732,7136.0050337538
359.240935739766,115.743442608007,7136.0053913788
5.36403679517056,491.325591323033,7136.0056880663
11.3468625630234,106.17622059339,7136.00597795693
15.3738946685377,973.430003270437,7136.00617308193
29.6945601937747,922.69519802457,7136.00686697255
43.9910402741203,335.310723631466,7136.0075596913
55.0647337464756,39.4605736975251,7136.0080962538
58.0592101015682,2082.93093884038,7136.00824134755
170.731622587615,30.264880879205,7136.0137007538
181.28484599618,79.3958648825921,7136.01421209755
184.93232846236,942.679045934369,7136.01438883193
200.622210668404,921.391019037543,7136.0151490663
209.774615072995,260.366367355047,7136.01559253505
219.951513550692,1644.14371006671,7136.01608564443
238.124108787177,1002.63941593681,7136.01696617568
262.50235805128,1450.6432721717,7136.01814739443
345.198727325538,35.1144842369866,7136.02215434755
349.679477815604,172.188888147851,7136.02237145693
0.0930707731963132,784.267872866451,7136.02287603505
6.46866752639017,662.049359778649,7136.02318495692
14.0615966998354,1210.22269983229,7136.02355286318
33.2364354121398,1172.88290191198,7136.02448195693
44.3959064525543,1505.15788721606,7136.02502267568
72.8889002378361,1022.23685072289,7136.02640326942
164.156081828431,33.029311924393,7136.03082123818
174.218502686309,155.443338756278,7136.03130880068
182.121327548442,253.640469738414,7136.03169172255
188.251200532921,241.652975407902,7136.03198873818
194.870908719367,895.580332116452,7136.03230948818
207.042619873143,1163.6190899722,7136.0328992538
222.155599410758,902.268815217155,7136.03363153505
228.131330737395,1539.90908913215,7136.03392108193
272.475442827779,1543.02937094286,7136.03606972255
345.772071593269,221.023435664769,7136.03962122255
351.660090466702,108.538893150989,7136.03990651943
1.43712348030204,1310.40556183848,7136.0403802538
9.19644823379485,75.5767878835023,7136.04075622255
15.1605705498873,938.203736922105,7136.04104520693
28.9804367742741,898.261687254376,7136.04171483192
44.0469803447929,1800.53505438593,7136.04244486317
60.9496803642187,289.090640315237,7136.04326386318
70.0669353001155,41.1789456700173,7136.0437056288
171.400904693812,30.5737136996331,7136.04861564443
181.717111110341,75.3277717979728,7136.0491155038
185.682873529748,109.31511251755,7136.04930766005
190.629596251489,767.608310248136,7136.04954734755
201.378237804004,638.000430264185,7136.05006816005
211.86986905186,1308.56903091114,7136.05057651943
227.356271361558,1231.88814704633,7136.05132689443
259.569948784274,1408.58680275358,7136.05288776943
342.395951871964,57.8717213040036,7136.0569010038
349.803459501459,110.935947927882,7136.05725992568
356.423167687905,133.179578476472,7136.05758067568
1.61948383602914,886.809792266519,7136.05783245693
15.2249061402679,1225.03618360525,7136.0584916913
28.2888976818319,54.7434285402826,7136.0591246913
30.4088295644723,1096.58326863382,7136.05922741005
51.899340740427,2565.16119456762,7136.06026870693
175.342967850876,64.5844697166886,7136.06625001943
182.909454257225,102.117023170756,7136.06661664443
188.666871930964,838.72497835813,7136.06689561318
196.064705397519,696.567803437631,7136.0672540663
207.34155632916,834.412650085881,7136.06780047255
222.689618086289,1733.85039659024,7136.06854414443
245.924381088137,854.350257206704,7136.06966995693
350.999372144662,29.9332537923025,7136.07475248818
351.593043379706,88.1433120936137,7136.0747812538
0.549707203286811,177.243275611971,7136.07521523818
6.65829705182207,861.359039650011,7136.07551122255
15.1441515622569,152.637930073141,7136.07592239443
22.5468221102824,35.7113748294946,7136.07628108193
28.0059531058782,1380.12756778494,7136.07654559755
49.6460913328058,821.340162548978,7136.07759414443
66.4010990362409,1069.37958488373,7136.07840598818
172.198727916328,31.8712937985577,7136.08353228505
181.624911154652,125.479751589275,7136.08398901943
187.456497460988,479.559336685753,7136.08427158193
200.014852657772,938.844335607314,7136.08488008193
209.159517747027,1034.51458510762,7136.08532317568
232.252393050778,1532.08035147401,7136.08644211318
250.32340957639,177.455175554009,7136.08731772255
347.34334660975,29.6969358826171,7136.09201870693
352.777002224511,83.6032423845445,7136.09228198817
358.763375175431,96.0977894481907,7136.09257205068
10.1766317744972,456.104848334249,7136.0931250663
15.7431459862378,933.062849206578,7136.09339478505
35.8728247083819,198.82660795556,7136.09437014443
39.1962226409833,1380.12756778494,7136.09453117568
56.5945622925663,1649.98437135466,7136.0953741913
173.407517080145,50.3638034055065,7136.10103422255
179.624780080769,748.172024334082,7136.10133547255
190.286354166821,419.362489179065,7136.1018520663
194.947689006744,869.694982696956,7136.10207792568
210.585008265818,1326.82054232447,7136.10283561318
232.795277269641,833.691837787143,7136.10391178505
241.703247803919,1892.99620423355,7136.10434341005
340.100785857706,29.7561905671095,7136.10911114443
351.620135812054,97.6013020403954,7136.10966930067
355.984151397636,358.701762737113,7136.1098807538
7.77018578204245,1095.48625726319,7136.11045183192
17.1983039430518,947.767753167739,7136.11090866005
32.2958048499956,857.16067577124,7136.1116401913
46.9735279766226,1987.2075096572,7136.11235533193
67.0803111522783,198.82660795556,7136.11332958193
84.4344721214288,36.00610781751,7136.11417045693
169.467474595762,25.8492394156207,7136.1182906288
179.972972176367,76.7485866526307,7136.11879966005
183.352802713607,182.980783303144,7136.11896342568
186.907090695911,202.941996541028,7136.11913564443
201.179707805966,1359.94016048357,7136.11982720693
213.528456164073,192.488636141519,7136.12042555068
218.104980859739,1082.78919164206,7136.12064730068
241.824096995341,882.732498208583,7136.12179658193
255.199274199078,2021.9996788029,7136.12244466005
332.699972274413,24.8296903870848,7136.12619986318
345.11643973556,116.229421920355,7136.12680148818
350.374025607333,194.527671748546,7136.12705623818
356.823790993123,34.3879577591188,7136.1273687538
358.983709425928,979.587189142705,7136.12747341005
6.69982292079007,884.093742659076,7136.12784728505
23.6695970940555,1474.48653287086,7136.12866953505
35.9767464914539,200.145219841907,7136.12926586318
40.0972955554448,1025.17350164533,7136.12946551943
63.1737247296411,40.2852126657471,7136.13058366005
63.4455687533106,2017.23637793805,7136.13059683192
165.213585693537,22.5884554116984,7136.1355278788
179.143092456274,272.081968066828,7136.1362028163
183.863117260581,131.046284934655,7136.13643151943
190.17905670067,976.513425676728,7136.13673755068
200.139576335534,1098.77429377292,7136.13722017568
210.446753500784,857.861837122442,7136.13771959755
228.045993289447,46.9862274088406,7136.13857234755
241.153518564243,2318.9561382253,7136.13920745692
349.28584575926,90.3018215758777,7136.1444468788
354.089713284022,60.2965039009362,7136.14467964443
1.46078162150237,923.997489632455,7136.14503680068
16.259995775221,1575.42046075321,7136.1457538788
35.8933898409252,181.951051447804,7136.1467051913
43.954548568251,1944.38776190964,7136.14709578505
68.8177958777697,119.73301516921,7136.1483005038
178.274591292517,42.7735555308395,7136.15361386317
183.743396451053,654.284515455572,7136.15387884755
199.687386690349,983.874204329993,7136.15465139442
209.952965007512,1085.00808337908,7136.15514880068
224.044997730169,1219.13235062721,7136.15583161318
240.11958924424,111.527155566282,7136.15661048818
359.135351286193,110.085850157926,7136.1623772538
4.86052176264519,80.1612873302382,7136.16265466005
11.8352717815545,862.753923858151,7136.16299261318
24.6574092496126,828.628166082979,7136.16361389443
32.0233179934815,571.381997271914,7136.16397080068
52.7908465955613,1598.15494171767,7136.1649770663
179.416306340034,54.70050801204,7136.17111255068
184.023788372126,908.908170949019,7136.17133580068
198.537292206966,827.175661299862,7136.17203903505
205.688112006404,455.775167607086,7136.17238551943
219.190988138427,1463.02447934232,7136.17303978505
237.407762132425,1915.72824270736,7136.17392245693
252.597490061902,324.605314849791,7136.17465845693
343.661044094506,21.0965411806541,7136.17907083193
358.671799972048,171.313727093114,7136.17979816005
3.74654417175829,228.381730194016,7136.18004405068
6.95707682000261,566.096169940522,7136.18019961318
20.5363788317457,1387.94697956968,7136.18085758193
34.5974542555185,1269.38692890377,7136.18153889443
48.8539477857004,37.382222317639,7136.18222967567
51.5678734155261,102.75898187917,7136.18236117568
63.375191010958,728.62987865463,7136.18293328505
177.607078765691,30.841405818105,7136.1884682538
182.863697213661,195.29883266145,7136.18872295693
192.11993768887,89.0446605339434,7136.18917145693
197.09439300103,982.039227714893,7136.18941248818
205.378702425182,173.168174244509,7136.18981389443
214.08093574091,357.232105008265,7136.19023555068
227.255212732485,1252.21943925169,7136.19087389443
243.099236633912,1469.58523128404,7136.19164159755
347.378804144456,73.8160227387041,7136.19669941005
354.041401190012,85.8759383048913,7136.19702223818
0.106779779917092,103.578520760372,7136.1973161288
6.78969250007492,1061.4790157959,7136.1976399413
16.7885862745582,960.997392773777,7136.19812442567
25.8823007898466,134.582983646325,7136.19856505068
36.5113051664704,134.023375730763,7136.1990800663
43.7662835111272,2127.48463290779,7136.19943159755
70.2567252674542,1939.43394677376,7136.20071516005
173.870250269846,62.4396853665665,7136.2057356288
182.79982641467,1008.61818896902,7136.20616830067
192.274058068175,834.412650085881,7136.20662736318
203.931103663433,1127.93596684924,7136.2071921913
220.127912112659,134.513150618076,7136.20797698818
225.86694888432,45.3066924255285,7136.2082550663
228.795318434294,1999.27319144422,7136.20839695693
359.217242746719,119.024762268438,7136.21471639443
2.7637914136883,54.70050801204,7136.21488823818
9.56343903833039,136.11001214997,7136.21521770693
19.7509790652299,160.43973094515,7136.21571133193
22.9731207240188,1327.72648431256,7136.21586745693
41.1769958090693,835.852553837668,7136.2167495038
54.1561771688356,227.557542253898,7136.21737839443
60.1689927742299,1546.92114673338,7136.21766973817
173.865254346642,42.7735555308395,7136.2231787538
181.736476960689,691.804113994721,7136.22356014443
191.801800014892,226.730356711613,7136.22404784755
196.063591902859,836.571589779567,7136.22425434755
211.310397423716,1506.75483201468,7136.22499311318
231.653875154347,865.53697542513,7136.22597883193
239.960757575307,1553.90145195611,7136.22638133192
341.944508409166,29.5979109277145,7136.23132283193
349.539372355134,58.1954831546661,7136.23169083193
355.45770361579,137.551831036475,7136.23197759755
1.27026407084584,239.622877096224,7136.23225923818
8.19438595284884,784.651121854552,7136.23259473818
15.7563577523282,1221.10344058513,7136.23296114443
24.487613556877,75.5767878835023,7136.23338420693
40.9107974864782,1161.55041141042,7136.23417997255
54.3133847309506,30.3617270214218,7136.2348293788
56.8296348946214,1972.63116952229,7136.23495130068
174.275470658849,37.4763449439985,7136.24064064443
186.811252821286,980.200698386113,7136.24124805068
199.527941883263,796.062105123951,7136.24186422255
207.150215982589,487.023754658367,7136.24223355068
224.866190713278,1898.07125572372,7136.24309195693
271.898108140992,2370.24377902628,7136.24537083193
340.222216366845,59.3938717652343,7136.24868139443
343.14123426602,78.2036727042801,7136.24882283193
349.929917829319,144.285111636222,7136.24915176943
357.102988263585,826.448465218732,7136.24949933193
3.90392578662975,856.458903797375,7136.24982886318
19.2655313643665,96.8282121149855,7136.2505731913
27.2973450907302,2467.67806189041,7136.25096236318
50.4385911716423,1552.35302390366,7136.25208364443
64.5738351904705,1048.37027947724,7136.25276855068
170.923213907834,64.4388500892212,7136.25792158193
177.105649839283,37.9124960592225,7136.25822114443
179.756693334916,612.518091802627,7136.25834959755
191.09707127487,897.592111748224,7136.25889908193
202.699619038012,1266.54187138087,7136.25946126942
216.32825936334,862.753923858151,7136.2601216288
230.350638135352,1576.94635127825,7136.2608010663
354.058369879053,99.41330397778,7136.26679517568
0.796747817586994,104.930189537278,7136.26712167568
3.75639717858665,40.3143525506966,7136.26726508193
10.9588125387329,962.247947988715,7136.2676140663
25.0405261492483,861.359039650011,7136.2682963788
32.1665156296748,287.526558118145,7136.26864166005
47.43170205261,364.521191009715,7136.2693813163
58.0719929651775,1404.31188899726,7136.2698968788
78.7685777557499,2500.59462025831,7136.27089970693
167.398756996417,95.8530824157755,7136.27519417568
176.158067828444,892.890872350449,7136.27561859755
187.756745933918,1113.99045543692,7136.27618059755
199.508024778259,463.946769890811,7136.27674433192
210.568496904607,1616.11235505177,7136.2772802538
228.755925897643,2561.40819665518,7136.2781615038
1.95788260747162,67.8822345556718,7136.28461564443
4.63633625646219,687.00750643913,7136.28474542568
12.3711530904629,1311.32293912373,7136.28512020693
28.0436218182308,185.732526580829,7136.28587959755
36.2979413297608,134.792232930891,7136.28627955068
43.8795839297214,1583.0348143453,7136.28664691005
59.3921064943746,2283.42256214376,7136.28739855068
175.676207028707,91.4903916515719,7136.29303295693
178.493323667327,201.081803985481,7136.29316945693
184.319750380051,636.112829077717,7136.29345176942
198.038360405707,848.701664502016,7136.29411648818
206.952135445258,1509.14714058814,7136.29454839443
229.726408208561,2529.28322730384,7136.29565189442
353.255490450009,35.7770792158707,7136.30163734755
358.953895722305,481.436279731184,7136.30191345693
7.55616266262347,124.653481980985,7136.30233026943
16.2690375650938,626.589613528239,7136.3027524413
22.3237745682563,1044.34805248133,7136.3030458163
36.9930324339425,1886.63329403482,7136.30375659755
54.8773376298238,1105.8650661866,7136.30462316005
175.409041244773,50.8279980604431,7136.3104633788
179.36996662025,327.60139045962,7136.31065530068
191.943478048187,191.117191516987,7136.31126453505
199.402903675451,1369.63207442165,7136.31162597255
210.293432963602,732.744143139286,7136.31215366005
224.626352448585,801.33155666573,7136.31284814443
248.659233968084,37.3193455305287,7136.3140126288
256.635260039012,2446.14284383715,7136.31439909755
343.314069277175,65.0915918387618,7136.31858783193
347.383667729659,469.422167803657,7136.31878501943
357.37643456181,105.644007430961,7136.31926920693
3.49985812935619,1157.4019520566,7136.31956591005
16.3955192057276,1121.52109821295,7136.3201907538
27.0574157288399,748.975215181247,7136.32070736317
32.6442456902631,57.8717213040036,7136.3209780663
43.9565684901172,2412.48332422117,7136.3215261913
72.1254778544417,82.6425733402303,7136.32289108193
77.8690291954316,1684.60323468622,7136.3231693788
168.010635402225,32.5638335740841,7136.32753708193
172.494933075358,99.41330397778,7136.32775436318
179.721211368255,935.636901289172,7136.3281045038
187.711426171451,173.168174244509,7136.32849166005
198.912496135033,1494.7360016393,7136.32903439443
213.306040319382,89.8324470366418,7136.3297318163
223.970194164699,1639.74966937985,7136.33024853505
255.87107362732,2648.1974391146,7136.3317942538
338.657412601906,61.9108445065741,7136.3358055663
349.412826083495,116.148569928587,7136.33632670693
354.735228861984,116.874246391951,7136.33658459755
357.701005165315,1093.83835322774,7136.33672830068
14.1577261530661,1166.71516892097,7136.3375256913
23.0218404795132,890.868490088792,7136.3379551913
38.3934426947909,1550.80304153898,7136.3387000038
58.2283818843178,171.204009302706,7136.33966108193
64.5888224814405,47.8284287175335,7136.33996926943
172.754686772148,21.8216243685898,7136.3452103163
179.852298675415,44.1515227156408,7136.34555422255
187.155970309374,169.881955724982,7136.34590811318
195.795321528449,730.278337801593,7136.34632672255
209.058923346232,1307.64965522445,7136.34696939443
231.917038905071,1096.03481845966,7136.34807695693
246.34379771051,1357.28484007558,7136.34877598818
348.487172232882,110.085850157926,7136.35372522255
356.348720646449,177.561007563831,7136.35410614443
1.14936346274463,73.4332178398134,7136.3543387538
7.2389274224594,1092.73856629954,7136.3546338163
18.6325132961254,1269.38692890377,7136.3551858788
40.215251494613,2400.49069510917,7136.35623164443
70.7156344278602,1877.68867121463,7136.3577095038
171.540047122742,64.0366787374447,7136.3625909413
175.741859185464,795.30643182224,7136.36279453505
190.225695582282,791.517407172648,7136.36349633193
200.249742225459,29.5582100462433,7136.36398203505
202.774054179066,1380.12756778494,7136.36410434755
212.050287891816,1407.73281920303,7136.3645538163
235.857761467365,875.208128192639,7136.3657073788
248.825333816586,1796.52337450875,7136.36633570693
336.896023904642,22.8982544731027,7136.3706030663
350.253787555021,145.581491306501,7136.37125030068
354.018649874888,181.847772950938,7136.37143272255
0.0856408377961859,165.96581053907,7136.3717266913
7.79143518297626,1123.66349558357,7136.3721000663
22.0014927460612,1103.68814087991,7136.37278859755
34.8387863326497,162.880459120274,7136.37341061317
38.6671756608292,784.651121854552,7136.37359611318
57.2857499289884,2192.06963691931,7136.3744982538
171.59793329619,110.171156919581,7136.38003711318
182.516195137219,67.4309635906312,7136.38056614442
186.338779997667,1093.28857078594,7136.38075136318
205.95766281896,1072.1870058461,7136.38170197255
219.174828632105,1496.34404866816,7136.38234239442
233.636736943778,806.566646804896,7136.3830431288
259.196201660556,2094.44550591797,7136.38428158193
340.675561101785,113.116301048155,7136.3882295663
346.126630194822,27.9028397609515,7136.3884936913
348.484869005442,85.6568635465571,7136.38860795693
356.897844819224,1080.56585901295,7136.38901559755
7.37689963273379,789.235343745531,7136.38952334755
14.1004438897975,163.456206903057,7136.3898491288
26.3850202528489,1954.25786664316,7136.39044436318
43.4370248486471,1527.36379099849,7136.39127059755
48.5227330346195,75.0153342221616,7136.39151701943
65.4512307593181,41.6609212405827,7136.39233726943
74.8029229279856,828.628166082979,7136.39279039442
170.063774453982,29.1984596223482,7136.39740614443
173.816705288703,82.9262838952793,7136.39758798818
178.105262343286,211.465789323739,7136.39779578505
189.266023319644,1028.68635831754,7136.3983365663
200.979179007398,205.70072034598,7136.39890411318
204.815630163055,986.315584761144,7136.3990900038
224.572466393772,1578.47068749106,7136.4000343788
251.672058128437,55.1281971461481,7136.40134745693
261.385886533243,1712.91780759475,7136.4018181288
346.514340738575,54.052630427126,7136.40594292568
348.480130925833,133.812919078657,7136.40603817568
357.512253242872,923.346565873118,7136.4064758163
6.50954856581777,222.717122522198,7136.40691176943
13.4188367288097,1148.01324002656,7136.40724655067
26.7043667068192,182.466652898228,7136.40789028505
29.7830082569674,75.4523804546992,7136.40803945693
36.0315509935354,1941.91240865393,7136.40834222255
59.0886318793919,2402.49353744559,7136.40945942568
173.192498193696,30.5737136996331,7136.4149881913
176.876419989433,730.689897476822,7136.4151666913
187.311941069711,845.863157294957,7136.41567233192
198.13442874268,1256.05470469026,7136.41619672255
214.396699047824,1459.73322318582,7136.4169846913
238.83815284564,1471.22092286622,7136.41816897255
350.405453321673,76.931981618511,7136.42357483193
1.30178707755574,191.018853512581,7136.42410280068
6.11823099912362,92.6130144796034,7136.42433617567
9.05466237657487,1039.73218923414,7136.42447845693
25.4923575130458,265.511307384614,7136.42527492568
29.6293526690513,1306.72983544855,7136.4254753788
51.1450166761586,354.698492799344,7136.42651789443
56.7537746851867,200.520378079716,7136.42678966005
73.2311338972207,1607.15862840277,7136.42758805068
167.911535571722,109.743963916387,7136.43217567568
177.071034342447,132.046110157269,7136.43261948818
183.603675099971,1099.32141167945,7136.43293601943
193.950193828642,555.914758670895,7136.43343734755
207.319889001707,962.872559462369,7136.43408516005
219.861475669417,198.82660795556,7136.43469284755
225.519249442348,2760.25513556988,7136.43496698818
258.857064763898,850.117309880716,7136.43658233193
342.958348483637,73.9431779694932,7136.44063051943
345.912193339364,20.0403218325595,7136.44077364443
352.26940919048,118.312262764597,7136.44108167568
358.149688786117,801.33155666573,7136.44136659755
5.91030343801298,107.757101852624,7136.4417426288
12.6425543966743,1284.45443170477,7136.44206883193
22.9700473116063,40.2268704458031,7136.44256923818
27.9790071432582,132.826402654551,7136.4428119413
34.9863268715961,771.124997189787,7136.44315147255
46.9303726841349,1816.49284503038,7136.44373020693
72.7310465252172,2316.88113139228,7136.44498034755
161.680473180453,33.6108259280099,7136.44929028505
173.215624315155,538.331934585301,7136.44984920693
181.709218103385,209.681244589532,7136.4502607538
189.868730833117,1027.5166273388,7136.45065611318
197.505838613913,1476.93113294878,7136.45102616005
217.569088093879,850.824299902797,7136.45199830068
234.81393099928,2005.27883187362,7136.4528338788
269.985967922133,824.992185677331,7136.45453809755
341.887259639239,22.9238832777368,7136.45802198818
343.308394392896,102.85036017299,7136.45809084755
349.836842980611,150.904760909398,7136.45840717568
357.998290482866,954.720413837151,7136.4588026288
5.70666466239214,141.656741892149,7136.4591761288
8.63019713089571,826.448465218732,7136.45931778505
22.8602479690627,822.071855033357,7136.46000728505
34.380887821814,362.246121987653,7136.4605655038
38.9728911481521,1437.31915258627,7136.4607880038
61.5656121377959,45.6166632245569,7136.46188270693
74.9440140124582,2173.33839813705,7136.4625309413
164.079829560364,43.5354877148519,7136.46684991005
171.048130162341,764.468766067949,7136.46718755068
185.829285888582,161.722801816921,7136.4679037538
189.650580813086,984.485049038142,7136.46808891005
200.641398951248,1239.6726978281,7136.46862145693
217.863346310161,174.141950859408,7136.46945592567
226.31792100957,2055.0332546776,7136.46986558192
256.102415772618,806.566646804896,7136.4713087538
346.109228609908,96.1955029521455,7136.47566992568
350.637382490874,31.1256645457725,7136.47588933193
356.582801392746,201.081803985481,7136.47617741005
3.33117600636228,911.550335214173,7136.47650439443
16.633152001305,472.931360739892,7136.47714892568
20.4022064158994,164.829816462486,7136.47733155068
31.1218254795933,1592.1242102479,7136.47785095693
47.1083821033995,1335.852650719,7136.4786255663
68.481190913527,147.122078408835,7136.47966116005
176.922593479004,39.3114985008935,7136.4848664413
180.413032015936,189.834842290182,7136.4850355663
191.687948062432,335.310723631466,7136.4855818788
197.776222198825,1028.68635831754,7136.4858768788
212.992070383257,190.131549393513,7136.48661414443
222.576265012172,1465.48828627857,7136.48707853505
241.398641651278,2392.4622283289,7136.48799055068
348.710922130877,59.2751195349628,7136.49319023818
351.213628436399,84.0515226863126,7136.4933115038
357.805281557826,150.405896071071,7136.49363089443
6.30564731267128,946.498102116777,7136.49404276943
14.1926710695322,1079.45241634155,7136.49442492568
26.9993297942964,254.232385143993,7136.49504545692
36.3758523945973,202.385733172328,7136.49549978505
46.1322471463733,2957.11721776115,7136.49597251943
176.74571990754,32.1098946043374,7136.50230123818
183.177426865852,271.94382856699,7136.5026128788
189.28730661279,94.4709865891014,7136.50290892568
196.882493033359,986.924986179361,7136.5032769413
204.806601068977,1426.40155242901,7136.50366089443
220.334279789702,573.482650256807,7136.50441326943
235.81616745499,1601.16175873526,7136.50516342567
344.927197630138,23.0770489523247,7136.51045026943
348.84329933644,101.655996120886,7136.51064001943
355.222120873182,74.512715442232,7136.51094909755
5.08073928503178,201.641661701224,7136.51142678505
11.7649419035926,1257.96795202859,7136.51175066005
22.3191327735002,40.2268704458031,7136.51226205068
26.5144953817479,306.259045901314,7136.51246533193
39.5072205245817,1417.94620489577,7136.5130948788
54.3477111268671,178.826314867209,7136.51381395692
59.9355084745517,659.775123423856,7136.51408470693
172.063588001598,61.8728956958137,7136.51951773818
177.879695639721,113.861309269936,7136.51979955068
183.366881625254,153.986018380792,7136.52006542568
188.570292177054,138.029074281398,7136.52031755068
197.122898404268,940.124311732404,7136.52073195693
206.49555127182,250.359843967374,7136.52118609755
218.658555723998,957.236179210952,7136.5217754413
238.529909893245,2236.59979425861,7136.5227070663
347.802498566971,37.7573076970616,7136.52800173818
354.729200208239,125.179921983687,7136.52833736317
0.675909083595947,162.880459120274,7136.5286255038
6.90607091808564,791.517407172648,7136.5289273788
18.5492501805935,34.353794114983,7136.52949153505
24.7391029903186,1846.69313174624,7136.52979145692
44.6811029589303,1524.21131272007,7136.53075772255
67.2473812565591,906.921426846452,7136.53185114443
174.452600994614,51.6075411571837,7136.53704564443
180.84335394142,174.141950859408,7136.53735530068
185.952925097683,570.855640535939,7136.5376028788
194.481668392147,953.460088659597,7136.5380161288
208.744288902202,1172.88290191198,7136.53870720693
225.160700865188,878.636274848077,7136.53950264443
247.842424131357,1891.72544295957,7136.54060166005
346.391201646661,43.23775712467,7136.54537672255
346.562111871119,101.099982552366,7136.5453850038
355.549088081923,155.805535140274,7136.54582045693
6.1706755802709,288.570223272444,7136.54633511317
11.9384124036928,1352.84783375766,7136.54661458193
24.2404022825611,49.3272089840957,7136.54721066005
26.4538510485966,922.043330575661,7136.54731791005
39.1947255179243,945.862721479784,7136.5479352538
66.1727451915532,3235.19944167572,7136.5492424413
167.036872658366,61.1858202992366,7136.5541296913
170.265786246229,744.143080488868,7136.55428614442
186.400357585545,385.757342735715,7136.55506792568
192.889142097697,1191.19436536863,7136.55538233193
207.844755231463,1979.93266226604,7136.55610698818
230.530670667442,816.936185366046,7136.55720620693
240.069074240921,1978.71763418789,7136.5576683788
343.410755257184,37.4449984907876,7136.56267567568
353.344832124952,152.144755127814,7136.56315701943
3.20298151739148,607.590255885526,7136.56359380067
9.02876331845476,1099.32141167945,7136.56387608193
18.8880266795061,783.884512856048,7136.56435380068
32.3276983153579,39.2517095215705,7136.5650050038
35.4647073177482,322.281701325977,7136.5651570038
42.2546808169909,1821.78094831897,7136.5654860038
81.7942804334116,2418.45721227207,7136.56740184755
161.819935449096,38.2209819349555,7136.57127939443
168.278730011084,94.2220468314048,7136.57159234755
175.111269819756,100.820830850612,7136.57192341005
179.186672777512,868.311145207912,7136.5721208788
191.427392970272,1173.9076377637,7136.57271398818
203.598136662705,74.260125826342,7136.57330370693
205.805136011808,767.608310248136,7136.57341064443
222.612061788093,2360.07546838835,7136.5742250038
250.252761698209,322.281701325977,7136.57556430068
354.320004972531,58.2761408574051,7136.5806067538
357.640500671266,74.512715442232,7136.58076764443
1.02323344237142,206.612116304683,7136.58093155067
6.30016767756562,34.5752662611609,7136.58118723818
9.71514772103918,183.902615358278,7136.58135270693
18.3357955634359,152.391543828401,7136.58177041005
25.3860040758034,1395.72264856724,7136.58211201943
39.2639152778318,195.491151044891,7136.58278445692
48.9835482254511,1287.2598542657,7136.58325541005
82.5283906639551,1042.61954625429,7136.58488078505
170.361096298632,28.0288136450535,7136.58913661318
175.855054213239,710.667191761161,7136.5894028163
188.770386127633,1009.80968031905,7136.59002861318
199.563206325039,134.233513193749,7136.5905515663
206.938144320187,1088.32787226731,7136.59090891005
219.069868923799,1400.02387460925,7136.59149673818
246.022090779533,756.16551908908,7136.59280267568
339.648330942905,29.0371424821467,7136.59733922255
355.935754116742,204.601696696116,7136.59812841005
0.721885651086716,135.279232260643,7136.5983603163
8.68630267392879,831.525459599192,7136.59874622255
18.7100268800455,116.954612661146,7136.59923191005
21.7032133367353,778.496933584449,7136.5993769413
35.9706709282601,1011.59436383114,7136.6000682538
55.5353784671212,2475.46250164987,7136.60101623818
172.944968837041,45.8477665554735,7136.60665620692
177.907170226996,287.003310006639,7136.60689664443
186.275644921286,135.140260093536,7136.6073021288
189.264316733565,1015.1542939596,7136.6074469413
202.642073659026,1549.25139383977,7136.60809514443
216.930814424036,563.967983424618,7136.60878748818
231.982846712604,1635.34352726202,7136.6095168163
268.623421780013,2721.64824011156,7136.6112921913
339.196128278136,140.725223141125,7136.61471170692
344.190254428317,88.9390922020894,7136.6149536913
349.44784030009,62.5148682820154,7136.6152084413
355.220414129901,1008.0219992048,7136.61548814443
5.19447762291367,287.003310006639,7136.61597142568
11.3843304326388,1284.45443170477,7136.61627134755
25.0523122838476,168.660960198075,7136.61693361318
30.5778725216221,2536.87870710451,7136.61720134755
61.0308520264297,1805.86989806386,7136.61867691005
179.770577912445,41.1789456700173,7136.62443030068
189.07260944309,1083.34441417668,7136.62488101943
203.041780281389,1176.97662727068,7136.6255578788
219.96124882989,253.788573489899,7136.6263776913
228.805692318315,1797.86163734263,7136.62680623818
259.606619289452,2341.66108725731,7136.62829866005
341.074692194737,144.805070712017,7136.63224609755
344.440978911368,34.7784509524551,7136.63240920693
351.995856307173,207.519515460497,7136.63277526943
359.850955303806,1382.73892336116,7136.6331558788
15.0335888296079,248.098180888334,7136.63389153505
18.1880113478151,1307.64965522445,7136.6340443788
34.0197813645776,2351.90911190841,7136.63481148818
55.9253141607008,73.1769089767909,7136.63587289443
76.003397397218,1829.68462603128,7136.6368457538
166.731580360299,30.2842750876664,7136.6412418788
169.299748521738,151.029230788247,7136.6413663163
182.885177550895,97.3121166980562,7136.64202458193
186.409475620577,1040.88804242508,7136.64219534755
199.671142553214,1157.4019520566,7136.64283792567
215.921158936153,253.936593974657,7136.64362530068
222.23129387097,1769.54706443411,7136.64393105068
243.808227564186,2172.2315057815,7136.64497653505
342.541225034837,21.5644932466397,7136.64972022255
348.755908201114,182.980783303144,7136.65002134755
355.403349015518,142.318379303674,7136.6503434413
3.43548517894162,1247.40862084138,7136.6507326288
12.4253636611524,98.7495987758713,7136.65116822255
16.8003433080773,1121.52109821295,7136.65138020693
34.4727842679942,869.003313752614,7136.6522365038
42.3475540275683,161.606575344031,7136.6526180663
51.3938651519577,2989.47200327859,7136.65305639443
176.089651564128,91.5417186497791,7136.6590983788
179.287930290168,270.002326052676,7136.65925334755
187.833764625848,234.711083901828,7136.65966742568
191.557350497148,1137.49043517686,7136.65984784755
206.115677963622,1567.00186160208,7136.6605532538
228.225980592035,1161.55041141042,7136.66162458193
247.880657831224,2587.56482907074,7136.66257692568
343.887709877103,75.2029480355354,7136.66722883193
347.388145014035,81.3247941211515,7136.6673984413
350.472268594855,92.1554083044285,7136.6675478788
2.58819205565347,1106.40852035715,7136.6681349413
9.85445693625424,915.499287490462,7136.66848701943
20.2496689917679,993.603754828598,7136.66899070693
33.3807347247122,58.1954831546661,7136.66962695693
45.6021065540513,2580.11856324458,7136.6702191288
62.1826568499615,236.624525529194,7136.67102251943
175.497756334954,44.0716560468069,7136.6765130663
181.997504908449,780.425279955921,7136.6768280038
193.653583042364,81.0934236428196,7136.67739278505
201.561567460568,783.50093080104,7136.67777595692
216.182454549094,1938.19360561065,7136.67848439443
234.059342866699,201.827943246968,7136.67935059755
248.028836217141,1433.12983702515,7136.68002747255
345.491849973229,29.7956277706124,7136.68474992568
352.644604657812,234.069791327229,7136.6850965038
358.615821340039,98.0334841083064,7136.68538583193
7.39577047143026,1292.85260275225,7136.6858112538
18.3549862864249,178.510817239186,7136.68634226943
23.7899317995886,832.248214788223,7136.68660561317
32.8928120101717,78.8616116853547,7136.68698691005
41.2641889007866,1872.55833061784,7136.68739253505
80.0134092773515,1976.28535758554,7136.68927008193
168.96896291246,32.7794909271706,7136.6935803163
175.10818762282,915.499287490462,7136.69387778505
190.637801153608,91.695533110947,7136.6946302538
196.098544484667,1396.58395958975,7136.69489484755
207.133863779862,1447.32370532807,7136.69542955068
224.098478397056,765.254859480535,7136.69625155068
244.331025728476,1805.86989806386,7136.69723189443
342.737915470602,23.8404435082273,7136.70200008193
349.533693475117,134.792232930891,7136.70232936318
355.783848584688,69.4893448338618,7136.70263220693
0.939855708047856,754.175111250532,7136.70288203505
13.9770820454556,32.7973967428896,7136.70351373818
21.4203840928464,1567.7690257121,7136.70387439442
44.7576932669097,129.60459094824,7136.70500517568
48.6615410510067,1605.66149265406,7136.70519433193
90.3878243043881,1896.80382511881,7136.7072161288
166.261005458314,47.2106242987991,7136.71089247255
173.328949923558,260.798993512168,7136.7112349413
179.447858884235,193.947261029059,7136.71153142568
186.84021035766,807.311772987873,7136.71188961318
197.020655980884,1578.47068749106,7136.71238289443
213.472862361765,1547.69819182832,7136.7131800663
227.583276024041,697.430391216614,7136.71386376943
242.269302456343,1815.1682379397,7136.71457536318
342.288552926266,26.521927015688,7136.71942167568
349.159144475038,93.5215030417602,7136.71975458193
357.203857072808,255.853116470917,7136.7201443788
5.04025269276296,861.359039650011,7136.72052408193
10.3413722602264,202.385733172328,7136.7207809413
19.3160945488253,58.7577694832753,7136.72121580068
22.7846049255302,1443.99658896788,7136.72138386318
35.6357648448684,959.118673371506,7136.72200655068
53.1427776485397,151.153575767005,7136.72285483193
62.9917218599086,2422.43181070023,7136.72333205067
169.862454475807,35.9734811383738,7136.72845833193
180.419547542039,854.350257206704,7136.72896986318
188.486833211698,880.00384756981,7136.7293607538
203.895519743273,1350.17863556186,7136.73010736318
215.803771062835,1789.81740539541,7136.73068436317
236.139831990273,1479.37173622381,7136.73166972255
351.537779079149,74.1335118292774,7136.7372611913
355.14753227983,66.9064595393287,7136.73743609755
4.69206279564129,88.2498379928265,7136.7378985663
7.93935732312362,922.69519802457,7136.73805591005
16.5174388936321,291.420998443925,7136.73847155068
28.0609742177904,1127.93596684924,7136.7390308788
42.0952844749475,1751.78971328904,7136.73971089443
60.7977014635618,33.1003419118403,7136.74061709755
69.230670552426,873.833116976641,7136.74102570693
170.625909669771,29.4188284843955,7136.7459386913
179.93955017342,58.837656968791,7136.74638997255
185.811122992379,881.369255356645,7136.74667447255
199.487811620267,1083.89919262208,7136.74733716005
211.354464054202,647.819964338936,7136.74791214442
223.699020242499,1483.43037853493,7136.74851028505
245.065379673234,93.3707000605466,7136.7495455663
265.493667585664,2538.77385780754,7136.75053539443
338.242738608606,105.466003985644,7136.75406036318
344.337784674074,81.9003476149049,7136.7543556913
354.503719015347,1135.37423906962,7136.75484826943
1.97926829756538,115.010626022816,7136.75521048818
13.3693069506234,274.830352919864,7136.7557623788
16.9926039719128,1251.25876326848,7136.7559379413
32.6976424091093,235.988451002811,7136.75669891005
41.1364159281645,3050.00025235813,7136.75710780067
177.878149375888,40.1392009907742,7136.76373345693
188.413314356975,891.543117109705,7136.76424392568
203.112884609885,497.104302166207,7136.76495617568
210.401400050232,1080.00930421071,7136.76530933193
232.483970088227,2268.62928442984,7136.7663793163
264.898870122624,1294.71144916238,7136.7679499413
342.757794058849,39.6683415282428,7136.77170664443
346.423657389568,204.417940907753,7136.77188426942
356.19198366403,131.332722475008,7136.77235758193
2.01260587148146,269.863104085388,7136.77263961318
8.62134999658392,1386.21314427212,7136.77295983193
19.8511199743859,33.1889134230767,7136.77350395693
30.5120490736962,845.152059447685,7136.77402051942
42.974952577022,1700.23461976143,7136.77462439443
64.3277681496082,2709.24860323873,7136.77565901943
170.382407296813,58.9971127507027,7136.78079776943
175.903775327238,434.501656876307,7136.78106530067
184.680177275562,805.820854488104,7136.78149055068
196.75804899626,1406.87828054098,7136.78207576943
211.179648283168,35.2146679871712,7136.78277455068
214.260224680921,1497.14740604878,7136.7829238163
233.267700351835,866.925198295121,7136.78384480068
245.940533168439,2412.48332422117,7136.78445884755
345.071372870702,23.7045990475471,7136.78926211318
349.872015686997,210.218203955392,7136.78949472255
355.978670725468,207.700523446874,7136.78979061318
4.14721263139848,1256.05470469026,7136.79018641005
17.2708615236076,162.880459120274,7136.79082230068
20.2595333358871,1010.99983940145,7136.79096711317
35.5714782380605,962.247947988715,7136.79170903505
50.0943337612402,259.933047308536,7136.79241272255
56.7092048662157,2789.72156486645,7136.79273323818
175.316717179534,101.285653475447,7136.79848022255
180.986744949751,837.290015098802,7136.79875495693
189.916643569176,468.460603642029,7136.79918764442
199.846205905155,803.579314201386,7136.79966876943
210.669983438986,2156.67572689426,7136.80019322255
229.984130127663,1029.2706686954,7136.8011290663
254.31207369192,1072.74777949584,7136.80230784755
348.484904174038,120.359069932796,7136.8068708788
359.231933353549,186.035770122217,7136.80739161318
4.67332835872677,711.09007571124,7136.80765526943
10.8051361908105,811.767986164114,7136.8079523788
21.8162700411143,1583.0348143453,7136.80848591005
38.70994077172,53.2206639869415,7136.80930447255
42.4931839936647,235.190922293071,7136.80948778505
48.8758751880745,1757.27254969615,7136.80979705068
73.8906992834036,1751.78971328904,7136.81097917568
168.385034502294,110.085850157926,7136.81555778505
177.236894868995,256.8791568347,7136.8159866913
181.240709028502,902.268815217155,7136.8161806913
194.212473547533,106.969579027894,7136.81680922255
198.909602767811,1470.40335463089,7136.8170368163
211.979398889729,1558.53763228464,7136.81767009755
232.081667420974,144.285111636222,7136.8186441288
236.530493150813,1388.81317557349,7136.8188596913
259.10580062464,1343.03479448761,7136.81995355068
351.128709273953,59.2354845729837,7136.82441241005
353.207687220168,103.396957662483,7136.82451314443
357.750674820145,1019.29165108317,7136.82473326943
14.8300894942192,877.951711331093,7136.82556083193
19.6097716491711,1095.48625726319,7136.82579242568
34.6759927826299,222.210361222608,7136.8265224413
42.4075849081642,66.6250457581619,7136.8268970663
42.6149344997185,1564.69792678138,7136.82690711318
64.7510349084854,2158.90483268311,7136.8279796913
169.416786499321,45.487762861951,7136.83305114443
175.380586378353,847.992898123096,7136.83334011318
190.892463956264,245.815728883159,7136.83409172255
194.6998926231,1172.88290191198,7136.83427620693
206.291153850299,1681.74563164314,7136.83483784755
221.210005179909,101.285653475447,7136.83556072255
234.657738568156,1871.27380257834,7136.8362123163
356.288427250787,145.193801426302,7136.84210578505
0.105207568422099,185.530091290076,7136.84229072255
7.48143542443268,711.09007571124,7136.8426481288
16.5944982656014,69.9609190024653,7136.8430896913
18.8459987717373,1292.85260275225,7136.84319878505
41.7199154358492,1126.86937558948,7136.84430711318
51.5530585794864,183.902615358278,7136.8447835663
57.0121895375414,67.9514014501059,7136.84504808193
74.650125977966,2768.95417705703,7136.84590270693
170.531736342682,845.863157294957,7136.85054853505
183.957567074915,194.81720403558,7136.8511690038
189.734978023737,1073.86810554999,7136.8514489413
203.776060172427,1929.48812482996,7136.85212928505
216.810384275969,86.6925212172909,7136.85276084755
228.95113809332,1957.94624957557,7136.85334911318
265.189267862285,1492.32060042692,7136.85510498818
341.709328147426,113.199324913715,7136.85881267567
348.264219464696,71.3569550669924,7136.85913028505
350.353838960113,118.391643710858,7136.85923153505
356.546271566644,1060.91235796413,7136.85953158193
11.343873347359,703.011704406009,7136.86024858192
23.2021415542978,219.145257496223,7136.86082316005
28.5703353882228,1613.13329360979,7136.86108326943
49.0282907386743,1811.18919861945,7136.86207453505
71.0134741605246,119.497398087809,7136.86313980067
87.1293421231619,65.487289202526,7136.86392067568
173.859837981691,45.3843837511236,7136.86812309755
183.979013881266,164.943780855964,7136.86861341005
187.209862279193,533.000366065295,7136.86876995693
202.373147479114,1395.72264856724,7136.86950467567
212.267237871799,89.3606091900701,7136.86998408193
223.732734980775,1485.05074903937,7136.8705396288
242.057859577179,2154.44440065937,7136.87142755068
343.122887218613,28.4033803421568,7136.87632453505
355.183990410237,142.97697747967,7136.8769089413
359.485768810827,220.683124552146,7136.8771173788
4.81623337925262,268.746802589703,7136.87737566005
10.1750754872973,1014.56187895366,7136.8776353163
15.2424027711914,66.9064595393287,7136.87788084755
24.7911254943529,1747.66623395328,7136.87834351943
40.7312460384403,80.6869432379287,7136.8791158788
52.197388134158,1728.29317524048,7136.87967145693
81.7064917280097,325.299176484606,7136.88110128505
178.000221479029,119.497398087809,7136.88576708193
181.955019837092,704.293401376788,7136.88595870693
194.289579387848,70.7620212425653,7136.88655636318
197.454643492798,964.12056116435,7136.88670972255
211.044909603425,1243.54671005023,7136.88736822255
230.605747447077,199.204250317386,7136.88831601943
237.73463916137,1740.77197101496,7136.8886614413
269.053133924891,1330.44075756317,7136.8901789413
341.299840814581,77.6007036407123,7136.89366109755
348.146569430603,143.763279059073,7136.89399284755
358.117408140068,927.245336068694,7136.89447597255
5.11860088853265,156.64740338206,7136.89481520693
11.1884940853069,1266.54187138087,7136.8951093163
26.0950914551704,89.3606091900701,7136.89583159755
30.1650124197957,143.108316863483,7136.89602880068
41.1042349972492,996.624671678603,7136.89655884755
53.7035441679997,2145.49555899168,7136.89716933193
178.344187873936,31.4073489438016,7136.90320864443
184.931326388493,733.564264887576,7136.9035278163
193.381064006432,155.926077605173,7136.90393723818
203.547965809048,269.445049605466,7136.90442986318
211.24473097803,1472.03804701235,7136.90480280068
221.394864214031,1026.34578613703,7136.90529461318
240.542615247578,111.020602433509,7136.90622239443
251.991021352878,1398.30491630022,7136.90677711318
348.175433077689,32.1647083967314,7136.91143761318
354.074738487066,151.773829615287,7136.91172345693
0.247177856055263,107.232729640305,7136.91202253505
9.58274644484955,199.581171034247,7136.9124748788
13.1992715370644,1042.61954625429,7136.91265011318
20.5596982127211,1170.83054362865,7136.9130067538
34.9771053673604,70.0280250454099,7136.91370533192
41.744505832256,290.646284817342,7136.91403323818
49.2429506234225,238.994796175618,7136.9143965663
60.5410847285482,1052.94839514158,7136.9149440038
79.2019027939951,243.511877329183,7136.9158481913
176.177661182464,41.5197425052138,7136.92054703505
187.88694725009,139.653011377305,7136.92111439443
192.897519454746,167.991232036258,7136.92135717568
202.215352053122,863.450533294952,7136.92180866005
211.37549584813,152.021215060749,7136.9222525038
214.718887018273,816.936185366046,7136.9224145038
233.369708483719,1325.91382318026,7136.92331820693
267.818440395638,1483.43037853493,7136.9249873788
342.274034016514,80.2784019815483,7136.92859503505
349.503214543276,74.512715442232,7136.9289453163
359.274442976523,315.208109613607,7136.92941876942
5.24340241162584,1179.01832741296,7136.92970798818
23.8968036363375,1285.39012766993,7136.9306118163
31.7828599318555,1271.28019222766,7136.93099392567
46.3579559649451,21.0268451955598,7136.93170014443
53.2246778560489,278.767342543063,7136.93203286318
70.9873502711608,2053.86285756504,7136.93301645693
179.561786765104,49.0885630755056,7136.93827730068
182.96354542503,841.587521893672,7136.9384421288
194.873086680535,288.570223272444,7136.9390191913
202.536314753827,287.787849106991,7136.9393905038
209.258891549548,44.7590783880791,7136.93971623818
212.19080832013,1722.71807930002,7136.93985830068
232.192788076447,1457.25975730926,7136.94082747255
357.984657322434,51.1044852269382,7136.9469225663
0.541538947929032,43.4815065897265,7136.94704645693
6.05420031429684,294.499480357757,7136.9473135663
17.3078331873081,341.968758865718,7136.94785884755
23.2690533070754,983.874204329993,7136.9481476913
31.5433660561465,1376.63791477394,7136.94854861318
54.5169266586081,263.665006494662,7136.94966176943
64.8673150824879,202.941996541028,7136.95016328505
77.1231914313193,136.729794153467,7136.9507571288
113.152036798666,74.9526898879971,7136.95250286318
177.173076763067,38.1594825182852,7136.95560492568
182.239436623159,76.1340990251824,7136.95585041005
187.365131396836,176.180015021288,7136.95609876943
196.04221184387,221.193383054263,7136.95651920693
203.14111368308,781.964604179564,7136.95686317568
209.597650960404,989.358817093944,7136.95717601943
233.987509159971,928.541243894188,7136.95835780068
249.851526374021,1715.72367424488,7136.95912647255
350.995882166581,95.0657746967565,7136.96402730068
353.928443848823,84.2190067684712,7136.96416939443
2.19727456722296,170.103015006973,7136.96457005068
8.58544779230424,991.786652804194,7136.96487958193
16.9803651410684,408.099914972482,7136.96528634755
25.5868242136555,1259.87831278707,7136.96570336318
40.2383461640054,113.116301048155,7136.96641328505
45.0712361775881,282.516537941646,7136.96664745693
50.7264302287943,977.743996877223,7136.96692147255
180.249624623876,95.8040660692383,7136.97319736318
195.01788147871,171.313727093114,7136.9739129413
195.706371072165,799.077470858833,7136.97402401943
212.624549722263,172.842365420145,7136.97484376943
220.401610428633,1363.47244605872,7136.97522059755
239.586445740937,922.043330575661,7136.97615017567
273.688842521989,1271.28019222766,7136.9778025663
350.263078164644,92.1044282509165,7136.9815128788
355.382645920907,183.391066221894,7136.9817609413
2.37738921489862,32.328580784613,7136.98209986317
5.50859378709808,409.203393392232,7136.98225158193
11.6333072155066,923.997489632455,7136.98254834755
22.6496006594219,1305.80923851653,7136.9830821288
37.2179247634371,95.951038781017,7136.98378801943
42.9369682600164,2184.37623544787,7136.9840651288
65.8866658921875,29.1783437689208,7136.9851771288
74.3731653518237,212.529327470179,7136.98558833193
173.454666778042,27.4145827566796,7136.99038920693
182.87794782004,170.103015006973,7136.99084580068
189.432194188109,130.183183677524,7136.9911633788
194.801032933695,996.624671678603,7136.99142351943
206.343600871592,49.8482019550828,7136.99198280068
212.873016883109,976.513425676728,7136.99229917568
230.834070433311,1661.60418757499,7136.99316945693
251.502277609182,202.571306950894,7136.99417091005
354.804939461543,66.695510225756,7136.9991763163
357.529506678111,119.654522401369,7136.99930833193
10.2636091808236,309.432812706234,7136.99992534755
14.2609738858563,254.232385143993,7137.00011903505
21.1335002446917,300.561880939298,7137.00045203505
27.2678879111219,56.8067606843137,7137.00074926943
29.5593749298809,1077.78019842186,7137.00086030068
49.2053454674724,2145.49555899168,7137.00181222255
87.0626078933091,22.6274120967984,7137.00364655068
169.481651113226,24.2312975240466,7137.0076400663
181.984218692115,75.5146153941233,7137.00824586318
191.058262406922,222.210361222608,7137.00868553505
193.662547423316,779.654507621075,7137.00881172255
207.450488925017,737.243266435428,7137.00947980068
213.308195448766,1120.44840072656,7137.0097636288
230.848745310587,2127.48463290779,7137.01061353505
267.264879707685,90.5615304969132,7137.01237803505
351.676113324881,50.5035110953678,7137.01654142568
355.286189000163,65.6663612375041,7137.01671634755
357.006900367907,117.195336768461,7137.01679972255
9.02124508029273,196.736640867279,7137.01738186318
11.9389730435242,291.678792230243,7137.01752323818
16.504856152448,1288.19377387401,7137.01774447255
29.7158950232607,53.5286814873359,7137.01838459755
34.5046063544108,154.473336899663,7137.0186166288
41.0814257943675,377.286785147035,7137.01893530068
49.8252579581815,1750.41625638528,7137.01935897255
67.3264662941213,344.377776295701,7137.02020697255
177.844764815095,45.745195825786,7137.0255620038
183.260362039919,101.748359737641,7137.02582441005
188.976503302633,760.130791643832,7137.0261013788
202.248489347412,752.179374341466,7137.02674445693
210.07263100762,159.146307243674,7137.0271235663
220.880607398639,216.73129957378,7137.0276472538
224.093074969569,1605.66149265406,7137.02780291005
248.782509820764,1470.40335463089,7137.02899920693
350.303835493392,166.981581339876,7137.03391830067
356.69523342694,102.300848348058,7137.03422798818
0.458805848403649,89.8324470366418,7137.03441034755
5.57095676393164,434.847491348478,7137.03465805068
9.38322243715637,47.6316035225022,7137.03484276942
15.6691720021638,1607.15862840277,7137.03514734755
34.5083172078849,303.547659230574,7137.03606017568
39.5711298473689,350.43512536248,7137.03630548817
51.7586421439578,72.3376220035377,7137.03689601943
56.7124592318341,1900.6038964875,7137.03713605068
82.7595017908324,2380.36879096626,7137.0383981288
164.769972845054,48.4383540222399,7137.04237184755
171.737628460288,671.96492814503,7137.04270945692
182.177341747917,931.127730474657,7137.04321530068
188.778669032284,251.408310836254,7137.04353516005
199.706927510854,64.7660466923661,7137.04406467567
205.131876461558,2192.06963691931,7137.04432753505
227.044503698897,1495.54024719833,7137.04538928505
234.568423758276,866.231419927033,7137.04575384755
351.501983145548,35.0475343191547,7137.05141972255
358.968825688628,87.9833012001896,7137.05178151943
1.60406804144779,123.289448095143,7137.05190920692
11.1550480868145,256.439924850582,7137.05237198818
17.5519280134932,46.9862274088406,7137.0526819413
19.3571270884346,946.498102116777,7137.05276941005
28.8694104069587,1115.06937017225,7137.0532303163
46.8765774871974,903.600638757496,7137.05410283193
58.2098610234763,201.827943246968,7137.05465197255
69.0697554873442,1992.04253092944,7137.05517817568
173.534364186518,60.95508126025,7137.06033803505
177.809054945892,468.139582654459,7137.06054516005
189.122022732488,1028.10171487278,7137.0610933163
196.228341374893,749.777517849992,7137.06143764442
212.071720327119,1476.93113294878,7137.0622053163
232.929541179208,1572.36423881102,7137.06321595692
259.388703199591,2410.48869753513,7137.0644980038
340.938039066066,22.9622692388132,7137.0684493788
346.096948423292,88.6746231998359,7137.06869934755
348.78830098123,180.915463166009,7137.0688297538
0.728154586418679,365.139168900797,7137.06940828505
3.97577158850179,876.581029984891,7137.06956564443
15.3538787188738,1836.24504490609,7137.07011695692
28.6674637619019,52.8664473309348,7137.07076205068
35.6689789849675,76.8708985354749,7137.07110130068
41.8085261323871,249.156167919651,7137.07139878505
48.9812740545113,957.236179210952,7137.07174633193
57.8424861470925,2052.69157227406,7137.0721756913
176.128816198238,79.3958648825921,7137.07790711317
180.525401455708,84.3304800990374,7137.07812014443
184.31702894219,748.975215181247,7137.07830386318
197.202048431819,818.406786784465,7137.0789281913
202.008495753386,67.0467362184901,7137.07916108193
214.442376730351,1608.65443188385,7137.07976355068
225.91883793821,838.007774284222,7137.0803196288
238.561358367591,1153.23861571426,7137.08093220693
358.167244461521,87.0709754297039,7137.0867275663
2.34551606609299,183.800419328861,7137.08693001943
5.44479584052469,77.418897681536,7137.0870801913
13.4795118382949,1085.00808337908,7137.0874695038
24.6786469542726,376.489173170569,7137.08801214443
31.180330337831,530.739507897948,7137.08832717568
42.6658207594292,210.575404335778,7137.0888836913
53.0158867087084,1749.04180028079,7137.0893851913
70.508388192888,60.6847627704354,7137.09023276942
181.17276669439,58.2761408574051,7137.0955948788
184.000202445152,154.959087228512,7137.0957318788
190.316464322301,151.153575767005,7137.09603792567
202.353059631974,1301.19670593842,7137.09662114442
213.274495478063,918.122522453046,7137.09721698818
221.805496057192,149.277382122115,7137.09763034755
236.294814484681,1645.60576276784,7137.09833241005
353.449912270858,97.1188407472567,7137.10400901943
359.590104405019,44.2577849368853,7137.10430653505
3.16954518093629,113.613521368627,7137.10447997255
13.9426946154021,1108.58000557101,7137.10500197255
23.9299794544223,189.140758610762,7137.10548589443
28.6248513900358,1089.43221110991,7137.1057133788
40.8030119982853,34.8459178178828,7137.10630345693
47.5562236182899,193.365143341673,7137.10663067567
56.8650270780092,348.4996180525,7137.10708172255
62.8865494225416,213.587564301676,7137.10737348818
76.4242525861987,3437.04953387203,7137.1080294413
164.749050707506,102.941662138978,7137.11230911318
174.539627466633,123.213217406715,7137.1127835038
179.447331062013,171.313727093114,7137.11302130068
183.683647644227,1192.20344707571,7137.1132265663
198.81436317226,838.007774284222,7137.11395970693
205.814266022322,885.45282217467,7137.1142988788
217.923740028647,2693.22297796748,7137.1148856288
252.668501296504,142.97697747967,7137.11656914443
358.373903116518,62.7772972494611,7137.12169097255
2.90399177000603,73.9431779694932,7137.12191047255
6.32800102721836,135.764469111344,7137.1220763788
14.262428212519,177.77251892781,7137.12246083193
18.0911399402178,30.6695849272565,7137.12264634755
22.9137108791994,1295.63992867787,7137.12288001943
35.0522073743451,368.825470165035,7137.12346817568
48.1890776125615,831.525459599192,7137.12410470693
57.9864263758443,1795.18422349645,7137.12457942568
174.856458754803,52.8220037154803,7137.13024222255
182.707043107026,91.1302977524286,7137.13062261317
190.821732205124,955.350021314416,7137.13101580068
204.405548823737,1080.56585901295,7137.13167398817
217.787497919007,218.97371416113,7137.13232239443
229.292981615687,1746.28955740275,7137.1328798788
249.716432446647,1570.83401841618,7137.13386947255
345.703061953634,20.0110015363686,7137.13859326943
352.186686872174,179.246090192819,7137.13890742567
358.244971058403,184.921467027976,7137.13920097255
7.17841693597641,1103.14313239712,7137.13963383193
15.3466363673056,81.7855644319465,7137.14002961318
17.6661785261646,1117.22409101844,7137.1401420038
32.8842839952606,354.486551223943,7137.1408793788
41.5913543924588,1420.48806051065,7137.14130126943
54.9913618776661,70.562597431767,7137.14195055067
59.286690898864,228.874821872616,7137.14215867568
81.4431070197728,204.417940907753,7137.14323223818
178.86194213097,35.3145672427058,7137.14795255068
181.909303907633,74.764444635278,7137.14810020693
185.133057901884,157.365426245448,7137.14825641005
193.537326976529,98.939675896581,7137.1486636288
198.244452871888,980.200698386113,7137.14889170693
210.55289220523,811.767986164114,7137.14948809755
226.017688866843,1125.801785129,7137.15023742568
247.85775984459,1443.1635886325,7137.15129566005
266.691422982099,721.998294483939,7137.15220822255
344.874794644084,69.1505325223218,7137.1559965038
348.931171750561,116.793838489393,7137.15619305068
354.505425277637,225.233776074418,7137.15646314443
1.15867055977306,339.321210018895,7137.15678551943
4.62298884174999,280.915873895893,7137.1569533788
11.4687499964291,398.031052561976,7137.15728508193
18.3564325113356,86.6383215170075,7137.1576188163
22.8536290934162,1456.43441751275,7137.15783672255
38.9024228271327,1733.85039659024,7137.15861434755
60.9711265323779,758.547169521506,7137.15968366005
76.6016738623777,280.380274553238,7137.16044101942
76.7632324360365,42.965308394427,7137.16044884755
172.381383079161,59.1164200924865,7137.16508191005
180.722770019613,136.316929966185,7137.16548608193
187.330224321394,239.779668342877,7137.16580623818
191.815811817849,242.274200701331,7137.16602358193
196.928285207977,480.185780027398,7137.16627130068
208.775911828174,816.199829944964,7137.16684536318
215.970265398383,1076.6638691706,7137.16719395693
232.542753866816,1655.80449351665,7137.16799695692
279.733005159723,866.231419927033,7137.1702835038
337.259778543759,33.5583782984372,7137.17307089443
352.634927942104,203.681307930914,7137.1738158788
357.801576689747,174.357597804153,7137.17406622255
3.4593504626778,116.954612661146,7137.17434036318
6.83208663378238,144.415271408072,7137.17450378505
13.0870788248241,1118.2998971293,7137.17480686318
27.8782311886062,1054.0898154332,7137.17552355068
35.7962122818922,969.71697338688,7137.17590720693
54.9916891809392,34.5582833183311,7137.17683730068
60.1809109253882,108.452309632856,7137.17708873818
72.6531660795128,2909.56436721501,7137.1776930663
162.603062321056,28.5888222817388,7137.18216514443
167.952875140281,153.863963237022,7137.18242436317
180.106527829038,636.112829077717,7137.1830132538
189.089956856775,1214.1906369223,7137.18344853505
199.274594649809,1082.78919164206,7137.18394201943
214.292444931026,56.9306546349679,7137.1846696913
220.972132942717,1267.49089002232,7137.18499334755
238.037681359123,2664.49418084846,7137.18582023818
349.231236588472,76.931981618511,7137.19120798818
355.973161747614,85.9306167888541,7137.19153466005
1.03887662096398,53.4847895139468,7137.19178011317
4.50222747913872,349.576229075055,7137.19194792568
8.46121800701136,28.2583054178609,7137.1921397538
11.540182069301,389.055343497091,7137.1922889413
15.5011074072372,356.600388107253,7137.19248086318
25.9540420408731,266.218047606515,7137.19298734755
27.8785557420231,1268.43935355225,7137.19308059755
41.5958759068167,2318.9561382253,7137.1937452538
71.3668267741747,251.557746855369,7137.19518776942
179.906436274025,44.8115225482049,7137.20044692568
186.785089612733,552.932533093298,7137.20078022255
197.921987618801,810.285227803575,7137.20131984755
204.457853084792,509.35083928394,7137.20163653505
222.674304566648,1959.17437828541,7137.2025191913
248.020292674458,1428.08653791349,7137.20374730067
350.887617156967,85.6020046513528,7137.20873161318
356.883341758686,118.708626262176,7137.2090221288
2.40664463671498,306.994346610523,7137.2092897538
9.37688004875502,128.950572442221,7137.20962748818
12.9121421797801,367.805230716556,7137.20979878505
17.4015994089843,1292.85260275225,7137.2100163163
33.2985087319819,1412.84872690051,7137.21078658193
47.5588719573724,95.7550219671255,7137.21147755068
52.4694777866184,258.337878866755,7137.21171548818
69.4192586848018,1514.71457598973,7137.21253676943
181.045571524737,40.9214849506068,7137.21794548818
186.548236216023,168.438013536942,7137.21821211318
195.235958287341,988.142678792769,7137.2186330663
204.775329322163,699.582280994093,7137.21909528505
215.910937392287,1311.32293912373,7137.21963484755
232.542911589369,1273.17045794939,7137.2205220663
244.976792528792,1520.26158328766,7137.22112453505
347.474241422286,37.6326921014414,7137.22609092567
352.652821617534,113.033221671444,7137.22634184755
356.249675946808,175.966602400379,7137.2265161288
5.74938286852626,311.369791061722,7137.22697642568
10.9798810615422,947.133149686863,7137.22722986318
19.0719970502117,82.471890427982,7137.22762195692
24.5537010801544,1581.51491902458,7137.2278875663
43.7981937431041,71.0931521985536,7137.22882003505
52.1273267613501,1867.41400121093,7137.22922361317
80.2959136510738,246.578896190286,7137.23058848818
177.133653886492,100.447414275173,7137.23528064443
189.204108766455,1005.63324334502,7137.2358655038
201.211359075166,744.950601205829,7137.23644730067
210.013881240904,249.608222979703,7137.2368738163
220.000521130723,1471.22092286622,7137.23735770693
238.6945538548,1654.35132259972,7137.2382635038
350.782646831682,21.8350754144225,7137.24369459755
353.181839578728,90.8205038951948,7137.24381084755
357.114709851645,80.5121108671258,7137.24400141005
6.16102097603466,402.537170263173,7137.24443973818
13.642374725985,98.4637787970755,7137.24480223818
17.2911470530278,199.204250317386,7137.24497903505
20.769009155613,1467.12852977515,7137.24514755068
42.1198898805949,468.139582654459,7137.24618208193
47.8560244183902,1651.44131702988,7137.24646001943
64.7529198574624,45.0467545209943,7137.24727873818
78.774331205672,316.872722505579,7137.2479581288
89.66324812082,44.8115225482049,7137.24848573818
176.025480763337,32.6718409271454,7137.2526703163
180.992841709362,92.0534204418288,7137.2529110038
184.332363259377,195.971128214012,7137.2530728163
195.086164367963,827.902246758327,7137.2535938788
208.68191243418,1246.44428112219,7137.25425264442
221.967442374648,816.936185366046,7137.2548963788
233.969210652687,1396.58395958975,7137.25547791005
264.090688820721,1348.39617249582,7137.25693741005
348.442952593548,24.806030493596,7137.26102459755
350.015649245782,111.358561261099,7137.26110080068
357.215438422897,208.963138459417,7137.26152183193
3.81192862579413,1055.79955889112,7137.26184145693
14.3909498147131,891.543117109705,7137.26235405068
23.4972407268074,250.059473128061,7137.26279528505
30.6967538530879,48.992782053503,7137.2631441288
37.2767979639704,1322.28117344368,7137.26346295693
53.0959915088455,2018.42831337729,7137.26422945693
91.8732669879696,78.3237016910299,7137.26610836318
173.812149206401,30.2066219259878,7137.27007861318
179.15841491764,109.743963916387,7137.27033766005
187.385646750413,114.273111806451,7137.27073630068
191.682588107073,828.628166082979,7137.2709445038
201.001065654652,1134.31464221492,7137.27139601943
216.610329848707,775.401520769492,7137.27215234755
230.737834552199,1749.04180028079,7137.2728368788
251.03261903107,766.824659326204,7137.27382023818
350.269706241285,88.1433120936137,7137.27870080068
353.550110221065,40.1099327362875,7137.27886008193
359.554530184792,227.392354945621,7137.2791516288
5.06338197304983,312.09307360669,7137.27941911318
13.4024429497942,1221.10344058513,7137.27982401942
24.3728423422922,205.883324277956,7137.2803566913
32.7241316805663,1215.18051177105,7137.2807621913
41.6340614646403,815.462863901217,7137.2811948163
64.1222378087514,162.534027903227,7137.28228673818
70.5662332021096,76.6260874196512,7137.2825996288
177.502768109263,51.5164438885662,7137.28779197255
187.505844086624,96.6339716579334,7137.28827767567
190.12817210312,298.302910151094,7137.2884050038
203.309964092812,892.890872350449,7137.28904505068
219.474819022139,1207.23808727519,7137.2898299413
230.490270111226,207.881364899798,7137.29036480068
243.839396701023,1302.12052251721,7137.29101297255
345.775519919403,32.1647083967314,7137.29596251943
354.824144480566,96.8767080444799,7137.2964018788
358.100686860665,83.0394850104277,7137.29656097255
5.49623750792216,291.420998443925,7137.2969200663
11.5579374923056,302.307151534009,7137.29721439443
15.4310924528391,65.8806134645751,7137.29740245692
21.9796720883327,1547.69819182832,7137.29772042568
37.2325528982622,86.9089800126233,7137.29846103505
49.1722063558896,1464.66749839647,7137.29904076943
61.9015509919355,1052.94839514158,7137.29965884755
175.779441454057,127.411456385396,7137.30520348818
180.830053601532,31.519318405282,7137.30544872255
183.518671850632,460.369131705107,7137.30557926942
189.118592357063,163.111010809125,7137.30585117568
199.239446300547,939.484601225615,7137.30634259755
210.351114757535,1327.72648431256,7137.3068821288
226.485077189106,938.844335607314,7137.30766551943
243.79424413288,1550.02732871168,7137.30850597255
350.572454689336,62.5524215758233,7137.3136906288
353.777236199821,102.392642975513,7137.31384623818
0.977133961693264,191.117191516987,7137.31419583192
10.2410410942359,1008.61818896902,7137.31464564443
17.7762519185022,952.198098147505,7137.31501151943
32.3742747274201,59.2354845729837,7137.31572033193
35.4245934494272,111.358561261099,7137.3158684413
39.4692665221082,2065.53907311502,7137.31606483193
184.794958747408,54.4854057704658,7137.32312117568
189.722644204109,647.819964338936,7137.3233604413
197.192208320795,206.248046419333,7137.3237231288
205.287025028244,528.753318906894,7137.32411617568
215.247301983755,1046.0737831508,7137.32459980068
230.205416228251,1931.97946529722,7137.32532609755
264.281843156233,723.661852664037,7137.3269806913
335.483406696875,27.2857743344179,7137.33043791005
352.053404758368,200.707686581758,7137.33124247255
355.689716811534,174.788114537527,7137.33141903505
358.849446700354,101.099982552366,7137.33157245693
6.57773597275554,160.790686321022,7137.33194770693
12.3157076188659,1259.87831278707,7137.3322263163
23.0643884779765,358.701762737113,7137.33274822255
28.4120197532375,421.150808671555,7137.3330078788
45.0116231500555,965.989732648609,7137.3338138788
54.8402849278941,1551.57808823247,7137.33429111318
175.843876771111,43.9649462669056,7137.34016648818
184.042955845798,741.309791330025,7137.34056459755
190.407145482591,97.4568134526343,7137.34087361318
200.738133122956,1183.09084751189,7137.34137523817
214.213726203236,244.743281196946,7137.34202955067
224.915424640841,1487.47791861581,7137.34254917568
237.903172670091,1203.24716856857,7137.34317980067
350.151871002539,24.6159446992689,7137.34864561318
354.535075062425,121.369525540871,7137.3488584413
2.26690409707182,164.373223365821,7137.34923386317
9.82303173230303,234.230301821015,7137.3496007538
15.9461950246116,1559.30901524215,7137.3498980663
25.8833025318808,20.6464307456189,7137.3503805663
38.2461198078033,1363.47244605872,7137.35098084755
60.5640652021986,354.062279495082,7137.3520645038
67.4521412248168,285.690998635957,7137.35239895693
181.181821799271,64.8385303780863,7137.35792114442
185.431801681616,147.759263158243,7137.3581275038
192.531298675933,263.237098785396,7137.35847222255
199.139410782049,244.743281196946,7137.35879308192
205.180515717979,903.600638757496,7137.35908641005
214.59727660167,83.547030405029,7137.35954364442
219.554245668646,1278.82493483611,7137.35978433193
245.117840907922,776.176511951832,7137.36102558193
345.913513711536,46.1540979046493,7137.3659197538
358.70367805556,195.202604080791,7137.36654078505
4.44583306386376,243.357500817609,7137.36681959755
7.32366831126514,114.026212083562,7137.36695933193
15.1410955394616,58.1147109601776,7137.36733891005
20.5363527612507,1130.06615176658,7137.3676008788
32.3186473055636,389.63440807116,7137.36817297255
43.0930719752412,83.9396746554755,7137.3686961288
47.9383772755897,1098.22695382178,7137.36893139443
66.4134166821851,1749.04180028079,7137.36982845693
171.179105526567,48.3169858289667,7137.37491539443
175.098277546148,154.107990257835,7137.3751056913
182.785376796566,178.931341965338,7137.3754789413
187.657391307402,292.707635907163,7137.3757155038
193.083862901845,1190.18439548313,7137.37597898818
205.812885737918,421.864015942575,7137.37659705068
212.786238079187,1375.76416925356,7137.37693564443
230.576814149447,872.455885314594,7137.37779947255
240.020284243625,1724.11362964198,7137.3782580038
351.770266515988,76.9930091903959,7137.3836840663
355.342540823979,116.713375075683,7137.38385751943
0.489692214252884,192.586210867596,7137.3841074413
8.69631363503168,287.003310006639,7137.3845229413
14.6354087660761,1193.21164060437,7137.3848113163
21.3291190282789,39.6683415282428,7137.38513633193
28.3497755535651,1239.6726978281,7137.38547722255
51.9182261669482,895.580332116452,7137.38662159755
62.7830759548527,1989.62646358325,7137.38714914443
172.084500847757,43.4815065897265,7137.3924563163
181.103841836106,168.438013536942,7137.3928942538
185.636681759791,202.199965104732,7137.39311434755
191.247221552961,1133.25393513719,7137.39338676942
203.943421091436,957.236179210952,7137.39400323818
218.044266725017,678.642420037789,7137.39468791005
225.323326718431,1660.15612368398,7137.39504134755
248.165480298625,1241.6112582514,7137.39615045693
344.322763573961,23.1912614112595,7137.40081941005
349.03967165891,111.358561261099,7137.4010484413
355.23363038345,91.7467421479579,7137.4013491913
0.417144871029187,427.526875013129,7137.4016008788
8.20078340170831,204.049957486241,7137.4019788163
13.3019176954731,716.984360771278,7137.4022265038
20.6173407861928,1250.29731012916,7137.40258170693
30.498777347597,60.8007602598271,7137.4030615038
42.7280486085445,147.249740178879,7137.40365530068
49.2634345200501,2492.88856224439,7137.4039726288
88.4715665519661,60.60731083668,7137.40587639443
184.590234092721,855.053750026258,7137.41054347255
192.676040475836,244.435999219306,7137.41093608193
201.969552943703,154.959087228512,7137.41138733193
207.922807123732,1113.99045543692,7137.41167639443
218.843327894963,1681.74563164314,7137.41220664443
244.02044432561,641.290298641906,7137.4134291288
343.95337791876,30.3810587798381,7137.41828141005
358.39211097706,107.757101852624,7137.41898248818
2.45351749851332,192.683771715885,7137.4191796913
8.32664408454173,119.968160405826,7137.41946486317
11.4763982865708,61.8728956958137,7137.41961780068
19.2638983045451,277.28055962406,7137.41999592567
23.1608663132671,1133.25393513719,7137.42018514442
37.8982274617581,392.708504604045,7137.42090072255
43.9303220733551,1327.72648431256,7137.42119361318
77.9256560448787,2148.85553795341,7137.42284426943
163.48984442374,78.6229970017871,7137.42701072255
174.931033581061,116.148569928587,7137.4275662538
180.739157096918,992.998461235572,7137.42784826943
192.50632707994,877.266648213748,7137.4284196288
200.015794093639,711.935121966434,7137.4287842538
217.241615518603,2570.78025533986,7137.42962066005
244.940980885777,1463.84626642515,7137.43096561318
348.223183166023,62.5148682820154,7137.43598051943
356.817429573699,126.226210039881,7137.4363978163
0.878836132613543,62.8146978876032,7137.43659501943
11.1255128542472,1100.4146482918,7137.43709255068
19.9723703679909,215.165177341881,7137.43752211318
24.6941054150801,1347.50410829554,7137.4377513788
38.700020843192,40.7489458842392,7137.4384314413
51.0676650437923,1877.68867121463,7137.43903195693
90.5689546038121,125.85353592609,7137.44094995693
169.452146832785,27.8185426083599,7137.44478016005
183.328056045631,604.116923152986,7137.44545391005
195.57084283054,566.096169940522,7137.44604836318
202.592142955773,214.465459280611,7137.44638928505
207.129488079086,32.2376431105553,7137.44660959755
216.117292857346,1528.9375321359,7137.4470460038
237.00999707072,997.227855847882,7137.44806045693
252.088785368714,933.707000605466,7137.44879261318
340.09847722796,32.2922348583443,7137.45306595693
348.963355352908,87.715952556966,7137.45349639443
354.883464397904,191.999957599442,7137.45378384755
359.1521084914,213.235415436053,7137.45399111317
4.02154863991035,787.710230376604,7137.45422755068
9.10369696001315,55.8477500356425,7137.4544743163
16.9961029826342,1182.07410526594,7137.45485753505
32.8542849348198,764.075414050325,7137.45562753505
40.2929564413631,1683.17504378734,7137.45598872255
67.4896741460374,285.690998635957,7137.45730926943
84.064499169671,2404.49504751439,7137.4581140663
167.362109831183,67.3961164654457,7137.46215861318
176.253375404107,270.002326052676,7137.46259033193
182.463745777445,787.710230376604,7137.4628918788
190.155993752515,819.874834689927,7137.4632653788
202.485344093431,1711.5132644463,7137.46386403505
216.595843651292,128.877700178442,7137.46454917567
226.64654572503,1443.99658896788,7137.4650371913
238.848142413032,984.485049038142,7137.46562964443
349.536725478371,55.2558589161922,7137.47101734755
356.482081446721,107.057362974672,7137.47135458193
2.61682942568816,49.1363824628444,7137.47165245693
6.38604378149542,273.047029430984,7137.47183547255
12.1262680274202,234.230301821015,7137.4721141913
18.2204695094272,1134.31464221492,7137.47241009755
27.4354633831614,611.535710959288,7137.47285753505
43.6012837498707,1686.03031536207,7137.47364247255
74.5424373997057,149.025430884464,7137.47514483193
179.784386570998,137.415176459932,7137.48025489443
186.760313274593,106.35303748785,7137.48059361318
192.407859802477,957.236179210952,7137.48086783193
207.665889374519,896.922036641712,7137.4816086913
223.213858512393,1504.35874868293,7137.4823636288
243.014060094966,44.4695461010447,7137.48332503505
254.641248213392,1718.52476693601,7137.48388959755
347.569615130081,47.1359444531583,7137.48840176943
349.334674573125,229.530630613262,7137.48848747255
358.966717990734,938.203736922105,7137.48895516005
12.2370042613492,209.681244589532,7137.4895995038
16.6121633968216,1240.64236661781,7137.4898119413
25.58420012623,53.043854031376,7137.49024758193
32.9736366489159,1742.1530884576,7137.4906063788
58.9423749828968,178.931341965338,7137.49186730068
59.1454292302093,79.867765179209,7137.49187716005
67.810471145041,892.217244530258,7137.49229789443
172.321618120977,37.8815069590477,7137.49737247255
176.348914107477,91.3876543884307,7137.49756801943
187.440309353446,183.902615358278,7137.4981065663
191.299948827481,782.348963390689,7137.49829397255
200.790401418089,863.450533294952,7137.49875478505
214.650220707184,832.970303843439,7137.4994277538
231.335100497578,1657.25633216596,7137.50023789443
253.388206536762,513.758313669399,7137.5013086913
338.594076505649,22.8982544731027,7137.50544589443
353.54189326338,125.254945304576,7137.5061716913
358.351479028908,169.660605009447,7137.50640522255
4.88654317790237,177.983780491608,7137.50672253505
11.3630401063463,130.038785295383,7137.5070370038
14.3341966342736,313.294806764119,7137.50718126943
21.9979102633848,1229.9343765676,7137.50755861318
38.61843050863,629.939156393533,7137.5083656288
46.0493788907343,1569.3022437091,7137.5087264413
177.479532329581,40.8927822159733,7137.51510808193
188.743411012694,127.926558235458,7137.5156550038
195.152974071126,280.915873895893,7137.51596622255
200.530854281658,1076.10520494461,7137.51622734755
214.212075971577,1086.11575289075,7137.51689164443
229.750391185171,655.661469561863,7137.51764611318
252.982241611191,1911.95836940494,7137.51877414443
340.237961751914,20.6322060131159,7137.5230108788
348.284187037991,110.681602771834,7137.5234015663
352.486862698857,105.910447079083,7137.5236056288
0.0970523175482096,908.246422515191,7137.52397514443
5.76036693174547,196.066968216613,7137.5242501288
13.8564708390882,929.188559428695,7137.52464323818
21.694493078276,65.3077314449746,7137.5250238163
32.1973206307615,316.160403412979,7137.52553378505
38.7658516772996,1934.4674750954,7137.52585272255
53.5199463120248,871.076544228799,7137.52656911318
178.811168334787,53.9656583309345,7137.53265267567
187.334619347693,204.968708672482,7137.53306653505
192.644600288293,230.510832643915,7137.53332436318
196.979856526752,887.487583423052,7137.53353486318
211.082954760147,992.998461235572,7137.53421964443
222.078132563292,358.701762737113,7137.53475351943
236.933915202929,1658.70683854763,7137.53547484755
355.025883063765,127.042265596344,7137.54120884755
359.33861345393,40.9214849506068,7137.5414182538
5.35622714164509,66.3424384872435,7137.5417104413
7.51452315529939,930.48180271893,7137.54181523818
14.1261750611233,220.171700315852,7137.54213626943
21.313522736417,160.556803963097,7137.5424852538
30.6839447985494,391.174481695344,7137.54294023818
39.3042568542277,1400.02387460925,7137.54335880068
48.434939771769,133.391020451512,7137.54380214443
51.6490534440223,67.3961164654457,7137.54395820693
57.9698003840945,2161.1317180259,7137.54426511318
174.494544771361,59.4729057667998,7137.5499275663
177.937456501494,228.217139630615,7137.55009473818
189.057813482842,876.581029984891,7137.5506346913
194.977278965353,241.652975407902,7137.55092211318
204.357033151792,1680.3148872313,7137.55137755068
221.986388671593,101.470998270514,7137.55223355068
231.697594320743,1499.55503569998,7137.55270508193
350.719235224593,64.2563571795485,7137.55848422255
1.2474847876725,48.1709429289712,7137.55899542568
3.72596930242946,140.457936947946,7137.55911576943
9.69145180652573,361.830926332019,7137.55940542568
18.5872225041534,293.476909440926,7137.55983736317
23.697045397202,202.199965104732,7137.56008547255
27.0369818850669,1299.3470743794,7137.56024764443
46.0809592991511,1436.48226647031,7137.56117233193
64.4852032360527,136.935782157899,7137.56206595692
80.5486920353652,1324.0987195573,7137.56284592568
173.696524885628,60.7621175596762,7137.5673687538
179.740847746368,222.041204867018,7137.56766223818
183.841191802376,223.39100014257,7137.56786133193
191.69820009015,352.360030042576,7137.56824283193
199.679744031104,1166.71516892097,7137.5686303788
207.0563087047,1259.87831278707,7137.56898855068
222.739110982518,332.384147982978,7137.56975003505
232.205750524938,1565.46631213672,7137.5702096913
255.588202177216,904.930408385241,7137.57134503505
338.849771503935,33.2596068741697,7137.57538783193
346.825201320317,99.2241219743839,7137.57577508193
356.765848589832,242.42924334672,7137.5762577538
359.553902318954,80.8032876720155,7137.5763931288
8.84001346235511,112.700279664146,7137.57684401943
16.3784422488938,1375.76416925356,7137.57721005068
29.9673080207447,317.820048056916,7137.57786986317
36.8038964222287,952.198098147505,7137.5782018163
53.16118631213,117.115150910507,7137.57899605068
62.1583232521583,1895.53550633548,7137.57943291005
177.448400059938,40.1392009907742,7137.58503086317
180.362920279542,709.396985598687,7137.5851723788
193.583327891429,295.772711877973,7137.58581430068
199.362167834473,297.546098870782,7137.58609489443
205.914609032186,1390.54368020197,7137.58641305068
222.360393203012,1109.66424937686,7137.58721158193
233.636822010166,291.162982613002,7137.58775911318
243.816886661761,27.7974258194869,7137.58825341005
248.470400638944,1433.96872154256,7137.58847936318
350.064547564034,43.857976278483,7137.59342172255
355.260612138192,156.40734540856,7137.59367401942
6.63358022560689,174.572994948718,7137.59422623818
10.0494609078168,341.08854629622,7137.59439209755
16.4155813444514,1066.5646144048,7137.59470120693
30.2200514876559,65.9874724306952,7137.59537148818
37.347866617403,1735.2369541257,7137.59571758193
63.4675279776156,1096.03481845966,7137.59698583193
177.946031433554,40.7777527022812,7137.6025443788
183.266631698354,72.0774134821411,7137.60280272255
193.41387301489,783.117126701427,7137.60329542568
203.283081214765,1032.18722458109,7137.6037746288
217.463732717297,200.332889166432,7137.60446317568
229.83395124276,1651.44131702988,7137.6050638163
247.6100464266,280.11210018164,7137.6059269413
259.422589906184,904.265773371549,7137.6065005038
346.762299278052,92.1554083044285,7137.6107413163
354.001134574479,36.7805196022086,7137.61109280068
358.345722937245,349.145989897437,7137.6113037538
2.04993422288105,189.933790917252,7137.61148361318
9.73413723607592,1043.77217979845,7137.61185672255
17.4073992000215,160.43973094515,7137.61222930068
23.5141508060695,1290.05928162229,7137.6125258163
39.4987991363516,64.6208295207451,7137.61330195692
41.473992388662,190.230345364917,7137.61339786318
49.8951117592473,685.693446467184,7137.6138067538
64.6414832695334,1875.12538829537,7137.61452276943
68.5152817925517,20.4607424753034,7137.61471086317
171.395880777801,29.3388854877286,7137.61970626943
176.531769243928,175.110315137061,7137.61995564443
184.259093153871,912.868558522462,7137.62033084755
197.414175933075,943.953804011244,7137.62096959755
207.158848517232,155.443338756278,7137.6214427538
216.287278872421,1488.28616097774,7137.62188598818
233.273039315358,1162.58513926937,7137.62271073818
255.915034810537,1482.61958266005,7137.6238101288
345.553987498038,149.905379775994,7137.62816258193
357.323731880847,139.248806929615,7137.6287340663
0.382417364702583,175.324768592056,7137.62888258193
8.39549747828393,1330.44075756317,7137.62927166005
20.3483446598995,63.1874899625906,7137.62985203505
25.4166556560673,1122.59279649862,7137.6300981288
32.4739971160942,896.251406423687,7137.63044080067
59.4047090272846,1965.30236529213,7137.63177184755
170.137167500733,38.8306053977772,7137.6371485038
183.671971289124,875.894856644521,7137.6378056913
192.166460529191,145.064335543843,7137.63821814443
197.374431627443,233.909225322293,7137.63847101943
204.639976134358,1148.01324002656,7137.63882380068
213.684739095839,1630.92572780243,7137.63926297255
230.712655035603,1108.58000557101,7137.64008976943
254.328088070492,2236.59979425861,7137.64123642568
343.343397129634,95.0657746967565,7137.64555859755
348.148477770458,65.6663612375041,7137.64579191005
350.107581061557,35.6455490124752,7137.64588703505
0.144124048848298,1156.36256126095,7137.64637436318
17.4378447062821,1112.91043047856,7137.6472140663
26.530555564113,811.026967806328,7137.6476555663
45.0873314521892,277.957379335447,7137.64855659755
50.0021450597998,67.9514014501059,7137.64879523818
61.2312696080131,2293.93060102723,7137.64934047255
173.735545323948,27.0914124467225,7137.65480316005
182.18723546724,804.327215941925,7137.65521353505
194.817144623264,165.398791884819,7137.65582678505
202.174079610864,33.029311924393,7137.6561840038
204.390299170198,1385.34539395607,7137.65629161318
218.586075121634,869.694982696956,7137.65698089443
239.368080930839,1823.10067042835,7137.65798997255
267.977489692493,739.685868111906,7137.65937911317
339.628282624508,26.9392754631559,7137.66285814443
346.690129284164,137.346786721615,7137.66320103505
353.471046664859,118.232840184973,7137.66353028505
357.974603015731,210.039360903913,7137.66374895693
4.06269037316607,39.6090903131974,7137.6640445663
6.31334226742595,280.648199124656,7137.66415384755
11.709243089162,1300.27222322582,7137.66441584755
31.7980970751337,207.700523446874,7137.66539126943
35.1206565142798,986.924986179361,7137.66555259755
47.9616648794908,1673.14317955913,7137.66617609755
64.5345591032836,2760.25513556988,7137.66698080068
167.188523596957,44.9945879166247,7137.67198767568
173.242178619465,226.730356711613,7137.67228161318
182.222260273286,849.409764747122,7137.67271764443
187.615908570132,281.983991712309,7137.67297953505
198.15574281987,1521.84276291933,7137.67349130067
213.681829784321,93.9224531482097,7137.67424517568
218.331803924334,1562.3906612916,7137.67447095692
242.4704797451,1448.98448795061,7137.67564301943
346.19869334206,90.3538216467936,7137.68067958192
353.114443900162,23.5804240716897,7137.6810153788
358.878481156813,313.534642693014,7137.6812952538
4.64895433800869,213.411566196697,7137.6815754413
13.1791631128958,1262.7383583208,7137.6819896288
27.6690619923566,244.743281196946,7137.6826931913
33.5898145998374,1264.64161365192,7137.68298067568
44.6377671490856,79.5731536218369,7137.68351711318
54.2923364524512,1657.25633216596,7137.68398589443
176.731145238405,36.556348226302,7137.68993095693
183.074739826745,272.495997988287,7137.69023897255
192.477985261399,728.217208756377,7137.69069555068
202.989823138217,1218.14558440292,7137.69120595693
216.705155400551,1363.47244605872,7137.69187191005
237.28378516247,1310.40556183848,7137.69287111317
257.925487307105,2483.22251650279,7137.6938733788
339.549107243748,24.7823497834254,7137.69783664443
344.821437849686,160.556803963097,7137.69809264442
351.041783984741,182.054302189094,7137.69839467568
0.228137885608746,1276.00086052837,7137.69884072255
10.8748089398338,105.109101977696,7137.69935767568
20.2860992988999,119.340051729644,7137.69981464443
27.0943694900292,1031.02160142754,7137.70014522255
34.696192384334,1757.27254969615,7137.70051433193
48.6155442564386,51.6075411571837,7137.7011901913
75.5274711199327,3163.02983804917,7137.70249691005
171.173739933459,49.8010625793466,7137.70714105068
177.280491502045,786.18211940551,7137.7074375663
188.62932477876,144.415271408072,7137.70798861318
190.961713229426,886.131612531926,7137.70810186318
205.056766538408,1928.2411223287,7137.7087862538
223.734538392343,1470.40335463089,7137.70969316005
248.134513768612,890.193363467517,7137.71087791005
352.530856538909,24.7586465218497,7137.71596701943
356.015280128461,153.129522950657,7137.71613620693
3.67502656844498,284.900714131453,7137.7165081288
15.4505633507771,1152.19545016032,7137.71707989443
27.9765319020746,209.3225037747,7137.71768809755
37.8927225983789,238.049524536876,7137.71816958193
44.0078409288129,1479.37173622381,7137.7184665038
56.327859145423,1485.86021264663,7137.71906470693
174.247343531653,53.6163648201526,7137.72479033193
183.511572389245,237.258906965465,7137.72524016005
187.511515602773,798.324684136986,7137.7254343788
201.485251258311,1248.37229442676,7137.7261128788
210.320524047934,133.742711350138,7137.7265418788
220.837510686865,1482.61958266005,7137.72705253505
238.614893070599,2487.09342010045,7137.72791572255
350.03825084239,123.745791391627,7137.73332592568
357.094626939959,165.739227897532,7137.73366855068
1.41025352988489,41.6890966192796,7137.73387809755
10.1956476607791,1415.39968634419,7137.73430467567
23.2921633318193,1029.2706686954,7137.73494058193
31.8371747181755,135.418051772085,7137.73535548818
39.2925797109529,25.1118535687933,7137.73571748817
42.1858612821567,149.277382122115,7137.73585797255
48.3566505584555,343.941042313389,7137.73615759755
67.8900820608997,2033.85908115195,7137.73710605068
173.577398986421,31.9081185085057,7137.74223773818
182.870911416826,250.959503178549,7137.74268898818
190.195666669314,226.23260209631,7137.74304464443
196.81825966185,79.0401008532449,7137.74336620693
203.236833082077,1530.50971896107,7137.74367786318
220.505131766379,1196.23111416445,7137.74451633193
231.422756300387,555.373691479844,7137.7450464413
255.683393374545,1617.59972083786,7137.74622442567
341.992707098407,24.5442815377528,7137.75041520693
346.751127042775,109.486857080565,7137.7506462538
353.335426175627,76.0723775639072,7137.75096595693
2.29523461842973,167.431069009183,7137.7514010038
7.85718302768844,24.5203475579547,7137.7516710663
13.5018333558107,1463.84626642515,7137.75194514443
34.7378954810666,1420.48806051065,7137.75297626942
42.9926455765421,862.753923858151,7137.75337708193
69.1984594789906,2958.74347244762,7137.75467305068
172.699805817912,263.5224538583,7137.75969859755
180.752145266022,1047.22275295899,7137.76008958193
193.807148965257,955.979184702471,7137.76072347255
200.492170703101,784.651121854552,7137.7610480663
211.535296327671,1397.44482652304,7137.76158426943
236.878782033427,1505.95669268228,7137.76281483193
258.022810115513,2984.64120085384,7137.76384148818
342.41839389499,100.072609920954,7137.76793934755
346.799988992469,93.2700375266826,7137.76815209755
353.651058242911,289.090640315237,7137.7684847538
2.67490443088915,1226.01739871442,7137.76892291005
16.2927319755795,37.0984250264161,7137.7695841288
17.8203048363841,1441.49614467182,7137.76965830068
29.0442806599463,1241.6112582514,7137.77020328505
52.3495008430612,223.054311132564,7137.7713348788
57.5072715575356,2761.99707549551,7137.7715853163
171.73799094447,57.7904980814115,7137.77713183193
179.484944502946,109.143097337672,7137.77750798818
182.608311219537,184.310816608857,7137.77765964442
186.424508071774,875.894856644521,7137.7778449413
203.796425560829,825.720658514939,7137.7786884413
210.065041354745,1078.33786344713,7137.7789928163
227.247420045525,1913.21580800263,7137.77982711317
256.674516358517,91.2333264491139,7137.78125595692
266.536645108823,331.024679889325,7137.7817348163
351.446461312382,85.9852605783473,7137.78585764443
353.945862675567,56.0157129014804,7137.7859790038
0.976816800003792,152.637930073141,7137.78632039443
6.58446039341184,279.036821426715,7137.78659267567
10.6838390494994,175.966602400379,7137.78679172255
20.9012321983201,63.0013749503,7137.78728783192
24.9706837191097,1380.99853774776,7137.78748542568
39.8345113206214,1016.33812477075,7137.78820714443
55.9253528179819,892.217244530258,7137.7889884413
67.1995290627842,114.355289126955,7137.78953586318
171.703274714254,28.0706777266992,7137.79461008193
181.886545017119,149.654497128004,7137.79512472255
185.507088946509,192.391005904291,7137.79530051942
189.459727938558,192.586210867596,7137.7954924413
201.844749225339,926.596632755405,7137.79609380068
209.051404749192,1058.0750720024,7137.79644372255
225.01610166843,1089.98399195315,7137.79721889443
251.350401962614,1563.16015686997,7137.7984975663
347.558207459163,64.8022954741201,7137.80316897255
353.448711131373,58.7977305732679,7137.80345498818
356.607475620272,222.041204867018,7137.80360836318
4.16360325550365,707.275016331721,7137.8039752538
14.9969168707807,1219.13235062721,7137.80450126943
26.5899944542539,805.074340526346,7137.80506417568
34.036710922672,51.6075411571837,7137.8054257538
52.4425638594409,2364.14821053188,7137.80631945693
98.0441691009637,227.887583803543,7137.80853366005
177.761782292584,193.46227397854,7137.8124043788
183.695085061568,161.954991084734,7137.81269247255
192.641377942947,1198.2399517052,7137.81312686318
206.351883243141,169.77130812279,7137.81379258193
209.431163737988,925.947540864058,7137.81394209755
225.226273344919,2266.50787027438,7137.81470903505
248.095136098137,184.819826110072,7137.8158194413
349.858775879374,29.5383370541025,7137.82076061318
355.571647314864,105.73289466187,7137.8210380038
3.80097536228401,84.2747607809891,7137.82143758193
8.84772591007781,188.842497195196,7137.8216826288
15.1198814287773,293.476909440926,7137.82198717568
18.9878876646596,1241.6112582514,7137.82217498818
28.7811516701892,48.1221590353798,7137.8226505038
37.2907653966227,255.264948068046,7137.8230636913
45.495315070858,1343.92985629006,7137.8234620663
62.5631338701735,894.908702697705,7137.82429080068
173.948197744819,58.4773063305732,7137.82969914443
178.900983449602,104.750971785528,7137.8299396288
185.736606413703,211.110087744437,7137.83027153505
191.008293419695,35.4804449709256,7137.8305275038
193.259910713875,838.007774284222,7137.83063683193
199.98161738646,477.989592351236,7137.83096320693
218.816748191171,1532.08035147401,7137.8318777538
240.753685339023,831.525459599192,7137.83294291005
253.511669985397,1443.1635886325,7137.8335623788
341.372621115795,26.1203923074271,7137.83785486318
345.722358240674,89.727801577677,7137.8380660663
348.761735838508,106.17622059339,7137.83821364443
1.27322350338551,321.113607926193,7137.83882114443
7.39155983355421,1096.03481845966,7137.83911822255
13.4893010778071,98.0813902318189,7137.83941430068
20.7126900878946,1102.05256032003,7137.83976503505
37.2453596521628,1645.60576276784,7137.84056778505
57.4906071889907,251.258791550413,7137.84155080067
69.8466667403947,110.085850157926,7137.8421507538
179.097891174597,30.9174630341857,7137.84745548817
185.474309135458,209.3225037747,7137.84776509755
193.589720853898,558.612045509221,7137.84815914443
204.455214279212,1107.49476256444,7137.84868672255
220.342357929313,896.922036641712,7137.8494581288
235.260891114231,1265.5920755833,7137.8501825038
351.112504605034,77.6612107955543,7137.85580772255
354.738519096511,58.2761408574051,7137.85598378505
4.58970668518182,287.526558118145,7137.85646211318
11.8774551654935,92.8156718149609,7137.85681597255
14.4087145387406,754.175111250532,7137.8569388788
26.0883556407589,1343.92985629006,7137.85750598818
41.5014915637641,171.64243637513,7137.8582543788
48.3602839761071,130.399496756084,7137.85858741005
55.8221249308918,320.8794618903,7137.85894972255
71.2474892154269,1908.18094658596,7137.85969870692
176.617835602119,227.392354945621,7137.8648150038
183.584108381434,63.5950389571427,7137.8651532538
188.44067660593,253.195603372447,7137.8653890663
195.768971620664,1312.23965027516,7137.86574489443
207.573791938347,376.289471804014,7137.86631808193
213.805722760059,93.6720562227933,7137.86662067568
218.922303377627,1558.53763228464,7137.86686911318
245.879281900247,1592.1242102479,7137.86817801943
354.675806530838,123.593857370707,7137.87346067568
3.681632032688,57.0131060417811,7137.87389795693
6.28690476297695,855.756632223148,7137.87402445693
15.5443758585881,989.966331133019,7137.87447395692
29.1074978947962,173.276643034015,7137.87513251943
36.8682887397452,136.592320787443,7137.87550934755
45.4522376606562,1985.99692247114,7137.87592614442
66.0214197485705,2227.98091087384,7137.87696961317
167.511531575312,58.2358258838234,7137.8818975038
180.070001774082,294.244156817669,7137.88250728505
186.750840149732,1066.00073213059,7137.88283167568
198.584622240255,1197.23597702404,7137.88340626943
213.443622879627,903.600638757496,7137.8841277538
231.894849275496,1803.20447462634,7137.88502366005
354.897769106799,113.365178355807,7137.89099611318
359.7076766723,46.735632724948,7137.89122966005
9.58525167148514,109.486857080565,7137.89170926943
16.0742987239701,268.606942244176,7137.89202434755
20.4179216868152,1161.55041141042,7137.8922352538
32.2192022422523,79.5141036347147,7137.89280826943
34.8946268797502,1267.49089002232,7137.89293817568
55.4114715337702,92.6130144796034,7137.8939343788
67.4486297090411,1916.98301676979,7137.89451884755
175.705821667467,267.766253614354,7137.8997753163
178.055265329415,98.4637787970755,7137.89988939442
189.734584668923,93.9724548176812,7137.90045648818
194.172172512241,1276.94277374246,7137.90067195693
206.041995975019,1258.92340996359,7137.90124830068
222.562758977731,1819.13883956497,7137.90205047255
250.423023170314,1738.00662750523,7137.90340323818
346.037755811213,151.773829615287,7137.90804584755
356.519988352707,268.467026387498,7137.9085548163
1.16191760576962,87.1787989020767,7137.90878020693
5.12163612231056,157.126464617185,7137.90897247255
10.5075612572554,1129.00155890827,7137.90923398818
17.2994197995862,997.227855847882,7137.90956376943
27.0798119185634,73.5610392044173,7137.91003866005
41.3270754536718,1766.82679597917,7137.9107304413
56.6382016092538,80.3368829793705,7137.9114738788
88.2924585308285,1931.97946529722,7137.91301086317
169.365482946083,36.8443227316551,7137.91694739443
172.153536712667,233.426750151366,7137.91708276943
180.955342529822,234.230301821015,7137.91751014443
188.816856017224,1164.65193045201,7137.91789186318
195.144904646459,151.64998423689,7137.91822261318
204.473814849173,1374.88986862166,7137.91867558193
221.418385195202,679.085232491161,7137.91949833192
228.203807775526,1721.32141873504,7137.91982780068
269.253587044778,1705.88332348842,7137.92182098818
337.211109777868,23.8527531060129,7137.9251206913
343.083270963976,130.75922289385,7137.9254058163
349.684303583062,99.3187615483393,7137.92572633193
358.389570157418,271.25202084477,7137.92614901943
1.82540232559704,1142.76399454383,7137.92631584755
20.4001989372634,1272.22565815543,7137.9272177538
27.648044558024,152.391543828401,7137.92756967568
37.6244113998217,2016.0439984096,7137.92805408193
56.6542296899974,86.0398696733711,7137.92897808193
62.1595417160087,210.932007971287,7137.92924539443
88.2248192927881,2017.23637793805,7137.9305110038
166.360154115122,102.667520318622,7137.93430489443
176.671833944389,188.244586585284,7137.93480558193
180.8944610163,1029.2706686954,7137.93501061318
197.420694656023,199.769367714708,7137.93581305068
200.507376475335,1231.88814704633,7137.93596292568
215.20708736409,1747.66623395328,7137.93667667568
240.157658299208,833.691837787143,7137.93788816005
260.998874853986,2037.40335713576,7137.93890011317
335.673920897468,24.1827842473175,7137.94252598818
345.749723181825,120.124674096722,7137.94301522255
353.115024856349,165.625832493355,7137.94337284755
357.017141627185,936.921207284058,7137.9435623163
7.74812363760264,840.872815821569,7137.94408336318
24.5987291406213,896.251406423687,7137.94490155068
34.6053448802281,2011.26648669003,7137.94538742567
56.9638368090459,2185.47713259909,7137.94647305068
177.521417335549,754.57357029407,7137.95232676943
188.272994356958,92.2573059614074,7137.9528488163
196.303451556721,1094.93714095521,7137.95323873818
207.425095775424,1479.37173622381,7137.9537787538
224.627747714684,39.4903242051381,7137.95461403505
226.879686771376,1455.60841158243,7137.9547233788
244.380001513292,1454.78218360751,7137.95557311318
343.30828410722,21.632454508258,7137.96038559755
348.892436527338,94.6200340301573,7137.96065673818
359.577079716197,317.346732225943,7137.96117553505
6.395325594118,203.681307930914,7137.96150659755
11.1933266729877,1337.65187815271,7137.9617395663
30.8731759645729,98.3683204336394,7137.9626951288
34.7044973031765,1520.26158328766,7137.96288116005
56.2269592320177,118.470969145967,7137.9639261913
61.2193260338406,1971.41147850743,7137.96416859755
173.432053109152,74.3865247176956,7137.9696171288
181.109820235264,190.329085825169,7137.96998992568
189.207533105012,887.487583423052,7137.97038311318
197.721651993612,289.350488014151,7137.97079651943
203.324468662342,48.0977514760728,7137.9710685663
207.702202122678,1638.28228760821,7137.9712811288
223.053874775221,1440.66181206881,7137.97202653505
243.611265963663,913.526920776064,7137.97302470693
349.037605096193,75.2653842028828,7137.97814372255
354.583463656627,96.2443180707595,7137.9784130038
2.58077568389451,232.620450679732,7137.9788013163
6.43365739594794,143.632536420135,7137.97898839442
9.43699373391174,36.8443227316551,7137.97913422255
15.5852571619163,950.934442300877,7137.9794327538
25.9320129260566,1186.13618926844,7137.97993514443
38.9828333005611,933.707000605466,7137.98056883193
52.5768478345252,182.87805991779,7137.98122889442
69.2308350897007,83.3218424811655,7137.98203753505
76.2135195178145,286.741325128403,7137.98237658193
170.365038843057,26.6323890024678,7137.98694814443
180.99787261081,105.287702167889,7137.98746442568
192.762790068941,143.108316863483,7137.98803567568
198.339219327158,781.964604179564,7137.9883064413
212.667254056213,1008.61818896902,7137.98900214443
225.657576447788,318.292614487348,7137.98963289443
242.899809559013,1531.2953127733,7137.99047009755
357.60035331085,128.293223267129,7137.99603942568
3.18997629305427,324.141935514888,7137.99631083193
6.52959098094579,78.9211473950502,7137.99647298818
10.2572935147966,69.1165666366622,7137.99665398818
14.7302790554994,307.4835941419,7137.99687117568
22.6143183537345,235.190922293071,7137.99725398817
30.584921245439,1176.97662727068,7137.9976410038
44.4630830206364,1984.78544710667,7137.99831486318
60.8811926185159,48.4383540222399,7137.99911205067
84.6172030006722,1168.77463263165,7138.00028542568
171.850719167999,205.335040637245,7138.00452108193
178.888752779466,64.3659153753973,7138.0048628163
188.623771476805,1056.36888125815,7138.0053355038
196.02093112393,989.966331133019,7138.00569467568
211.268019571799,225.900159689374,7138.0064350038
219.947542373051,1497.14740604878,7138.0068564413
231.40031621703,1286.32549056817,7138.00741253505
276.9118181403,2312.7251225219,7138.00962236318
345.447932805159,240.092890013699,7138.01295016005
355.476752593087,227.722618539872,7138.01343711318
2.78734872166646,1397.44482652304,7138.01379208193
18.169913909427,1249.33519085602,7138.01453898817
29.743361844367,914.84231301564,7138.0151009413
35.7757782184753,244.435999219306,7138.01539384755
49.6661683177402,2536.87870710451,7138.01606830068
177.906664657544,71.6197795513906,7138.0222950663
182.709492698554,118.9458115336,7138.02252826943
187.716983949281,136.661071348243,7138.02277141005
191.847576940561,838.72497835813,7138.02297197255
201.882189128011,920.738263410215,7138.02345920693
219.349680459944,1765.46499641717,7138.02430734755
230.651853077666,1105.8650661866,7138.0248561288
0.190158857936211,57.4644568041016,7138.03114591005
4.55437683177292,170.103015006973,7138.0313578163
7.83285001171269,151.64998423689,7138.0315170038
17.2650571817437,1100.4146482918,7138.03197498817
27.5403739137057,1118.2998971293,7138.03247391005
34.9748620955182,275.513140080008,7138.03283489443
45.8940956293936,105.198440236709,7138.03336508192
50.7760858644828,313.534642693014,7138.0336021288
78.8815597637441,1909.4408276743,7138.03496680068
173.049168937812,32.6178806187016,7138.03953914443
179.339666905151,916.155762364923,7138.03984458192
192.012696957922,255.41210812996,7138.04045992567
200.219499231972,191.018853512581,7138.04085841005
203.076417630947,1326.82054232447,7138.0409971288
214.875621260696,1104.23259425119,7138.04159773818
230.680062991934,150.405896071071,7138.0423651288
238.620738673416,1735.2369541257,7138.0427506913
353.775660541278,74.5757275377734,7138.04834208193
3.85403718796078,813.24796896709,7138.0488314413
10.2452577977533,137.89289154964,7138.04914176943
16.9322102979752,1036.83672758592,7138.04946645693
33.0082491838668,91.5417186497791,7138.05024703505
36.6252533510106,1755.90342266219,7138.05042266005
58.0347643507925,2006.47787274022,7138.05146220693
171.67755964419,30.2842750876664,7138.05698017568
182.324874298362,646.426301376124,7138.05749716005
189.51286553614,264.376659453447,7138.05784617567
193.795025228523,290.90477249305,7138.05805409755
205.233961748567,1506.75483201468,7138.05860951942
219.580660726235,1478.55860888058,7138.0593061288
237.411783293455,895.580332116452,7138.06017192568
260.975406907236,148.899295671079,7138.0613160663
347.820191703581,49.3747993879357,7138.06553284755
353.428800696909,148.773049435391,7138.06580517567
1.48435810729195,93.5717128780489,7138.0661963163
5.12903684738141,205.70072034598,7138.06637328505
11.5604821541607,348.930662141811,7138.0666855663
18.2332756428608,322.281701325977,7138.0670095663
22.1331397764195,786.18211940551,7138.06719892568
34.0145479258567,317.583459530368,7138.06777583193
40.0701337482063,1400.02387460925,7138.06806986318
59.8999407035648,1708.70051441341,7138.06903270693
171.16046892503,90.3018215758777,7138.0744350038
180.596215932232,74.260125826342,7138.07489316005
183.578635384306,928.541243894188,7138.07503797255
193.988463418777,866.925198295121,7138.07554342568
207.800334923909,763.288099392412,7138.0762140663
217.898341219126,1464.66749839647,7138.0767043788
240.387804725669,114.355289126955,7138.07779636318
243.163308368211,1321.37156771961,7138.0779311288
346.526477446401,22.1288924684426,7138.08297608193
350.532856584474,53.3528915491743,7138.08317061318
355.340511587624,117.195336768461,7138.08340405068
3.25833962083841,106.264663735089,7138.0837885038
6.55193728714493,254.232385143993,7138.08394842568
11.4895984680991,27.7339869819704,7138.08418817568
15.5082059302396,1100.96098904222,7138.08438330067
36.1882019720211,1484.24073032061,7138.08538742568
48.691966549922,842.301617343111,7138.08599455068
75.4188598522315,27.4359909790967,7138.08729228505
83.9358748656684,1746.28955740275,7138.08770583193
165.037861053763,139.921838004931,7138.09164376943
173.506606445801,103.124023209666,7138.09205497255
176.872930381642,1021.05979227218,7138.09221842568
188.816767201462,754.175111250532,7138.09279836318
201.659062766567,1336.75248648046,7138.09342192568
213.641837120943,168.214761564478,7138.0940037538
218.434689437699,1373.13949100104,7138.09423647255
235.581348706045,2380.36879096626,7138.09506903505
350.891376924869,27.30728490552,7138.10066795693
354.094549510411,79.7500537830231,7138.10082348818
357.856684341726,201.455213622026,7138.10100616005
10.0656823167314,1318.63853169989,7138.10159897255
22.907012519378,44.0450037553219,7138.10222248818
26.0059226252957,937.562694147687,7138.10237295692
42.9971536677814,1944.38776190964,7138.10319797255
89.7453234861035,1953.02685135346,7138.10546784755
168.029328697392,96.2443180707595,7138.10926895693
177.828063265009,191.608132138477,7138.10974473817
182.525019938913,1005.63324334502,7138.10997280068
197.309363546372,930.48180271893,7138.11069066005
208.679435434026,1505.95669268228,7138.11124273818
218.187586835864,261.805688239747,7138.11170441005
230.415892734353,2422.43181070023,7138.11229816005
260.136790175396,895.580332116452,7138.11374126943
340.050699852348,47.7055062120257,7138.11762151942
348.065067203286,111.611359043806,7138.11801066005
355.492153985708,248.40093870715,7138.11837128505
358.974646812881,92.2573059614074,7138.1185403788
4.49991032486139,1008.61818896902,7138.11880866005
12.8949640849062,56.5996624568577,7138.11921628505
23.5429223390251,983.262915532634,7138.11973330068
33.0098836439561,1081.12208074829,7138.12019297255
50.5436652834168,2337.54926526331,7138.12104433193
175.532383251908,44.3108189029928,7138.12714814443
181.463755221052,92.4607335139882,7138.12743614443
185.132568771841,724.907078808457,7138.12761428505
200.088430453985,711.09007571124,7138.12834047255
207.154460475833,970.336810901529,7138.1286835663
216.064712059881,1827.05384155213,7138.12911620692
240.246508739932,108.452309632856,7138.13029036317
262.314095702998,1398.30491630022,7138.13136186318
340.746771415629,35.1479123583687,7138.1351701913
347.944094852638,212.882655947766,7138.13551966005
356.773253442765,103.940682449899,7138.13594836317
1.43738674414853,370.654895665012,7138.13617483193
10.4538315701988,1303.04367296219,7138.1366126288
25.0708404651651,120.748716581076,7138.13732236318
27.9673399611793,969.71697338688,7138.1374630038
45.936513630616,2133.12922880959,7138.1383355038
74.7644230008477,185.226028959207,7138.1397352538
85.3499524721968,175.002984326156,7138.14024923817
173.940488825563,61.3391698545129,7138.14455078505
179.814259011539,183.800419328861,7138.14483598818
190.653043188903,621.289686364435,7138.14536226943
197.03428803698,936.921207284058,7138.14567211317
208.151105331005,1045.49890966865,7138.14621189443
222.38356617972,78.0232684016724,7138.14690295693
230.752876129198,1866.12569841316,7138.14730933193
246.360377812619,1629.45046344731,7138.14806716005
343.188287100356,26.1203923074271,7138.15276867567
349.172433890527,85.711680808398,7138.15305923818
0.523841492105745,811.026967806328,7138.15361041005
7.764607550912,309.432812706234,7138.15396198818
14.4213111533249,50.3171462828966,7138.15428520693
20.5708618186854,1517.88681623799,7138.15458380068
41.5909978100762,880.686801263408,7138.1556044413
49.7398765009845,1982.36049797629,7138.15600011318
177.086419332595,64.8747444653708,7138.16218347255
187.194079514629,779.654507621075,7138.1626742538
196.296122459304,704.720060085151,7138.16311620693
207.085028015401,256.8791568347,7138.1636400663
214.722892207038,40.3143525506966,7138.16401092568
219.052843480215,1604.16302463773,7138.1642336913
238.917082807963,949.669010097409,7138.16519820693
254.257814336331,1467.94787436733,7138.16594308193
339.518711688598,27.3287781293874,7138.17008295693
343.041429175295,56.8893855634744,7138.1702540038
347.254402322926,94.2220468314048,7138.1704585663
357.77525056154,260.654886563572,7138.17096941005
0.94753053693915,390.982302089782,7138.1711234413
4.54426141814077,222.041204867018,7138.17129808192
14.4536943899264,1521.84276291933,7138.17177923818
26.676851451378,169.549832507165,7138.17237273817
30.3270007910166,904.265773371549,7138.17254997255
46.5941874001265,56.099506984264,7138.17333983193
48.8329327328301,1500.35683876837,7138.17344853505
70.8277934263616,327.142257727786,7138.1745165038
75.4706881168066,56.5996624568577,7138.1747419413
175.152941441192,30.879458712274,7138.17958205067
180.63057893172,76.5647614753284,7138.17984801943
184.579999961496,218.80203204816,7138.18003978505
192.070480889147,149.905379775994,7138.18040348818
194.108746374326,325.760918240547,7138.18050245693
203.635562024777,1164.65193045201,7138.18096503505
210.13297583911,127.853103104592,7138.18128051943
215.70103837294,906.921426846452,7138.1815508788
238.069184226038,773.460573366691,7138.18263697255
247.182811894834,1807.20127751499,7138.18307948818
346.980268748093,65.199748378042,7138.1879251913
358.67149453677,357.232105008265,7138.18849286318
3.06306535850293,276.602130089287,7138.18870609755
13.175552502677,983.874204329993,7138.18919711318
23.6091936227981,73.6248700894393,7138.18970372255
30.7804514118046,838.72497835813,7138.19005192568
36.1274390496566,1949.32914254764,7138.19031155068
56.8965730097712,344.813982922076,7138.1913200038
76.5519657281453,1400.88252109649,7138.1922743788
172.578921025703,148.773049435391,7138.1969370038
179.276814650099,83.9956160181288,7138.19726222255
188.081194867042,1190.18439548313,7138.19768972255
197.142691314756,301.061536811531,7138.19812970693
207.70794761255,826.448465218732,7138.19864270693
219.468038108542,1448.98448795061,7138.19921372255
229.081417277538,66.9766395122728,7138.1996805038
236.807132225076,1486.66934318697,7138.2000556288
350.485207935876,29.952859637028,7138.20558498818
358.717753945568,236.783287421716,7138.20598472255
3.42372090634386,143.50165500332,7138.20621322255
11.5532917486926,1222.08776431876,7138.20660795692
23.15344889412,44.9162235183209,7138.20717120693
30.1467526838961,1307.64965522445,7138.20751076943
44.073505843004,776.950725978054,7138.20818698817
63.1921403264636,1563.16015686997,7138.20911530068
176.799216085041,635.640096113832,7138.21463153505
188.058267806014,191.608132138477,7138.21517822255
195.100806579648,60.4132438519756,7138.21552017567
199.752389831914,1391.40821087125,7138.21574603505
214.756842935431,927.893539781621,7138.21647458193
222.934039799232,638.942121433672,7138.2168716288
240.410219655525,1370.50981674491,7138.2177201913
348.452772679979,32.0733058167821,7138.22296623818
356.531821301115,225.900159689374,7138.22335851943
4.04675883943861,198.258798267403,7138.22372341005
7.66472840650296,128.731830750795,7138.22389908193
13.9626276983073,362.246121987653,7138.2242048788
21.7131210564916,902.934949031931,7138.22458120692
28.7759330786054,1564.69792678138,7138.22492414442
45.2571150592017,231.973384945405,7138.22572439443
57.5893615249552,806.566646804896,7138.2263231913
84.2679851684033,1739.38996539391,7138.22761858192
162.804279723249,31.1256645457725,7138.2314319413
173.88730820737,124.954574465264,7138.23197008193
178.32779225045,838.72497835813,7138.2321856913
184.805576378787,220.000961892453,7138.23250022255
196.111610558728,920.738263410215,7138.2330491913
205.089117850223,171.64243637513,7138.23348509755
209.22518140359,1546.14354652693,7138.23368592568
231.95888921689,1276.00086052837,7138.23478976943
253.093585174669,1667.38367557429,7138.23581597255
345.141192269691,105.555043872219,7138.2402853788
350.170243968793,54.3991240942177,7138.2405295663
358.387987329554,691.36946168058,7138.24092858193
6.63984118780622,148.393700105665,7138.2413292538
11.390538045197,308.703312912328,7138.24155992568
21.3482405634576,1423.02547523343,7138.24204342567
33.2042267397634,1566.23425340285,7138.24261909755
54.4956380483726,38.0361887819536,7138.24365291005
63.1478080391897,1338.55049266884,7138.24407301942
172.034264394941,30.9364478479068,7138.2493773788
182.114893641438,82.471890427982,7138.24986684755
187.360836836863,724.907078808457,7138.2501215663
193.264212433087,718.659576293135,7138.25040820693
206.252925862257,210.753789420259,7138.2510388788
212.595555013215,1384.47708852851,7138.25134684755
228.90875864391,1308.56903091114,7138.2521389413
249.658584755465,1411.14553375843,7138.25314645693
352.600003448693,174.895570248523,7138.2581448163
356.09665532485,77.7820863273604,7138.25831459755
3.43846582608305,370.046104869459,7138.25867108193
11.8013398510157,289.090640315237,7138.25907714443
17.544138459266,1336.75248648046,7138.25935598818
26.2236612230553,1188.16201322147,7138.25977742568
46.6384960721899,1382.73892336116,7138.26076867567
67.2390081573804,161.722801816921,7138.2617689413
78.2847081442765,178.194778377438,7138.26230526943
175.767153595589,83.4345162403771,7138.2670385663
181.877445001346,180.291254148202,7138.2673352538
191.471838121755,740.092209738918,7138.26780111318
198.611559775597,313.534642693014,7138.26814778505
204.922009191442,167.543257045821,7138.2684541913
210.156689537644,1254.13857077206,7138.26870836318
224.907566172634,928.541243894188,7138.26942459755
242.118584873742,1391.40821087125,7138.27026028505
349.776589851946,80.102667554538,7138.27548766005
357.499730399696,113.28228632923,7138.27586266005
3.71203157287553,320.645149320953,7138.27616430067
9.29811479283396,171.970521156695,7138.27643553505
15.8695420016712,1105.32116792683,7138.27675461317
26.8766262914479,1300.27222322582,7138.2772890663
35.6250137625521,134.722524802733,7138.27771384755
49.3960169707506,1142.76399454383,7138.2783825038
59.8209695290504,164.373223365821,7138.2788886913
70.9606343964194,32.2740480174222,7138.27942958193
78.4935925834092,1827.05384155213,7138.27979534755
172.618080935653,60.52976175841,7138.28436559755
178.82619874664,185.428797316867,7138.28466703505
183.894831542781,894.908702697705,7138.28491314443
196.808566140065,833.691837787143,7138.28554017568
205.200401937837,148.393700105665,7138.28594764442
209.811760493117,1517.09433904301,7138.28617155068
225.636153672861,22.7567877736368,7138.28693991005
229.333928996489,970.956204326967,7138.28711945693
242.697995623015,1488.28616097774,7138.28777811318
347.099409669626,76.1957719142003,7138.29284736318
354.210491350602,60.52976175841,7138.29319264443
357.578102411412,49.5646995668508,7138.29335616005
3.69128994200532,936.279165308918,7138.29365298818
18.7411165046222,269.305550082422,7138.29438373818
24.2512555302356,123.897531123518,7138.29465128505
30.9829378896109,1383.60822798944,7138.29497814443
41.8822199749795,1365.23514715492,7138.29550736317
71.6558922370502,67.9514014501059,7138.29695303505
174.181226673937,33.2066006636378,7138.3019311913
183.445777406427,77.4795436142561,7138.30238103505
187.809995417726,160.322574660476,7138.3025929413
194.067670050005,179.036313552317,7138.30289678505
201.253086925458,459.061261226523,7138.30324567568
212.162344772542,1202.24752375719,7138.3037753788
228.12704169178,1459.73322318582,7138.30455055068
266.226259406633,682.61757357746,7138.30640047255
338.232316812087,20.4463911079866,7138.3098967538
352.782069999605,114.765315306631,7138.31060322255
357.628984337283,229.202962165331,7138.3108385663
3.8261610240961,112.950079844687,7138.31113947255
10.6373273775245,984.485049038142,7138.3114701913
23.9713295933417,625.629381634241,7138.3121176288
29.7385847748029,1080.56585901295,7138.31239766005
50.7799594520564,1957.94624957557,7138.31341933193
71.688431714282,93.2700375266826,7138.31443455068
175.663464017788,51.0585115853779,7138.31948309755
185.41939948863,163.111010809125,7138.31995680067
191.453424862605,767.99983039777,7138.32024978505
201.535663071508,209.142897444892,7138.32073933193
210.004730263519,1101.50688570343,7138.32115055068
223.405666349348,1855.78707956324,7138.32180123818
247.576521867764,412.86032925747,7138.32297486317
354.234058370722,78.3237016910299,7138.32815366005
357.390570259808,97.841644508545,7138.32830692568
2.36168037051629,42.0816090307419,7138.32856370693
8.18010141060035,292.193658157913,7138.32884622255
12.6180110164298,217.7691360572,7138.32906170693
21.9482084190376,1008.0219992048,7138.32951473818
30.394428037705,1066.00073213059,7138.32992484755
39.1743516439745,267.344896220933,7138.33035116005
48.8633532822665,52.4650947686389,7138.33082161318
56.1108770655914,313.294806764119,7138.33117351943
66.1866792750247,212.529327470179,7138.3316627538
177.735538137378,28.5682779516128,7138.33707905068
181.722609464354,82.8696139487661,7138.33727264443
185.010092968626,138.233133273324,7138.33743226943
195.448882775937,306.259045901314,7138.3379391288
204.869183496798,192.195578896381,7138.33839653505
207.279768741622,910.890474159487,7138.33851358193
222.162260591747,999.636595722109,7138.33923620693
237.751098026555,206.248046419333,7138.3399931288
248.238801092674,1489.09384822815,7138.34050236318
346.483906674481,70.4293359743424,7138.3452726913
358.1529284523,255.264948068046,7138.34583928505
2.65326680343682,125.104843151647,7138.34605780067
7.33542079094834,144.934758639081,7138.34628514443
13.5316320778406,1362.59026284336,7138.3465860038
24.3758868172915,71.4884887398348,7138.34711255067
33.9146090292988,106.087708062752,7138.34757570693
37.5374055210409,1528.9375321359,7138.34775161318
50.0237930502228,1871.27380257834,7138.34835789443
179.151806898751,66.695510225756,7138.3546277538
183.2299469439,154.959087228512,7138.35482576943
186.339798211454,183.800419328861,7138.35497676943
200.033891825387,989.966331133019,7138.3556416913
206.566059699695,1079.45241634155,7138.35595886317
217.075966814135,353.424900456645,7138.35646917567
227.484507723636,1691.72631458991,7138.3569745663
4.21595350379883,198.82660795556,7138.36361361318
9.03004443149353,86.8008234733431,7138.36384736317
17.3031369756084,1098.77429377292,7138.3642490663
28.0012956135053,336.20609074525,7138.36476851942
32.0295570373879,216.03664690506,7138.36496411318
42.1446185438875,293.220725477994,7138.3654552538
51.5816527509827,1324.0987195573,7138.36591347255
66.62279078924,2542.56038445533,7138.36664380068
170.74891089864,71.9469622767477,7138.37173498818
172.599890222819,215.862633323738,7138.37182486318
177.370216728743,206.248046419333,7138.37205648818
186.703310256188,1283.5178475612,7138.37250966005
202.482973651703,1525.78838452655,7138.37327584755
218.467943781959,174.572994948718,7138.3740520038
221.842956204697,1562.3906612916,7138.3742158788
245.248577230292,1391.40821087125,7138.37535234755
346.879636396474,21.7946997255192,7138.38028708193
352.940049143502,118.15334821641,7138.38058134755
0.885229987150566,128.512714359097,7138.3809671288
4.82564065513178,104.930189537278,7138.38115845692
10.1719847304989,98.7495987758713,7138.38141805068
12.6263344345563,869.694982696956,7138.38153722255
20.2223649668007,1248.37229442676,7138.38190605068
41.3570608871181,115.255416321958,7138.3829322538
44.7896750555621,920.085008182525,7138.38309892567
58.9156209372253,1890.45357146256,7138.3837848163
173.896128568103,70.2289684739732,7138.38936773818
178.380055232979,188.244586585284,7138.38958545693
183.612161179393,127.70605406498,7138.3898395038
190.904736659307,359.747870382066,7138.39019359755
197.912199498067,1372.26352503461,7138.39053384755
213.619780223995,1096.03481845966,7138.39129653505
229.251094918142,982.039227714893,7138.39205551943
241.752606858766,1533.64931865241,7138.39266253505
345.116867457929,22.0757613578204,7138.39768142567
354.439341736098,185.327447832506,7138.39813408193
0.768777200529289,103.850261723437,7138.39844141005
6.16339089729582,143.239559102781,7138.39870334755
16.1394359016579,898.930818671317,7138.39918773818
24.2632143819462,1300.27222322582,7138.3995821913
34.3847118879152,325.068055806454,7138.40007364443
46.7916153855818,56.6825891779033,7138.4006760663
56.190355620607,2071.35264496117,7138.40113242568
170.744803308352,25.9851706124747,7138.40669466005
175.594291970894,185.428797316867,7138.4069301288
184.402211987545,92.765045645038,7138.40735780068
186.975948582668,231.161992325646,7138.40748276943
191.380391328416,1211.21590535012,7138.4076966288
209.4544710025,999.034965865064,7138.40857422255
218.137533528535,768.39118401395,7138.40899583193
232.516412278778,2376.32402644294,7138.4096940038
357.310847683292,93.722189731249,7138.41577147255
0.747967013902251,80.219865472575,7138.41593836318
9.19450843254323,1198.2399517052,7138.41634848818
22.6536897891007,775.789044116237,7138.4170020038
27.9636707671628,306.504349678605,7138.41725983193
45.1306032090645,2192.06963691931,7138.4180933788
71.6583038262809,228.874821872616,7138.4193814413
177.364606800389,59.4729057667998,7138.42451405068
181.961484431787,149.025430884464,7138.4247372538
192.952157035303,782.73315606836,7138.42527091005
197.909769664764,200.707686581758,7138.4255116288
204.452235138223,808.056177525884,7138.42582930068
216.915453219164,83.4907906699378,7138.42643445693
219.230464546186,942.041000762117,7138.42654686317
232.667120129373,1950.562600328,7138.42719928505
352.750049291372,60.1014307766157,7138.43302995693
357.259397966842,91.1818190396652,7138.43324891005
6.57736704538193,211.643411129891,7138.43370134755
10.4566361679493,333.287369924662,7138.43388970692
14.5161119644857,364.521191009715,7138.4340868163
24.2646460733998,508.760311657142,7138.43456016005
28.5638610145273,90.0935090419885,7138.43476891005
36.2654411139034,2200.82929658361,7138.43514286317
64.8272239290299,992.392723553337,7138.4365296913
66.7213241124957,942.679045934369,7138.43662166005
174.250288312815,139.787487141163,7138.44184276943
183.652246547575,102.575975491348,7138.44229928505
186.236602429437,754.971918315306,7138.44242476943
192.804811676001,878.636274848077,7138.4427436913
209.543753449855,689.627965844153,7138.44355645693
216.041489026699,1417.09799450496,7138.44387195693
229.231004103367,1762.73851071329,7138.4445123788
348.062784446431,20.4463911079866,7138.45028230068
355.915931209448,70.1620497811639,7138.45066361318
8.05059402743746,170.213426686772,7138.4512528163
11.7723816815678,1169.80314324167,7138.4514766913
22.6040862969775,843.728031885149,7138.4520026288
39.7314376793016,823.533297111823,7138.4528342538
46.8985121061151,121.292101362691,7138.4531822538
52.9454093666432,296.787400211329,7138.45347586318
70.2079156888852,2733.99125561014,7138.45431405068
165.216381787608,36.0387067410706,7138.45892722255
171.010346217018,515.219145125201,7138.45920855068
182.053471841589,147.504716774272,7138.4597447538
189.937511139824,714.88487352056,7138.4601275663
199.952493678741,1655.80449351665,7138.46061384755
211.794320693676,163.456206903057,7138.46118883193
222.362151353795,360.165453017203,7138.46170195693
232.281560012372,2580.11856324458,7138.46218359755
356.76861004522,153.619533760363,7138.46822811318
1.55760076229468,74.0701180945713,7138.46846064442
6.7414370873095,187.744861324113,7138.46871234755
11.9072527261964,1380.99853774776,7138.46896317568
28.9522239521682,267.766253614354,7138.46979080068
34.0485313212552,718.241133235153,7138.4700382538
47.7220298867347,1655.80449351665,7138.47070217568
65.6966741182583,2604.24104503443,7138.4715749413
166.827659946804,39.4010137017009,7138.47648539443
173.040926482442,224.062851605922,7138.47678708193
180.729312932754,820.607803930784,7138.47716039443
191.387890511074,1288.19377387401,7138.47767792568
200.235391587302,215.862633323738,7138.47810751943
207.972369421525,45.5393674159144,7138.4784831913
211.823320408662,1422.18015142248,7138.47867017568
225.67734737316,2374.29920169063,7138.47934286318
264.629972136708,711.935121966434,7138.48123422255
344.169631329098,46.8610948656245,7138.48509630068
353.003295118854,121.9101625205,7138.48552522255
357.465661372819,80.8032876720155,7138.48574189442
1.03954468067689,262.95143840116,7138.48591542568
8.93001994091914,49.8952927585616,7138.48629855068
14.6490055384434,1334.95225984603,7138.48657623818
26.890183286023,904.930408385241,7138.48717061317
46.3306153079146,1098.77429377292,7138.48811455068
72.3324987769281,1784.43448906052,7138.48937708193
166.977244007458,26.4776117697707,7138.49400328505
176.399797328134,748.172024334082,7138.49446080068
183.903150142337,177.77251892781,7138.4948251288
193.739535044615,281.71734389737,7138.49530273818
203.499653877649,904.930408385241,7138.49577664442
212.201058927248,1632.39965988993,7138.49619914443
230.392916492531,1091.63744710372,7138.49708245692
0.458326620898371,56.8067606843137,7138.50339783193
7.75476366303173,846.573644519566,7138.50375211318
20.152335036392,314.491988007148,7138.50435408193
24.0036077860402,175.645983868655,7138.50454108193
31.372127460299,84.107380782239,7138.50489886318
33.3206114646599,81.3247941211515,7138.50499347255
42.8590118766937,1489.09384822815,7138.50545661318
56.2049205416807,2168.90749804577,7138.5061046288
172.669236536668,86.6925212172909,7138.51175959755
178.961665303847,240.092890013699,7138.5120651288
184.911701484141,73.5610392044173,7138.51235403505
192.785443295612,1085.56208466837,7138.51273634755
200.509549243282,1448.1543741951,7138.51311139443
218.610338127853,1337.65187815271,7138.51399028505
242.99937241741,1616.11235505177,7138.5151745038
350.299216722414,21.537247679726,7138.52038448818
355.915870677618,125.704155418127,7138.52065720693
2.59413465348009,848.701664502016,7138.52098147255
9.96458516504191,86.2579729865587,7138.52133934755
18.3081513039528,53.747613998345,7138.52174447255
20.2804483190398,116.148569928587,7138.52184023817
23.7043740005866,1375.76416925356,7138.52200648818
44.3077822106139,1610.14868105269,7138.52300689443
58.6103949290758,864.842086834017,7138.52370136318
173.331533729367,38.3436823958583,7138.5292716913
182.984815832838,113.116301048155,7138.52974041005
186.26554157513,237.733610575219,7138.52989970693
195.242083466705,811.026967806328,7138.5303355663
204.941704429197,758.943408118995,7138.53080653505
211.116998867663,1284.45443170477,7138.5311063788
230.376902453074,81.9576836952329,7138.53204155068
236.900381840485,2327.2381799444,7138.53235830068
352.347530652928,142.713910133985,7138.53797680068
357.56129411324,54.7863143740557,7138.53822995692
0.200355653432975,81.0354838787219,7138.53835809755
7.718189354056,1189.17364844151,7138.5387231288
24.0297839848836,863.450533294952,7138.53951514442
29.8659039111222,288.830542816143,7138.53979851943
39.7457314351969,60.7621175596762,7138.54027823818
48.2447258374302,2760.25513556988,7138.54069091005
173.004338349929,31.5565525099704,7138.54674866005
179.107871956242,188.344354001835,7138.54704501942
188.831305966922,135.902802900212,7138.54751714443
194.890431476594,1363.47244605872,7138.54781134755
206.84295693316,822.071855033357,7138.54839170693
217.803058726507,734.383387435145,7138.5489238788
231.983388391604,251.258791550413,7138.54961241005
240.077239736594,1694.56715326533,7138.55000541005
355.440686376393,136.798489203116,7138.55560692568
359.433228227993,76.1957719142003,7138.55580078505
6.24149841912249,245.050174596528,7138.55613136318
14.7585134700215,1157.4019520566,7138.55654491005
24.2560455476594,674.198086247912,7138.5570060663
41.0493711424081,1485.05074903937,7138.55782147255
53.3356005491143,32.5638335740841,7138.55841803505
61.1839203499912,327.371879604854,7138.55879911318
175.253097349032,26.8519494833752,7138.56433778505
185.349816481816,57.1776445634775,7138.56482803505
189.38805359249,199.581171034247,7138.56502411318
192.622440475761,242.274200701331,7138.56518116005
209.040228311129,1137.49043517686,7138.56597833193
216.57029033582,812.508227365782,7138.56634395693
234.632463485809,1427.24443374931,7138.56722097255
267.816545905465,2457.91254016581,7138.56883223818
333.3380614206,28.1333602247802,7138.57201366005
349.4337298801,239.309044802738,7138.5727951913
352.92491119417,107.145084471405,7138.57296470692
357.745759921308,1190.18439548313,7138.57319878505
13.6586474569002,80.5704253314943,7138.5739714413
18.6185126861754,1076.10520494461,7138.57421226943
34.1681875722922,2502.51752653696,7138.57498764442
59.3716914134523,731.923133212575,7138.57621141005
83.212060944001,2013.65657481745,7138.57736898818
162.695405553117,44.9945879166247,7138.58122833193
174.119217624257,199.581171034247,7138.58178301943
178.14683541073,942.041000762117,7138.58197858193
185.107637627959,281.983991712309,7138.5823165663
193.085320044155,63.2989008431117,7138.58270392568
198.048724998214,1381.86895259906,7138.58294492567
212.450129559289,1411.14553375843,7138.5836441913
222.278147737181,885.45282217467,7138.58412139443
245.083938182607,2198.64282335891,7138.58522873817
345.012688451026,29.4387812738162,7138.5900808163
351.445099157726,199.957397861716,7138.59039314443
357.05306458857,72.9840840540952,7138.5906654413
3.97138950899709,1152.19545016032,7138.59100136317
15.048947468494,247.035669698192,7138.59153923818
19.205927832825,317.109838388063,7138.59174108192
25.0356117970564,63.1503113690535,7138.59202414443
31.6372880160891,1232.86392206268,7138.5923446913
39.7095788377813,2115.01327562758,7138.59273664442
82.689821462728,1528.9375321359,7138.5948235663
165.833612898247,86.2579729865587,7138.59886064443
174.617076266763,57.3826576533154,7138.5992871288
179.007038088629,1029.85464600636,7138.59950028505
191.68650414087,833.691837787143,7138.6001159413
203.726880240951,1376.63791477394,7138.6007005663
219.439931491503,296.53404731711,7138.60146351943
228.902065871756,1502.75925037135,7138.60192295693
259.217001530908,2442.20688117025,7138.60339491005
343.457800759396,83.1525473476979,7138.6074852538
349.313550259243,112.533440899121,7138.60776958193
355.992136035079,998.43289191881,7138.60809386317
7.11892901589584,252.601245476214,7138.6086341288
13.0538407472851,1195.22547414874,7138.60892230068
27.4346502599063,1068.81714589946,7138.6096205663
33.670120843865,50.5499912761831,7138.60992333193
42.5777981030491,3279.49933875971,7138.61035584755
72.9622419945385,218.630225035099,7138.61183117567
91.830196209233,75.7630139180954,7138.6127473163
169.360614115294,21.618878562335,7138.61649983193
177.149723133136,83.0960369957445,7138.61687803505
185.493611146945,237.575487060937,7138.61728317568
190.082765616441,1023.99977386369,7138.6175060038
199.895015708019,186.237650301457,7138.6179824413
216.529695077173,2141.00670525852,7138.61879014443
237.042034569027,549.38714688646,7138.6197861288
244.732029981744,1192.20344707571,7138.62015951943
345.982402663894,30.089767483199,7138.62507576943
351.426894981928,87.6623842960278,7138.6253401288
357.585455971621,123.060631129768,7138.62563916005
4.75220859846094,982.039227714893,7138.62598714443
15.3251880206933,46.8610948656245,7138.62650051943
17.6060888876866,903.600638757496,7138.62661126943
26.8243007236934,682.17709259244,7138.62705886318
39.621866392183,250.059473128061,7138.6276802538
43.8506076635903,1667.38367557429,7138.62788558193
76.542983432534,2011.26648669003,7138.62947297255
165.185007369572,123.669852136743,7138.63377701943
175.961362839091,98.7495987758713,7138.63430026943
178.122876777556,154.351656456164,7138.63440522255
183.096257530792,1236.75925056688,7138.63464670693
199.380499351185,332.836064265152,7138.63543739443
204.660231356514,1380.12756778494,7138.6356937538
219.326153472827,1715.72367424488,7138.63640586318
243.950421707347,826.448465218732,7138.6376015038
340.968191593332,25.0650472599645,7138.64231223818
355.512796018738,64.0733438528329,7138.64301845693
358.577595627164,205.335040637245,7138.64316726943
3.10528678873608,21.2214135153488,7138.64338711318
5.67483998420467,237.100478139851,7138.6435118788
15.4133984437898,233.265712301645,7138.64398473818
19.28397907946,1150.10623247258,7138.64417267568
39.2138650773252,1223.07142191858,7138.6451403788
47.1748139698256,764.468766067949,7138.64552692567
72.0150084131351,1453.95528949877,7138.64673305068
167.330147601385,42.1373803904945,7138.65136111318
172.786224568615,214.29016894281,7138.65162603505
184.715258739504,1003.8380127142,7138.6522052538
193.836931370174,244.128356419182,7138.65264816005
203.131087400526,74.9526898879971,7138.6530994413
210.661793025164,1686.03031536207,7138.65346509755
233.759132073751,1750.41625638528,7138.65458659755
349.940782470068,41.2074541156215,7138.66022136318
352.043407500396,78.1435818830722,7138.66032345693
0.176518104990544,174.034023303626,7138.66071836318
5.47523612144317,274.419820200933,7138.66097564443
10.2426663901438,372.677028126489,7138.6612071288
16.0836132785224,1104.77704762246,7138.66149073818
32.9026826089136,263.237098785396,7138.66230739443
39.4071759477388,129.386959479838,7138.66262322255
42.4323944591258,1660.15612368398,7138.66277011318
79.3686359483814,2529.28322730384,7138.6645635663
167.68307002239,188.842497195196,7138.66885170693
177.246248770146,670.621447262931,7138.66931605067
185.929954971052,1184.10692362403,7138.6697376913
197.311289782853,1120.44840072656,7138.6702903163
214.860195871218,1885.35809186874,7138.67114241005
224.274704192557,1457.25975730926,7138.67159953505
257.373832056073,1458.90910463464,7138.67320667568
339.593421010665,77.4795436142561,7138.6771988788
346.091156624972,44.9162235183209,7138.6775143788
349.698506830374,35.4141854730372,7138.67768953505
354.367467093897,929.835375362842,7138.67791623818
8.14748066389035,284.900714131453,7138.67858533193
19.0406485872252,1276.94277374246,7138.6791142538
28.9610226457226,1410.29299349782,7138.6795959413
43.9696591488942,306.749459166866,7138.6803246913
55.535383921933,1295.63992867787,7138.68088626943
179.270393111024,173.817960025247,7138.68689426943
186.216714479295,51.3337601593111,7138.68723155068
192.376562668882,878.636274848077,7138.68753064443
198.997868461524,532.436095213029,7138.68785214443
212.383358261013,1438.99148152826,7138.68850208193
235.460102223684,108.798248188435,7138.68962258193
241.339342971746,1510.73997756157,7138.68990805068
356.776803080974,162.302657424895,7138.69551316005
3.29320294389296,78.9211473950502,7138.6958295663
7.18405679058094,196.927557594151,7138.69601848818
15.377987103154,1233.83903094521,7138.69641634755
24.7686824137664,199.204250317386,7138.6968723163
29.1692635598326,1083.89919262208,7138.69708598818
40.2345931952618,36.2660838859608,7138.69762326943
45.7525615716166,91.1302977524286,7138.6978929413
55.7418002625046,356.178642135774,7138.69837797255
69.1520684726402,2095.59325448083,7138.69902911318
72.5705235546379,61.9866658002621,7138.69919509755
170.32714052293,72.2726600788093,7138.70394170693
173.858224734014,177.66679794029,7138.70411316005
181.286598791255,276.194261905616,7138.70447384755
189.048355036124,1140.65756839921,7138.70485072255
198.637277594447,236.783287421716,7138.7053163163
206.944802473489,756.16551908908,7138.7057196913
218.472555149355,1428.92842003306,7138.70627942568
249.615475846609,1398.30491630022,7138.70779158193
347.259785448327,78.5034190431411,7138.71253273817
351.458599584436,22.1421561641399,7138.71273661318
358.263008175884,146.225392905208,7138.7130670038
4.70121120718177,953.460088659597,7138.71337961317
10.7622675916183,92.8156718149609,7138.71367391005
18.8763921101647,1109.66424937686,7138.71406789443
26.9235827961611,29.3588937883005,7138.7144586288
34.8330441049896,197.499197551743,7138.71484267568
45.8311180329712,355.967560983217,7138.7153766913
55.8914740309886,912.868558522462,7138.71586517568
74.2258878981168,2325.17027853874,7138.71675541005
164.675126700102,42.3597407150922,7138.72114720692
169.960007467544,43.074495359452,7138.7214038163
172.648625754106,193.850380192373,7138.72153436318
181.06942336218,206.793915324965,7138.72194323818
188.552824727877,1263.69037456442,7138.72230659755
200.6028547897,836.571589779567,7138.7228916913
209.069347619385,992.392723553337,7138.72330278505
222.207053312408,23.6177466472753,7138.7239406913
236.125439784592,2236.59979425861,7138.7246165038
257.089904792656,2650.01331989367,7138.7256344413
342.732454028875,140.991995856155,7138.72979284755
348.871063570062,204.968708672482,7138.73009091005
352.389597694566,62.7024335231319,7138.7302617538
1.07813082015026,1370.50981674491,7138.7306836288
15.8711629519682,1328.63176016684,7138.73140191005
23.4356573490476,808.056177525884,7138.73176920693
43.1798661857813,50.5035110953678,7138.73272789443
44.3753439839269,312.333797714004,7138.7327859413
50.3524111746817,3208.32604927546,7138.73307616005
173.703802142436,53.2206639869415,7138.73906670692
177.834073408666,199.769367714708,7138.7392672538
184.999860635586,290.646284817342,7138.7396151913
189.884746995512,1109.66424937686,7138.7398523788
201.98723007839,179.560283308788,7138.74044001943
209.793072582466,1446.49270339414,7138.74081903505
227.661523646911,986.315584761144,7138.74168664443
237.032267546479,2304.39090032064,7138.74214164443
349.157787503298,68.878285020002,7138.7475859413
351.61342440725,58.837656968791,7138.74770517568
358.199332539969,213.763437506564,7138.74802495693
4.681621830473,256.146714949779,7138.74833970693
8.19468535542837,785.417009208089,7138.74851028505
18.0075790469533,1152.19545016032,7138.7489867538
30.6680590131462,168.549521561978,7138.74960148818
35.074754283784,57.7091603670699,7138.74981545693
43.7011805014961,2227.98091087384,7138.7502343163
64.4249409650483,1779.03525244716,7138.7512405663
173.082770856013,66.9064595393287,7138.75651648818
182.878931061303,1010.99983940145,7138.75699214443
198.157877444311,113.199324913715,7138.75773401943
204.952310348968,278.49761385923,7138.75806392568
209.003097583682,1614.62354597575,7138.75826061318
224.389846133636,2052.69157227406,7138.75900772255
256.740472953103,154.716406353117,7138.76057851943
267.909099593312,1413.69960182658,7138.7611208163
343.660236543872,103.215082314367,7138.7647989413
348.918408025903,62.8894367138422,7138.7650542538
355.54743705537,71.6197795513906,7138.7653761288
357.153528472845,133.391020451512,7138.76545411318
2.3904613439368,977.12893332158,7138.76570839443
19.3356753273754,1306.72983544855,7138.76653117568
30.3276351307853,148.013365453004,7138.76706489443
35.3280468570208,304.53639610073,7138.7673076913
48.1919028330375,1898.07125572372,7138.76793230068
66.2013011994611,994.813231791625,7138.7688067538
171.134646518847,50.5499912761831,7138.77390183192
179.407739062962,118.232840184973,7138.77430353505
185.076524239246,225.900159689374,7138.77457878505
194.177601784001,1081.12208074829,7138.7750206913
203.26966896696,940.763689172286,7138.77546216005
220.718496125205,1474.48653287086,7138.77630939443
236.681262244602,107.145084471405,7138.77708447255
254.919458668905,1670.26592556851,7138.77797003505
345.221122077523,51.3337601593111,7138.78235767567
351.063677890845,186.338514063245,7138.78264136317
358.5290586828,66.9415634035886,7138.78300384755
2.59818832869168,227.061605628798,7138.78320142567
10.4378196052091,1306.72983544855,7138.78358208193
22.903290285964,232.135310973547,7138.78418734755
31.3900563641296,48.704301008895,7138.78459942568
35.2258828274375,311.128345309442,7138.78478567568
42.2944872116116,1739.38996539391,7138.78512889443
179.638313695985,73.9431779694932,7138.79179767568
184.091991388128,105.198440236709,7138.79201392567
191.162204772169,683.497813902534,7138.79235722255
205.614775154404,152.021215060749,7138.79305897255
207.868966773448,1032.18722458109,7138.79316842567
219.026330526972,1276.00086052837,7138.79371017568
243.769342052611,934.993971135611,7138.79491158192
257.669386113618,297.798591342158,7138.7955865038
353.086213269318,79.5141036347147,7138.8002195038
357.888719547816,147.886355938986,7138.8004526913
2.22880267349124,182.980783303144,7138.80066342567
11.2455692995149,731.101235107445,7138.80110123818
16.8622232547181,875.894856644521,7138.80137395693
34.6199759899185,1304.888086473,7138.8022361913
45.725208522361,40.6335069758068,7138.80277541005
63.3960759015805,1691.72631458991,7138.80363342568
182.010321148374,45.6938271942153,7138.80939278505
185.64985112635,884.773532217054,7138.8095695038
200.116580557569,1042.04267437069,7138.8102719413
212.406349801446,226.398649827431,7138.81086867568
215.824161283497,29.5979109277145,7138.8110346288
223.357763107895,1943.150529371,7138.81140042568
244.594468833098,866.231419927033,7138.81243158193
353.68093302952,119.889834171438,7138.8177283163
357.941532198604,46.8360281113966,7138.8179351913
1.93729204993877,248.40093870715,7138.81812920693
7.91693364048131,401.040756159432,7138.81841955068
17.3462446482132,1310.40556183848,7138.81887739443
28.9303119073535,80.6287051013932,7138.81943986318
32.5830355718555,202.014044381471,7138.81961722255
43.596234023666,1421.33438352232,7138.82015197255
54.6451519353724,87.715952556966,7138.82068845692
73.6483950757495,2461.82341179235,7138.82161972255
167.817613249685,113.116301048155,7138.82619214443
176.933815280806,97.7455755224454,7138.82663478505
182.491902090383,343.941042313389,7138.82690466005
185.109403182202,1110.74738295969,7138.8270317538
200.511276218522,433.115709963516,7138.82777959755
210.057077917559,1480.18441947784,7138.82824309755
220.58661464307,21.767743857426,7138.82875436317
226.183960787176,2446.14284383715,7138.82902614443
269.976420326449,310.402814562849,7138.8311525038
345.453063997518,34.6600699530075,7138.83481730068
351.742274802425,67.3263875206054,7138.83512267568
2.23062143102902,215.862633323738,7138.8356319413
8.12241226567021,274.69357344323,7138.83591801942
13.7812217551631,55.4679739639408,7138.83619278505
15.6711386138981,797.571231281324,7138.83628455068
23.8055363809246,1339.44855207346,7138.83667951943
44.0688046413426,723.246351697071,7138.83766341005
58.2092314094257,1824.419393337,7138.8383500038
175.639261744758,67.3961164654457,7138.84405186318
183.32990071996,928.541243894188,7138.84442528505
197.718755194456,671.517397243804,7138.8451239413
202.675402461459,230.347754759386,7138.84536461318
213.541217611822,1660.15612368398,7138.84589220693
233.752998251106,815.462863901217,7138.84687359755
244.762978703181,1345.71809251582,7138.8474081913
343.5268219087,26.521927015688,7138.85220370693
352.681639674403,120.748716581076,7138.85264822255
1.32608650331912,232.45884384071,7138.85306795692
5.28709221975394,359.956703332998,7138.85326028505
14.4898578443449,1209.22860613604,7138.8537071288
25.186085682401,1160.51468435074,7138.85422648818
38.3749571591224,63.85302703249,7138.8548668788
41.4809468644566,1188.16201322147,7138.8550176913
65.0851169751979,256.586446534257,7138.85616380068
99.5164865391825,2559.52969929751,7138.8578356288
167.618174573986,92.7143986584333,7138.86114233193
173.049151368058,195.68328901709,7138.86140603505
180.059510406579,245.815728883159,7138.86174642567
184.103508050524,1024.58685979911,7138.86194742568
196.792306152147,1137.49043517686,7138.86256353505
212.428769608407,166.869032480754,7138.86332276942
215.363241239056,1055.79955889112,7138.8634652538
229.838981032071,2540.66767624295,7138.8641681288
358.433776482855,102.300848348058,7138.87041209755
2.36067162687415,52.1958101740161,7138.87060276943
8.73194078815998,831.525459599192,7138.8709121288
20.2934821990058,933.062849206578,7138.8714735038
27.1937864707672,175.645983868655,7138.87180855068
34.7141946086402,286.479118205563,7138.87217370693
41.5395200485149,1931.97946529722,7138.87250511318
66.2062656172983,247.643378026297,7138.8737028163
79.4247424668063,1623.53597232823,7138.87434464443
173.918332578961,60.1795349663981,7138.8789328163
177.538232870942,417.566481392129,7138.87910858192
186.696912198865,656.577847646389,7138.87955328505
197.524755252055,542.226874511442,7138.88007903505
207.799750146581,1611.64170897621,7138.8805779413
222.510402122047,1691.72631458991,7138.88129222255
240.859940513004,1374.88986862166,7138.8821831913
350.873825152626,86.5840871222545,7138.88752495693
356.119124748104,51.5164438885662,7138.88777964442
2.74590117775642,280.11210018164,7138.88810141005
9.65038884917293,204.601696696116,7138.88843666005
16.6829518985532,60.2575350727719,7138.8887781288
21.0404121853334,1186.13618926844,7138.88898970693
21.5076621879104,22.4450354135985,7138.88901239443
38.2968043455417,1819.13883956497,7138.88982759755
65.2746997165896,830.078061841988,7138.89113751943
174.668802252611,49.753881570247,7138.8964491913
178.873730513292,118.470969145967,7138.89665336318
184.416371073991,198.637523096679,7138.89692248818
192.914400038842,264.518768000599,7138.89733511318
196.3145126722,960.997392773777,7138.89750020693
208.287954939732,693.10657213606,7138.89808158193
220.426479319941,1358.17046498232,7138.89867097255
239.068853401566,862.753923858151,7138.89957616005
357.385378392794,149.403184268593,7138.90533830068
5.15453599959114,97.0220639939789,7138.90571553505
9.91874834348141,930.48180271893,7138.90594686318
27.3212365677814,1111.82951734179,7138.90679184755
40.365299180305,929.188559428695,7138.90742520693
57.1441438511716,148.013365453004,7138.90823991005
63.4829114773719,1725.5078477163,7138.9085476913
173.475879231104,190.625015772383,7138.9138884413
183.710971266079,944.590516915866,7138.91438541005
194.152979110587,213.411566196697,7138.91489242568
203.104420791541,1406.02340881202,7138.9153270663
219.853016489674,878.636274848077,7138.91614030068
228.732375501042,1636.81357356893,7138.9165714413
347.091435316903,24.8769407851235,7138.92231841005
352.950081053974,55.2558589161922,7138.9226028788
356.962896191517,78.6827131227241,7138.92279772255
4.98595202935116,139.518410713357,7138.92318728505
8.79603468209215,139.653011377305,7138.92337228505
13.0421530022183,331.705135581117,7138.92357845693
21.1903880931799,1018.11126196338,7138.92397409755
28.7127269559694,1013.37593871875,7138.92433934755
46.8984703966803,97.5531599944901,7138.92522236318
54.4896739667848,2251.603570258,7138.92559095693
169.515233219327,27.1779682092799,7138.9311760663
180.252007554343,850.824299902797,7138.93169739442
193.088832594823,192.683771715885,7138.9323206913
196.295866705122,892.890872350449,7138.93247641005
209.182248529434,1707.29252957358,7138.93310211318
226.751749703715,144.02443127004,7138.93395520693
236.646701714156,1575.42046075321,7138.93443566005
267.150532571636,735.610461433112,7138.93591678505
339.844271200774,70.2958247167373,7138.93944645692
344.166011915271,20.1571762753483,7138.93965630067
348.363217051514,146.096829078957,7138.93986009755
354.942045584816,250.209686303293,7138.94017953505
3.34900590641739,1092.73856629954,7138.94058773818
13.885943993856,114.84714568244,7138.94109936318
16.2717508654959,152.637930073141,7138.94121520693
25.2981713408752,138.097130952808,7138.94165348817
29.2064023112066,1343.03479448761,7138.9418432538
41.4585211829598,1573.89312693823,7138.94243816005
65.072345217981,686.131762517306,7138.94358473818
176.106911887714,50.6891854878955,7138.94895986318
183.358940870668,224.062851605922,7138.94931198818
191.224637720263,506.687969359376,7138.94969391005
200.319279340473,1086.66919906852,7138.9501355038
215.681571317215,1169.80314324167,7138.95088142568
224.606625625118,840.872815821569,7138.95131478505
240.913393293806,1381.86895259906,7138.9521065663
345.807157516152,72.7907456532506,7138.95719972255
348.638332142022,34.1136702219913,7138.9573371913
359.849436041569,144.415271408072,7138.95788155068
4.69023617975123,208.062053697056,7138.95811659755
8.90160036497753,1101.50688570343,7138.95832108193
19.009582346985,26.0753953151838,7138.9588118788
23.6463628753963,933.707000605466,7138.95903701943
38.5111558393662,965.367008554097,7138.95975878505
54.1392525712405,252.898590957784,7138.96051761318
58.3148972591086,55.2983457635658,7138.96072036318
64.3566457200611,2141.00670525852,7138.96101372255
167.02485829623,72.0774134821411,7138.9659988163
171.55705465743,191.313714870134,7138.9662188788
181.958837767488,133.038427496679,7138.9667239413
185.251148233901,838.007774284222,7138.96688380068
191.754676172805,1194.21905697692,7138.96719958193
208.657734659416,1386.21314427212,7138.9680203163
224.399747682808,934.350707915144,7138.96878467568
245.595906985975,1587.58595159014,7138.96981386318
345.986114857449,22.1421561641399,7138.97468834755
347.554555977725,79.867765179209,7138.9747645038
357.767122164406,254.527815490846,7138.9752603788
3.52407989656479,127.042265596344,7138.97553991005
11.2745732172871,49.4698379482905,7138.97591623818
13.599238506051,1259.87831278707,7138.97602911318
20.5777395719718,330.570293360921,7138.97636795692
27.8027375819266,359.747870382066,7138.97671876943
44.5854438150127,1360.82412005578,7138.97753366005
66.2816764558156,1972.63116952229,7138.9785871288
173.927131309978,63.9265515522958,7138.98381389443
179.73975995054,813.986877901129,7138.9840961288
190.062702703954,308.703312912328,7138.98459736318
199.891035353283,1197.23597702404,7138.98506928505
211.700039070622,1488.28616097774,7138.98564267568
225.903216346524,888.841444890431,7138.9863323163
250.53681670535,1703.06124758213,7138.98752841005
343.488996632766,83.4345162403771,7138.99204173817
351.450267400164,67.8822345556718,7138.99242830068
353.357239507644,75.0779230451748,7138.99252089443
359.966317051142,933.062849206578,7138.99284180068
12.9923589775382,268.886607424079,7138.99347428505
17.661641041035,362.038593548775,7138.9937010038
26.5265192034446,126.820234869207,7138.9941314413
29.88769433971,1509.14714058814,7138.99429464443
44.271078252119,1487.47791861581,7138.99499303505
71.2949906072897,745.757289255522,7138.9963051913
169.476702118794,69.2862503481884,7139.0010724413
180.233749739752,208.24257596086,7139.0015947538
184.647846372318,232.943303535293,7139.00180908193
192.414429616789,316.872722505579,7139.0021861913
197.908478681191,998.43289191881,7139.00245295693
209.233820709692,404.771466344656,7139.00300286318
214.925453496782,1262.7383583208,7139.00327922255
226.443230485857,1145.91647282225,7139.00383847255
252.934889730818,2168.90749804577,7139.00512478505
340.16872773558,34.2167856548503,7139.00936045693
351.305174603214,158.199009447912,7139.0099011913
358.005320827424,260.654886563572,7139.01022651943
2.23180949901757,192.195578896381,7139.01043173818
6.75113389874092,1275.05805913586,7139.01065117567
16.492266758114,57.8311253052188,7139.01112416005
23.7237006551518,1164.65193045201,7139.01147528505
42.0217514249748,864.842086834017,7139.0123637538
52.7015676142324,218.97371416113,7139.0128823163
64.121518123153,317.820048056916,7139.0134368163
73.7184856808128,1762.73851071329,7139.01390280068
174.119634713923,39.0717909415361,7139.0187778163
182.271731367104,157.8422947901,7139.01917364443
189.245083670911,209.681244589532,7139.01951223818
195.723511436658,1155.32217126457,7139.01982680068
209.092589512424,809.542932689311,7139.0204759413
215.093469713905,866.231419927033,7139.0207673163
234.05828493391,50.8279980604431,7139.02168816005
240.687957525862,1511.53578542562,7139.0220100663
351.083802901549,45.4361027968364,7139.02736864443
355.714469193002,151.153575767005,7139.02759348817
1.38518516912695,72.2726600788093,7139.02786883192
6.88438307056664,156.64740338206,7139.02813584755
11.6254259287533,454.454085474509,7139.02836605067
19.6906373008777,184.310816608857,7139.02875766005
25.0517840251761,918.777165459517,7139.02901797255
32.0602122638567,182.36363807933,7139.02935826942
42.1517826345279,2519.75662557413,7139.02984826943
71.4890973917777,163.226154814566,7139.0312727538
176.112229934314,35.7113748294946,7139.03635276943
186.391408191034,275.922035219978,7139.0368518788
193.897979042434,427.526875013129,7139.03721636318
203.809342701674,1385.34539395607,7139.03769761317
219.123365057017,179.560283308788,7139.0384411913
222.441419333997,1300.27222322582,7139.03860230068
244.770627652539,2187.67670645548,7139.0396865038
342.559102593433,27.7339869819704,7139.04443466005
348.092732829799,72.3376220035377,7139.04470334755
354.1882215117,88.4624803965117,7139.0449993163
4.70713895047231,865.53697542513,7139.0455100663
11.5305335905061,350.220630274123,7139.0458413788
19.161640057624,39.10183635214,7139.04621191005
21.1355460351163,131.903737932149,7139.0463077538
26.5082775209974,2101.32355960013,7139.0465686288
53.7397493231096,1374.01501287826,7139.04789086318
72.5941880138425,1048.94370966946,7139.04880634755
167.531858642871,59.7879940000823,7139.05341608192
177.125608238258,207.157041520745,7139.05388191005
183.547399620758,40.9788418476165,7139.05419372255
186.711312871771,859.961823973521,7139.05434734755
195.525668850429,983.262915532634,7139.05477533193
208.124685433773,486.715001635218,7139.05538708193
221.805585323718,1535.21662049627,7139.05605136318
238.650398502138,1608.65443188385,7139.05686926943
347.839837828441,21.5644932466397,7139.0621710038
352.659721155659,114.84714568244,7139.06240503505
356.717587914865,107.057362974672,7139.0626020663
5.54417218012906,384.782011808582,7139.06303064443
11.2750642642853,200.332889166432,7139.06330891005
14.6677755357159,992.998461235572,7139.06347364442
29.2506738957292,1647.06659422365,7139.06418172255
43.263990685769,74.7015921342964,7139.06486214443
54.9542510745255,260.510668592673,7139.06542976943
66.7571406298297,2082.93093884038,7139.06600286318
172.1471820576,181.226769702114,7139.07112789443
183.466088161556,267.063621217645,7139.07167748818
188.695941470693,78.9806484102762,7139.07193142567
195.108400728886,1532.86505710781,7139.07224278505
215.964098207546,1366.11566503575,7139.0732554413
226.925487238249,778.496933584449,7139.07378767568
247.14756540176,2213.9035049662,7139.0747695663
344.703058885119,26.9828291654672,7139.07950641005
347.382345084836,77.2366684498316,7139.0796365038
3.74864533653223,350.005968652312,7139.08043117568
7.78784780966417,1277.88424286734,7139.08062730067
25.7840524895618,1487.47791861581,7139.08150111317
40.6755547014814,541.394595821032,7139.08222417568
47.6402184809292,88.0366751720985,7139.08256234755
56.1939184665691,2475.46250164987,7139.08297767568
176.849968960787,204.049957486241,7139.08883617568
180.775255179864,59.9840802029128,7139.08902676943
188.509980414272,217.423745674239,7139.08940233193
192.339370953035,977.743996877223,7139.08958826943
205.168472831614,1144.86653490786,7139.0902111913
221.660274061486,85.1618914277097,7139.09101195693
223.843026685814,965.989732648609,7139.0911179413
244.726076937446,2615.2993104489,7139.09213192568
346.227129888361,33.0115275393172,7139.09706034755
349.263611361358,123.213217406715,7139.09720778505
359.994915134287,187.344112445587,7139.09772884755
4.68897560843054,313.294806764119,7139.09795676943
11.543262858607,1478.55860888058,7139.09828958193
25.2569860836111,69.4217114349804,7139.09895545693
28.7546033596885,1166.71516892097,7139.09912528505
41.5566742278067,904.265773371549,7139.09974689443
61.8109321264298,274.556738455445,7139.10073034755
69.6154874680738,3062.59062554659,7139.10110930068
163.857431874081,41.4064581233387,7139.1056852538
169.264595657427,164.943780855964,7139.10594780068
173.098813120867,118.312262764597,7139.10613397255
178.842898929012,624.667595428008,7139.1064128788
191.410701214626,1366.11566503575,7139.10702311318
206.920698217865,1035.67632248058,7139.10777620693
214.699350998347,875.894856644521,7139.10816058193
236.740550513437,2666.2989593973,7139.10923080068
347.385801868393,55.3408013859169,7139.11460322255
354.434454841522,77.6007036407123,7139.11494547255
358.540269422155,70.0950686383095,7139.11514483193
1.33443731331023,311.369791061722,7139.1152805038
10.2768687073943,645.49554590343,7139.11571470693
18.3391838797574,181.537535004495,7139.11610617568
21.8667282911327,924.647969302583,7139.11627745693
41.3914711942931,2626.31139058556,7139.11722548817
66.7671367100855,99.3187615483393,7139.11845761318
176.403231027974,33.4883197561364,7139.12378103505
186.0529733692,101.655996120886,7139.12424958193
192.192226547796,927.893539781621,7139.12454767568
205.234358323016,925.298004883501,7139.1251809413
221.667592444725,1711.5132644463,7139.12597886318
246.136432528309,1567.7690257121,7139.12716695693
348.208032486581,30.5544999024132,7139.13212308193
352.809093442709,152.021215060749,7139.13234648818
3.45286833463531,118.232840184973,7139.13286330068
7.53808786681429,247.035669698192,7139.13306166005
14.0139412702356,1385.34539395607,7139.13337609755
29.3891051335305,74.764444635278,7139.13412264443
33.4846221899364,1306.72983544855,7139.1343215038
45.4345731717908,1977.50171793132,7139.13490173817
72.0012113235623,57.4644568041016,7139.1361916913
81.4385672931689,659.319265849945,7139.13664992568
167.976035400039,71.0931521985536,7139.14085178505
173.378050458733,85.9306167888541,7139.14111408193
182.872042774125,586.441450955988,7139.1415750663
192.869004626915,355.33359588058,7139.14206047255
200.540013953584,1167.74534486552,7139.1424329413
219.667980523887,899.599394976747,7139.14336170693
227.703908285737,1483.43037853493,7139.14375189443
260.685580020564,22.8083316122785,7139.14535333193
355.734548911952,53.6163648201526,7139.1499772538
0.664808768440652,108.01832345253,7139.15021664443
9.45277733658483,283.313483784298,7139.15064334755
14.3971962795198,254.380155828571,7139.15088342568
24.4627010021883,1090.53543972948,7139.15137216005
38.4959691658102,1399.16456198819,7139.15205355068
49.3405457052346,882.05115433837,7139.15258011318
176.980567902384,51.8345887046134,7139.15877772255
184.185936226344,114.026212083562,7139.15912758193
190.189068990177,230.836641468279,7139.1594190663
201.712960103824,1185.12188951314,7139.15997861318
211.8650283825,104.750971785528,7139.16047155068
220.136190126774,106.264663735089,7139.16087316005
222.684826511277,1419.64140443207,7139.16099691005
249.836170719389,2327.2381799444,7139.1623152538
344.789609472194,59.7486990439045,7139.1669257538
351.979209709839,100.166444583216,7139.16727484755
1.5478590571446,897.592111748224,7139.16773945693
8.60230439233462,820.607803930784,7139.16808198818
17.8623499251955,246.578896190286,7139.16853161318
23.9163267102157,59.0369073072416,7139.1688255663
26.0160555407817,28.2583054178609,7139.16892751943
32.7480597375926,2120.69117822011,7139.16925439443
61.3600429364971,1877.68867121463,7139.17064366005
178.232719950999,148.520251652684,7139.17631845693
182.0968645872,42.3874581267913,7139.17650608193
186.291817123628,29.1380704287025,7139.17670976943
191.388446292688,684.376888493432,7139.17695723818
202.98442003846,1498.75289956469,7139.17752028505
216.582939772053,602.123073623062,7139.1781805663
228.949296810222,1941.91240865393,7139.17878101943
267.88454448759,1791.1606642329,7139.18067153505
342.076572442181,101.470998270514,7139.18427395693
344.684741372231,23.9999946999303,7139.18440059755
352.783097841926,319.000215132093,7139.1847938163
356.392378847169,181.951051447804,7139.1849690663
6.93382213423567,138.165145990854,7139.18548091005
10.6361026200308,1526.57619878482,7139.18566067568
28.6361688996102,1106.40852035715,7139.18653467568
38.9311152426431,945.226785731279,7139.18703455068
55.9011076367282,1876.40747384421,7139.18785853505
87.3243139755333,37.0984250264161,7139.18938430068
174.785148653715,30.0702483746473,7139.19364416005
189.041100750645,942.679045934369,7139.19433636318
202.980082271283,831.525459599192,7139.19501317568
210.05673157987,196.545529851377,7139.19535678505
218.691524521968,1610.14868105269,7139.19577605068
244.202666777652,1198.2399517052,7139.1970147538
348.8367404069,98.8446824390365,7139.20209530068
355.704864943549,69.7592053566787,7139.20242878505
4.66177722405296,232.135310973547,7139.2028636913
11.0610427207957,308.946673799326,7139.20317441005
14.0772509078499,1216.16972048599,7139.20332086317
27.5406157389869,55.6370852167198,7139.20397458193
31.0784576745889,65.5589818543412,7139.20414636318
43.3798115676619,1570.83401841618,7139.20474366005
62.9209661945452,2314.80390411321,7139.20569248818
166.91434094669,31.2198426832833,7139.21074192568
177.767606047936,136.798489203116,7139.21126891005
180.880353477789,270.974798155521,7139.21142005068
191.198469231601,1028.68635831754,7139.21192105068
204.062325207618,405.883993082057,7139.21254566005
208.628310303798,1505.15788721606,7139.21276736318
229.099781498718,2243.0421964259,7139.21376136317
258.0158633499,1587.58595159014,7139.21516539443
347.435350103827,181.64100779039,7139.2195071913
353.989722063918,82.8129162466773,7139.2198254413
359.924633757845,1097.13138574108,7139.22011361318
14.8376963806769,299.810759551988,7139.22083772255
18.1480274957554,822.071855033357,7139.22099845693
31.4903963984963,1863.54642828235,7139.22164630068
46.9769021909832,1809.86081677048,7139.2223982538
61.5404927024367,39.6090903131974,7139.22310539443
174.20116200669,24.9005312896733,7139.22857567568
186.10123440474,204.417940907753,7139.22915348818
191.196254573933,606.104111344763,7139.2294008788
202.98788120509,183.186035784821,7139.22997342568
209.328579593669,1483.43037853493,7139.23028130068
223.556213480244,863.450533294952,7139.2309721288
231.661283932701,1420.48806051065,7139.23138341005
350.035146434955,32.9937362153476,7139.23713109755
356.520010125247,116.793838489393,7139.23744597255
4.36318120147307,164.943780855964,7139.23782680068
8.73093893755574,216.73129957378,7139.2380388788
14.2690742986262,1100.96098904222,7139.23830778505
26.3918305925219,66.0586238487859,7139.23889641005
29.7246875558947,960.997392773777,7139.23905823818
47.1004666071695,1933.22380326322,7139.23990192568
178.096193341036,30.879458712274,7139.24626247255
184.434639167263,514.343179158772,7139.24657023818
194.803598942262,631.84518728221,7139.24707370693
206.860064966092,1279.76484964876,7139.24765911318
219.871304206095,1135.37423906962,7139.2482908788
242.45762875541,1589.10018477343,7139.2493875663
350.838069167121,92.4607335139882,7139.25465001943
0.147027958790886,35.4804449709256,7139.25510201943
5.32668084668835,288.04886254008,7139.25535351943
11.3233776859763,1118.2998971293,7139.2556446913
24.0787879325625,302.803976337529,7139.25626403505
30.3599537381327,237.417252524352,7139.25656901942
38.2658753221774,429.631191734003,7139.25695289443
43.4040163881186,1776.32963893615,7139.2572023788
73.429012481439,904.930408385241,7139.2586602538
163.551304982879,27.9028397609515,7139.26303617567
173.971108816527,166.305094695396,7139.26354211318
181.466094943807,37.8194593697589,7139.26390603505
183.814573243297,133.250091516324,7139.2640200663
187.636562420132,553.204260178575,7139.26420564443
200.699611081242,900.935104297673,7139.26483992568
211.717314695219,1371.38689293437,7139.26537489443
224.715682048669,375.689812592839,7139.26600603505
238.69102662915,1915.72824270736,7139.26668461317
352.962855283694,93.3203792019555,7139.27225909755
358.810881696564,72.7261931232626,7139.27254305068
2.46457076098687,196.354252302022,7139.27272045693
11.994926211146,97.5049971319031,7139.27318320693
17.3602563350994,1447.32370532807,7139.27344372255
32.2910178066233,335.086514091643,7139.2741686913
47.6565277456384,1094.93714095521,7139.27491476943
64.7072912962084,1758.6406775294,7139.27574267568
172.56127095977,69.3540155860539,7139.2809795663
183.454760683079,195.971128214012,7139.2815085038
187.528395566061,975.281300163999,7139.28170630068
198.752371352161,463.622668034347,7139.28225128505
214.247565669008,1110.74738295969,7139.28300366005
223.501497077297,1660.15612368398,7139.28345298818
245.137553535144,1089.98399195315,7139.28450353505
348.308092011301,98.1771261510112,7139.28951301942
358.573111219036,67.4657760213471,7139.2900114413
359.118879815746,112.616888037209,7139.2900379413
7.73661747163622,1116.14728570686,7139.2904563788
19.6727312419421,405.142613901788,7139.2910359413
24.8723355783463,270.697297910516,7139.29128841005
32.355736981505,41.6327215757573,7139.29165176942
40.6716285849323,1542.24999437957,7139.29205555068
58.1062966192687,1680.3148872313,7139.29290209755
176.22497365313,37.5702351174123,7139.29863739443
180.736896728388,21.3455572661836,7139.29885647255
187.64782032435,891.543117109705,7139.29919203505
197.02660914833,1025.17350164533,7139.29964742568
214.308423319132,78.083449428501,7139.30048655068
220.720882577325,365.756119835581,7139.30079791005
230.508032458283,1943.150529371,7139.3012731288
1.23055311255198,34.4902544024972,7139.30762041005
3.7083939898999,161.606575344031,7139.30774072255
8.3387385563039,154.107990257835,7139.30796555068
18.3682019441786,227.227042737255,7139.30845253505
21.7995289501908,1267.49089002232,7139.30861914443
32.1034856175567,233.265712301645,7139.30911945692
44.948033782476,146.610362738997,7139.3097431288
49.0229558278904,1144.86653490786,7139.30994098818
79.1860030608899,1934.4674750954,7139.3114055663
164.570466304415,42.5533566716929,7139.3155840663
172.296503014464,235.031077933101,7139.31595920693
180.62784086677,166.192073991489,7139.31636373817
185.054165823403,962.247947988715,7139.31657866005
191.607894183548,920.085008182525,7139.3168968788
205.546232104238,382.823828193324,7139.31757366005
213.490769310478,1587.58595159014,7139.31795941005
234.311069091753,1424.7145685431,7139.31897034755
249.061945764206,1450.6432721717,7139.31968658193
341.688466628432,26.3887609680546,7139.32418409755
347.851210980318,82.1294351971424,7139.32448333193
348.985869070486,89.3606091900701,7139.32453842568
0.939681614559431,317.109838388063,7139.32511884755
5.76020854172357,277.28055962406,7139.32535291005
9.17576742396006,1060.91235796413,7139.3255187538
18.0400020238848,57.1776445634775,7139.32594916005
24.3214896668906,1546.92114673338,7139.32625416005
37.7848544231033,81.8429699012135,7139.3269078788
44.1461478975979,714.88487352056,7139.3272167538
59.4360354047794,2177.76019439953,7139.32795916005
172.651805392587,43.23775712467,7139.33345639443
183.132428934213,451.467474515965,7139.33396528505
188.020211493901,196.162780463638,7139.33420261318
193.417077753019,37.9434574038218,7139.33446466005
196.270134589774,1035.67632248058,7139.3346031913
210.02826591142,1493.93120096875,7139.33527122255
220.165531466241,709.820702216035,7139.3357634413
237.835433483002,1933.22380326322,7139.33662141005
351.355302123087,57.2597351478077,7139.34213341005
354.943988117338,70.2289684739732,7139.34230766005
357.638720528471,54.3559364185597,7139.3424385038
4.85374281417295,573.482650256807,7139.34278883193
12.0266096030467,273.184641574886,7139.34313711318
16.0864071620945,297.293412110378,7139.34333423818
20.1243224727946,269.026301236153,7139.34353030068
24.8003622982722,44.1515227156408,7139.34375734755
29.9610291750458,1390.54368020197,7139.34400792568
43.2808722669544,1930.73401710819,7139.34465467568
73.0349148430296,247.339704273486,7139.34609939443
172.457155774344,32.1464486974232,7139.3509268788
181.864906371164,88.1965958599018,7139.35138367568
186.625578915346,159.382257391982,7139.35161483192
190.210081509942,548.56569287054,7139.3517888788
201.203972113193,229.202962165331,7139.3523226913
213.459952584628,1345.71809251582,7139.35291778505
230.285457914489,1850.596009767,7139.3537347538
255.004950858583,319.235693435616,7139.35494597255
346.947330186447,31.2198426832833,7139.35941026943
352.043637592996,93.3203792019555,7139.35965772255
1.36289383396801,129.60459094824,7139.36011022255
5.78471362843459,240.405723106463,7139.36032492568
12.671180576261,43.1017478652596,7139.36065930068
15.1052570693003,881.369255356645,7139.36077748818
21.0289058765424,1280.70409832759,7139.36106511318
39.6416746228435,844.440350977749,7139.36196886318
53.7447728562387,1595.14246256265,7139.36265364443
89.4317963638625,242.274200701331,7139.3643864413
171.037073851866,40.4307004542304,7139.3683488163
175.787448909283,130.974578405052,7139.36857947255
181.481012496214,195.971128214012,7139.36885592568
185.088684464127,121.833071409228,7139.36903109755
193.375292532203,1135.37423906962,7139.36943345693
208.469527154,848.701664502016,7139.37016636318
217.16739240389,1182.07410526594,7139.3705886913
230.118455498399,168.438013536942,7139.37121753505
243.613034664728,1833.62369732265,7139.37187276943
350.887778759112,130.974578405052,7139.37708153505
356.881579436101,48.5835954799896,7139.3773725663
3.57754226065591,472.295258457933,7139.3776976913
8.96185843319568,116.148569928587,7139.3779591288
17.1342283723188,277.416062344216,7139.3783559413
23.8221462724614,1341.24289452586,7139.37868067568
37.000720224956,42.6635983485912,7139.3793205663
41.8971913464651,1816.49284503038,7139.3795583163
74.472110986721,1013.37593871875,7139.3811400038
163.349368906184,36.7166089199067,7139.38545547255
176.836224948074,371.869479653952,7139.38611033193
184.796208478116,175.21756268124,7139.38649683193
188.107183193141,246.578896190286,7139.38665759755
197.069244160834,150.030668444323,7139.3870927538
201.516807765868,1222.08776431876,7139.38730870693
212.998865182661,1196.23111416445,7139.38786622255
226.980967562584,896.251406423687,7139.3885451288
249.648706905793,1459.73322318582,7139.38964576943
353.030344553675,142.845499317978,7139.3946655038
358.615462411175,110.681602771834,7139.3949366913
7.02054739098345,45.3843837511236,7139.39535233193
9.97979746974103,1080.00930421071,7139.39549601943
17.3261130956788,329.431565360139,7139.39585272255
28.5294938333252,902.934949031931,7139.39639670692
37.0033880249384,154.107990257835,7139.39680816005
43.9172077831991,1791.1606642329,7139.39714386317
67.0933872258921,150.530768405766,7139.3982691913
71.7266279920573,69.4893448338618,7139.39849416005
170.531661257021,24.5203475579547,7139.40329167568
178.561796694272,79.2181806263947,7139.40368158193
183.046045159122,141.921779883702,7139.4038993163
194.931314870779,1006.82828740872,7139.40447641005
204.251214711698,319.471060716836,7139.4049289413
208.747047938131,302.555674958072,7139.40514723818
221.757321778213,102.85036017299,7139.40577895693
227.235924631199,1559.30901524215,7139.40604497255
241.996133427958,1480.99654762035,7139.40676166005
355.874162666318,57.0542849076539,7139.41229105067
359.377572341918,195.29883266145,7139.41246116005
4.37026090625181,364.727276158661,7139.41270358193
12.5493885698937,614.478135041452,7139.41310072255
16.3565750603355,299.810759551988,7139.41328558193
27.54804931135,102.300848348058,7139.41382898818
31.2741428453336,2613.4596708971,7139.41400991005
61.0088775728491,429.631191734003,7139.4154536913
74.4777128911486,100.260189039858,7139.41610767568
88.0054371925098,178.72121838014,7139.41676451943
177.316478179544,38.8003518203561,7139.42110105068
180.529948214388,166.869032480754,7139.42125708193
184.705271064821,124.351653973953,7139.4214598163
195.587176138933,168.103045372625,7139.4219881913
199.303615711174,929.188559428695,7139.42216864443
210.147548650652,1105.32116792683,7139.42269517568
229.783311720493,381.052828180017,7139.42364859755
245.242464740007,1725.5078477163,7139.42439922255
355.90284058133,195.009994263806,7139.4297723788
0.888449658634229,69.0485654764039,7139.43001445693
6.73969395885305,200.707686581758,7139.4302985663
13.9952627415148,1283.5178475612,7139.43065086318
24.6976047790669,297.293412110378,7139.43117051943
33.6078564005766,66.5545119016286,7139.43160316005
35.991410597478,1423.87024393287,7139.43171889442
57.7520027459674,83.6032423845445,7139.43277548818
68.1589346556012,1950.562600328,7139.43328080068
172.785794929124,86.4755142493401,7139.4383680663
180.009505701723,374.286851512196,7139.4387188163
183.521282064247,63.7425875971154,7139.43888933192
189.505428816956,376.888187325619,7139.43917989443
200.789258986038,1530.50971896107,7139.43972778505
213.76477869122,195.491151044891,7139.4403578163
223.428036556407,1408.58680275358,7139.44082701943
237.959447295286,335.982464072515,7139.44153259755
261.433932990734,2523.57157393135,7139.44267241005
345.684386143502,222.885779277426,7139.44676322255
353.005923396255,93.1692570316223,7139.44711872255
355.337668209511,103.032887777132,7139.4472319413
2.53499160905836,1400.02387460925,7139.44758141005
16.6905428635081,139.518410713357,7139.44826873818
20.6174380449899,467.496985567806,7139.44845941005
26.2311958753562,332.384147982978,7139.44873198818
34.7234324781465,235.669761483592,7139.44914433193
39.6894118694554,1803.20447462634,7139.44938545693
58.2876996918745,2695.00821659108,7139.4502885038
171.741599861868,59.6306545808112,7139.45579730068
178.94889902313,184.004755876543,7139.4561472538
182.206133517207,146.482145857441,7139.45630541005
189.318502360614,761.316343300678,7139.4566507538
199.222786532824,1123.66349558357,7139.45713166005
212.445768581961,1292.85260275225,7139.45777370693
223.575457687614,2027.93803971701,7139.45831411318
256.838058701403,56.099506984264,7139.4599291913
351.437198343228,42.5533566716929,7139.46452248818
358.179500026803,57.9933462363513,7139.46484986317
5.69572480248313,130.974578405052,7139.4652148163
10.4139201247884,192.586210867596,7139.46544391005
18.1962714181114,44.8377203421391,7139.46582178505
19.7232006415069,1096.58326863382,7139.46589592568
29.462402701039,334.862138018366,7139.4663688163
45.8911316231186,947.133149686863,7139.46716651943
56.9217071236481,1543.02937094286,7139.46770211318
168.472496710918,23.9387554917814,7139.4731185038
180.946012316086,120.124674096722,7139.47372416005
183.320234463605,257.6095725626,7139.4738394413
187.989838289613,30.6120996607095,7139.47406617568
194.88563743667,273.047029430984,7139.4744010038
203.682938129121,1404.31188899726,7139.47482816005
211.785799760982,943.953804011244,7139.47522159755
230.067117044571,1383.60822798944,7139.4761092538
243.341264877406,43.5354877148519,7139.47675378505
270.773220549543,1649.98437135466,7139.47810370693
346.847442200967,154.837795363072,7139.48179751943
349.782235594128,43.264909016516,7139.48194001942
353.429166934031,136.523514715492,7139.48211709755
2.36677136597557,1110.74738295969,7139.4825510663
12.6269635741086,180.499573620985,7139.4830492538
16.8936769426884,1177.99792143103,7139.48325642568
36.389779910445,113.696177472811,7139.4842030663
42.7031254885895,904.930408385241,7139.48450961318
51.7420960880098,2156.67572689426,7139.4849485038
174.973492214681,33.1712192436218,7139.49093205068
180.465288754193,173.49337244621,7139.49119870693
190.558789849781,224.899848744187,7139.49168880068
193.519327053508,192.391005904291,7139.49183255068
202.451460923365,254.084531192689,7139.4922662538
204.712410341852,1447.32370532807,7139.49237603505
215.647733724552,57.9933462363513,7139.4929070038
223.086083506046,1275.05805913586,7139.49326817568
248.976625045868,1788.47314735719,7139.49452530068
353.343606720091,175.645983868655,7139.4995928788
357.195523069686,34.0792324915462,7139.49977991005
0.193388770638467,96.9251900961865,7139.49992547255
4.39767339391066,307.972036761583,7139.50012961317
13.9553816545041,311.128345309442,7139.5005936913
18.713801636334,1436.48226647031,7139.50082473818
30.448148321759,1217.15804102251,7139.5013945038
47.3779160563194,214.29016894281,7139.50221653505
61.2612265936301,1900.6038964875,7139.50289064443
174.685521353375,37.256357721116,7139.5083980038
179.204523953125,253.492254964627,7139.50861742568
192.366042656874,221.023435664769,7139.50925648818
197.377717269794,159.970606206095,7139.50949983193
200.109456453104,1408.58680275358,7139.50963247255
215.865628600404,1138.54703442939,7139.51039751943
235.136151435092,954.720413837151,7139.51133320692
268.159978666747,2172.2315057815,7139.5129366913
345.717365082335,208.60316252147,7139.51670251942
351.91068024439,93.9224531482097,7139.51700323818
355.619396692193,146.738454720463,7139.5171833163
2.75010798423878,1309.48751841942,7139.51752955067
16.474772408341,352.573248374455,7139.51819595693
20.7588628256397,383.608284026948,7139.51840397255
30.5365881842094,1686.03031536207,7139.51890572255
50.8812712010594,2025.56482697958,7139.5198935663
67.1983363939738,53.1765187439248,7139.52068584755
176.82542038753,63.5580962859983,7139.52600883192
185.100765531459,174.034023303626,7139.52641064443
189.151230928738,270.002326052676,7139.5266073163
197.92632761033,1143.81581983736,7139.52703339443
210.535963517873,1121.52109821295,7139.52764566005
219.499633560358,796.062105123951,7139.52808089443
241.315896654712,1641.21560786157,7139.5291401913
344.467449082282,22.2479725614511,7139.5341487538
352.889212090277,130.831054323544,7139.53455767568
359.132727598648,76.3804852699224,7139.53486083193
1.95167390044984,106.793782150838,7139.53499770693
8.80982275030796,1094.38791362493,7139.53533070693
22.9216095455248,264.944594041694,7139.53601591005
32.6234830329071,1442.33003318561,7139.53648698818
48.2786107377801,1390.54368020197,7139.5372471288
87.7605924117781,299.308994256009,7139.5391641913
177.425610709819,60.8393752044023,7139.54351791005
183.018129854322,233.909225322293,7139.54378945693
188.017897943149,169.881955724982,7139.54403222255
193.550562779594,675.534461702654,7139.54430086318
202.628792676081,314.252929234371,7139.54474166005
210.049765408856,1116.14728570686,7139.54510198818
223.748364147494,1719.92364794704,7139.5457671288
245.349022907956,476.099049073753,7139.54681595693
355.837237074647,50.8741798688206,7139.5521807538
358.444440604777,131.547162052215,7139.55230734755
10.0770992852897,158.436361252789,7139.55287217568
13.2648255470291,302.803976337529,7139.55302695693
18.3350673430377,952.829259937005,7139.55327314443
31.8389785587485,51.5164438885662,7139.55392883193
36.1729475973138,1165.6839937757,7139.55413926942
51.5925195572507,1973.84997235872,7139.55488797255
79.3131235353628,103.396957662483,7139.55623395692
170.32455170021,25.8265145380854,7139.56067364443
177.699185536503,150.030668444323,7139.56103172255
185.55233229952,190.822024848103,7139.56141303505
189.269737271682,173.168174244509,7139.56159353505
193.359783803463,1171.85716685952,7139.5617921288
210.420844878259,1151.15139642796,7139.56262053505
220.613459616434,791.517407172648,7139.5631154413
236.256037234728,1586.07038613923,7139.56387497255
350.02401174379,29.6969358826171,7139.56939901942
358.726060393335,209.860379074556,7139.56982155068
6.73270458237162,165.852567790559,7139.5702103163
11.0801891074364,224.398027937056,7139.57042141005
15.8662836247497,1226.99783666746,7139.57065380067
29.8609361661766,58.8775625476323,7139.5713333163
33.8184020454411,1121.52109821295,7139.57152547255
50.8521103847278,1488.28616097774,7139.57235255068
181.650897033315,197.118293909782,7139.57870353505
189.815543773075,204.785285951026,7139.57909997255
193.281303076552,78.9806484102762,7139.5792682538
199.022170922424,1295.63992867787,7139.5795470038
216.363517638772,1094.93714095521,7139.58038901943
224.693890128619,732.744143139286,7139.5807935038
246.008792647981,2877.98296305652,7139.58182845692
343.694292421531,86.6925212172909,7139.58657161318
351.169970662788,76.3804852699224,7139.58693459755
356.109562643583,187.944909635362,7139.5871744413
1.48197229202868,1176.97662727068,7139.58743530068
13.7469630877966,52.0155134242639,7139.58803083193
18.1710354446154,1130.06615176658,7139.58824564443
32.7507158048941,2268.62928442984,7139.5889535663
52.649065630132,209.3225037747,7139.58991973818
59.9271601861639,197.879351793162,7139.5902731288
71.2730973005802,88.7275877770044,7139.59082403505
84.4700137391764,1860.96360543786,7139.5914648163
168.319828921943,41.8297028959014,7139.59553617568
172.002479796668,204.785285951026,7139.59571498818
176.816892561798,160.790686321022,7139.5959487538
184.66102896302,355.33359588058,7139.5963296288
192.350059013279,1387.08033947665,7139.59670297255
206.221784826469,843.728031885149,7139.59737651943
212.413169151221,1164.65193045201,7139.59767714443
229.509306160892,64.2563571795485,7139.5985072538
236.365524210909,1960.40139677223,7139.59884016005
353.791535469678,41.4348069743831,7139.60456380068
355.876461576389,61.5303155648839,7139.60466503505
356.584094360966,204.234046341512,7139.60469939443
5.60246998685704,137.961017609989,7139.60513728505
14.3823935931265,262.808497186739,7139.60556359755
17.2061668196061,277.957379335447,7139.60570070692
23.6234530774012,1757.27254969615,7139.60601230068
39.3670751006603,88.1433120936137,7139.60677673818
47.919487848944,291.162982613002,7139.6071920038
55.7961257852513,1435.64482524283,7139.60757445692
80.2517722197717,900.267527192966,7139.60876191005
168.01207089776,71.8816395295363,7139.61302314443
174.07184004484,103.032887777132,7139.6133173788
181.208987336356,201.827943246968,7139.61366392568
187.063771473745,796.062105123951,7139.61394820693
196.694205928949,110.171156919581,7139.6144158163
203.975840247227,1391.40821087125,7139.6147693788
214.314872886928,1032.76953655751,7139.61527139442
241.422774473243,1757.27254969615,7139.6165876288
356.55903205503,50.2704509963703,7139.62217811318
359.24250161694,213.763437506564,7139.62230841005
4.18820775976917,81.9003476149049,7139.62254855068
13.4437480930015,158.673366112971,7139.62299795693
15.765839056902,1252.21943925169,7139.62311070693
28.4659000826725,324.605314849791,7139.62372736318
39.9231790888186,404.399930209465,7139.62428367568
47.291376963104,1812.51658126769,7139.6246414413
71.0615946239059,315.446446741419,7139.62579561318
178.901737000995,30.9554222532871,7139.63103183193
183.764097550089,135.971914283495,7139.63126792568
187.301295960668,278.227607619641,7139.63143967568
196.223454031348,232.943303535293,7139.63187289442
202.001650411907,1395.72264856724,7139.63215345693
218.89151517453,83.0394850104277,7139.63297355068
221.128973382264,1029.2706686954,7139.6330821913
237.833160983756,1623.53597232823,7139.63389326943
351.252950618796,59.866507584605,7139.63940041005
359.69723940016,99.9786989308582,7139.63981042568
3.39211859895194,209.3225037747,7139.63998983193
8.19848640220762,346.336348489018,7139.64022320693
15.7668423615065,77.7820863273604,7139.6405906913
18.9870701583316,938.844335607314,7139.64074705068
20.4251833008296,225.233776074418,7139.6408168788
35.6922401511751,1842.78203807509,7139.64159134755
56.9891220593335,194.431054589828,7139.64262542568
63.0453514441679,36.1688110017688,7139.64291948818
86.4487199074109,1962.85343534441,7139.64405584755
172.326503088592,224.732704667829,7139.64822567568
177.72883994726,58.9174403708981,7139.64848798818
190.980461894338,1369.63207442165,7139.64913142567
203.621955811945,1039.15365201601,7139.64974523818
212.500671298289,205.335040637245,7139.65017634755
221.800619728164,42.1095033842356,7139.65062791005
225.3764337984,1733.85039659024,7139.65080153505
263.200836471251,2221.49476591937,7139.65263811318
345.919855163532,220.171700315852,7139.6566545663
351.802957473814,128.658833586925,7139.65694022255
356.978105237007,92.4607335139882,7139.6571915038
0.584811879924558,1243.54671005023,7139.6573666288
12.1051631938631,460.369131705107,7139.6579260038
20.7364163737152,824.992185677331,7139.65834509755
30.9242041872115,1445.6611463487,7139.65883976943
43.73689437953,229.530630613262,7139.65946189443
53.6939532978436,64.3659153753973,7139.65994536318
66.7714828828355,3331.88121537376,7139.66058034755
167.422346747328,37.7573076970616,7139.66546748818
169.132700569503,210.039360903913,7139.66555053505
178.924033850116,98.4637787970755,7139.66602595693
185.01501736985,1395.72264856724,7139.66632170693
199.257453905357,901.60223731317,7139.6670132538
212.597248445772,1998.06993173013,7139.66766097255
231.736156102787,30.879458712274,7139.66859026942
238.759065302812,1681.74563164314,7139.66893126943
273.007010268017,303.795127942763,7139.6705941913
351.282648829844,91.5930178924107,7139.67439489443
356.882891098787,59.2354845729837,7139.6746668163
4.05479252520244,1039.73218923414,7139.67501505068
17.6301428105539,339.542616245581,7139.67567420693
21.9576759245741,258.046806145273,7139.67588433193
30.3958505439047,192.683771715885,7139.67629405068
35.3483144112521,1625.01645473156,7139.67653451943
48.2353398729725,1592.1242102479,7139.6771602538
177.209820757938,48.8247081653626,7139.68343414443
186.372361610617,116.793838489393,7139.68387903505
189.764751119537,747.368000819648,7139.6840437538
200.104427359185,1140.65756839921,7139.68454580068
214.523852568926,245.050174596528,7139.6852459413
223.497820060713,52.6438510839444,7139.68568167568
229.524765910196,1746.28955740275,7139.6859743163
256.140639045825,852.236448078969,7139.68726666005
344.233676386419,56.057627290107,7139.69154405068
349.77663870963,111.527155566282,7139.6918131913
354.618082447759,47.0361839755018,7139.69204826943
1.46046317384109,951.566492268796,7139.6923805038
11.8242742241891,885.45282217467,7139.69288372255
17.9339219925362,108.8845680286,7139.6931803788
35.2604660224912,1422.18015142248,7139.69402167568
51.6187213123129,189.438520425966,7139.69481595693
57.3055271372628,1819.13883956497,7139.69509208193
179.166065791421,60.7234540428436,7139.7010090663
184.81296875682,714.46421001653,7139.7012832538
196.835645970747,1243.54671005023,7139.70186701942
205.583068079393,386.341403313395,7139.7022917538
217.978708652912,66.7307251123184,7139.7028936288
227.555081162119,2382.38873073726,7139.70335861318
250.814284361111,844.440350977749,7139.70448797255
354.026978296633,46.1286529807037,7139.7094995038
356.733939069296,136.729794153467,7139.7096309413
4.28105638019442,276.194261905616,7139.70999739443
12.6806153398678,155.805535140274,7139.71040523818
15.206725876077,1107.49476256444,7139.71052789443
27.9022817771433,1501.15808672524,7139.71114433193
43.9683449013193,78.5034190431411,7139.71192442568
46.6106243663225,117.515538966551,7139.71205272255
57.4146544462487,1630.92572780243,7139.7125773163
74.1249561723116,41.9418458297294,7139.7133886913
174.312431633909,109.743963916387,7139.71825333192
182.476434811184,148.773049435391,7139.71864973818
186.023608908555,260.366367355047,7139.71882197255
193.59743542994,95.1645429125847,7139.71918972255
197.23342564567,1300.27222322582,7139.71936626943
209.829224304203,316.872722505579,7139.71997786318
220.737194951394,1281.64268087261,7139.7205075038
236.712511157369,194.913626905269,7139.7212831913
246.831112463577,1793.84407328342,7139.7217745038
347.147488196536,29.0573554800888,7139.72666053505
350.284692237062,110.085850157926,7139.72681286317
1.51252962284357,423.641788316331,7139.72735803505
5.39920010733866,257.901144884443,7139.7275467538
12.1025643312834,177.561007563831,7139.72787223818
19.6426020802275,1517.88681623799,7139.72823834755
32.5949524120925,780.810416323163,7139.7288672538
40.4426285755602,143.108316863483,7139.72924830067
53.0622402822816,355.54503785562,7139.72986105068
65.2699510948551,2036.22252392677,7139.73045380068
173.220148201242,180.291254148202,7139.73569536318
181.398954064911,195.87523270026,7139.73609248818
189.544292993573,1106.9517524831,7139.73648798818
202.966145852905,347.852052717812,7139.7371396913
206.404230620898,105.466003985644,7139.7373066288
211.989348403474,1416.24911798033,7139.7375778163
225.701140866099,355.967560983217,7139.73824359755
236.850137857775,1587.58595159014,7139.7387849413
353.090482794484,88.6216378059856,7139.74442903505
1.30114655582904,133.461450224637,7139.74482770693
7.5179529286372,337.767230851327,7139.7451295663
10.3899958139782,120.202861553231,7139.74526901943
18.9565676861704,1153.23861571426,7139.74568497255
26.5979716775152,63.0758847930402,7139.7460560038
31.7991850137866,430.330354683761,7139.74630855068
41.7221334720717,149.905379775994,7139.74679036318
46.4950343028592,914.184894451608,7139.74702211318
68.755377989011,364.521191009715,7139.74810297255
71.3725572433941,2079.46437846829,7139.74823005068
169.784353937747,46.5594125753643,7139.75300847255
176.1919862338,209.681244589532,7139.75331959755
183.831137625331,1005.63324334502,7139.75369051942
196.065557685854,828.628166082979,7139.7542845663
208.752103225125,1500.35683876837,7139.7549005663
231.851051236117,1279.76484964876,7139.75602214443
244.671464590337,1708.70051441341,7139.75664464443
341.788348043985,24.036665019489,7139.7613601913
350.552503601402,88.9918902458042,7139.76178573818
358.725195303037,262.808497186739,7139.7621825663
3.79929866126535,265.369753948974,7139.7624289413
10.837654072706,1282.58059728381,7139.7627706913
23.2641872189059,1235.78669519731,7139.7633740663
31.3487063646657,104.571448722446,7139.76376661317
48.6192576862446,1118.2998971293,7139.7646051913
63.8358546149522,2512.10940938051,7139.76533947255
166.449361607714,32.9759344830372,7139.77032191005
170.747611111459,159.028207269429,7139.77053061318
180.406685539529,170.323782855419,7139.77099961317
186.262756914274,1314.07096315428,7139.77128395693
201.594799880821,297.293412110378,7139.77202841005
205.160316426831,853.646264786789,7139.77220153505
220.691230278498,1475.30188066014,7139.77295564442
233.773586788167,2347.81527552741,7139.77359086317
353.280820180696,82.5857229824756,7139.77939358193
356.765887370194,152.883927739822,7139.77956280068
7.43572779773626,172.188888147851,7139.7800808788
11.3732423408806,332.157940041711,7139.7802720663
17.3406556073555,1366.11566503575,7139.7805618163
33.2191107705591,1366.11566503575,7139.78133280068
40.9200473074502,207.157041520745,7139.78170672255
59.4436781354183,981.426717672207,7139.78260614443
74.3760486068094,241.030140291087,7139.7833311913
175.641223937891,46.6098305784701,7139.78824816005
180.456602102942,145.581491306501,7139.78848197255
191.321130053411,194.527671748546,7139.7890095038
192.698745287904,207.519515460497,7139.78907639443
200.715043363758,855.756632223148,7139.7894656288
216.0213425572,1300.27222322582,7139.79020883193
231.718947521412,1400.02387460925,7139.79097103505
356.699313129915,55.3832257832454,7139.7970395038
1.38082351747974,86.5298180330321,7139.7972668163
5.05124606813634,259.064186769464,7139.79744503505
13.100689316485,187.04300608352,7139.7978358788
18.9783210646799,298.302910151094,7139.79812126942
23.5571780099498,344.159478693484,7139.79834359755
31.869529851131,1604.16302463773,7139.79874720693
44.4897851203372,36.1038178520179,7139.79935998818
57.1373931625155,501.019781218304,7139.79997409755
72.1460296282251,989.358817093944,7139.80070284755
168.208704460603,66.5192137483395,7139.80536720693
175.872129211957,81.1513287124477,7139.80574847255
182.887315212619,158.791729765184,7139.80608909755
185.943426296686,222.885779277426,7139.80623748818
195.675226994291,936.921207284058,7139.80671001943
205.72625083054,159.617846717808,7139.80719805068
212.345304098291,1126.86937558948,7139.8075194413
226.679452951918,1312.23965027516,7139.8082154413
243.70994329147,1341.24289452586,7139.80904236318
347.888995242209,32.4373722326854,7139.8141008163
351.464165712499,151.897563971382,7139.81427441005
358.278228265689,97.7936204238361,7139.81460526943
2.27720611675811,152.144755127814,7139.8147994413
10.3404866141174,1217.15804102251,7139.81519095693
21.9017061875275,284.636758607348,7139.8157523163
27.9579356098241,148.013365453004,7139.8160463788
35.1427089227922,1325.91382318026,7139.81639523818
50.1860995234017,2293.93060102723,7139.81712567568
176.904493564488,27.8185426083599,7139.82327853505
179.601800412871,161.490279482202,7139.8234095038
190.519424984341,765.647656386648,7139.82393961318
200.742932257734,1384.47708852851,7139.82443601942
216.06596493741,177.983780491608,7139.82518003505
221.717373064975,1493.12606723129,7139.8254544413
236.187964058414,85.547111061679,7139.8261570663
255.573690496899,1310.40556183848,7139.82709834755
349.85553779992,30.1092727139629,7139.83167623818
354.238420059832,197.499197551743,7139.83188905068
359.450252757766,133.461450224637,7139.83214211318
10.4132507508739,138.843422869961,7139.83267442568
13.2968783977977,1131.12985644648,7139.8328144413
25.1551170989934,1100.4146482918,7139.83339022255
37.5021662511402,100.727606811013,7139.83398973818
49.9473636834149,326.452309629133,7139.83459401943
59.9919515201943,1529.72379208194,7139.83508173817
172.646506662414,46.5846285158111,7139.84055172255
178.837247387219,73.1769089767909,7139.8408523163
186.744456133696,177.983780491608,7139.8412362538
190.504338402659,672.859046257912,7139.8414188163
199.037443339845,272.771638609726,7139.84183314443
207.287366398256,50.6428267377235,7139.84223372255
208.651466108788,902.934949031931,7139.84229995692
218.458889238226,1657.25633216596,7139.84277616005
242.003526840883,1359.94016048357,7139.8439193788
264.855012545382,820.607803930784,7139.8450289413
345.504336623303,61.3008740990573,7139.84896141005
349.023836147728,163.226154814566,7139.84913230068
357.816953477986,222.548340866879,7139.8495592538
4.03504701322569,121.137100350666,7139.84986117568
6.55053822523469,480.811446212925,7139.8499833163
16.0117072055674,1430.61051893767,7139.85044270693
33.3421128352041,96.9251900961865,7139.8512841913
35.744009518207,471.658323508706,7139.8514008163
41.4652477155455,857.861837122442,7139.85167861318
62.4345396857493,2011.26648669003,7139.85269678505
173.672542096382,30.7269661103948,7139.85809798818
180.697382058786,176.81875408293,7139.85843908193
185.254356755708,468.139582654459,7139.85866034755
197.790944668668,1293.78241453537,7139.8592690663
208.276073372461,376.089687170733,7139.85977817568
213.022265030224,284.636758607348,7139.8600086288
222.867016656887,1620.57045560715,7139.86048664443
237.482738389422,361.830926332019,7139.8611963163
251.796292157133,463.622668034347,7139.8618913163
268.566770141076,1530.50971896107,7139.86270561318
341.784395156038,36.9080113693521,7139.86626072255
347.079251610271,137.483524564885,7139.8665178163
354.553320851661,171.861233577708,7139.86688072255
0.608584874037348,274.69357344323,7139.86717473818
4.19566190588345,1289.12680530391,7139.86734891005
18.1414011135775,56.9306546349679,7139.86802605068
21.3358851372977,1151.15139642796,7139.86818116005
33.1439234547155,1467.94787436733,7139.8687545038
54.7732221505819,619.351181452288,7139.86980472255
63.6554774366347,362.660818042926,7139.8702360038
171.963513378785,30.7460688853123,7139.8754949413
182.281307370086,102.300848348058,7139.87599592568
187.860632790602,208.963138459417,7139.87626683193
196.397599290007,335.310723631466,7139.87668134755
200.45096092451,659.775123423856,7139.87687816005
211.027480071526,308.946673799326,7139.87739170692
216.735524544877,970.956204326967,7139.87766886318
229.751912546993,1478.55860888058,7139.8783008788
276.504587490019,778.110686994182,7139.88057097255
347.911779677761,85.1618914277097,7139.88403817567
356.888321606798,265.228089491032,7139.88447403505
3.5340840850373,284.900714131453,7139.88479672255
7.95204227982218,162.995783536957,7139.88501123818
17.6416874805991,1133.25393513719,7139.88548172255
26.2121209150107,993.603754828598,7139.88589786318
44.4564314638855,711.512737616715,7139.88678372255
55.1201578043182,138.843422869961,7139.8873015038
62.271464144818,1817.81634189804,7139.88764873817
170.74728991088,48.4141060574927,7139.89292842568
175.50088293057,192.195578896381,7139.89315923818
184.340017319875,260.077570590767,7139.89358842568
188.858054519704,283.578660553729,7139.89380780068
194.430944015675,1344.824362981,7139.89407839443
210.836181764464,303.052055672381,7139.89487495693
215.6493073297,816.199829944964,7139.89510866005
231.280943786359,1551.57808823247,7139.89586766005
258.256908357566,1569.3022437091,7139.89717748818
340.737796905123,47.3844227744102,7139.9011823788
348.733178170012,91.695533110947,7139.90157059755
355.066475234125,194.624233396112,7139.90187811318
0.184343051586424,350.220630274123,7139.90212661318
7.59147842296469,1040.31028236307,7139.90248626943
17.0767821765349,1352.84783375766,7139.90294683192
31.4900932617038,76.9930091903959,7139.90364667568
34.6691309990838,1292.85260275225,7139.90380103505
47.9777111668453,48.2926754141744,7139.90444723818
59.1315351581228,2051.51939880466,7139.9049888163
175.222565993544,142.05410459045,7139.91062566005
185.945503042087,380.263098787026,7139.9111463163
193.839839864549,99.6021251586932,7139.9115296288
199.21643291265,1433.96872154256,7139.9117906913
210.766711399348,501.619468185055,7139.91235151943
224.266439252866,1415.39968634419,7139.9130070038
243.311703904306,829.353419273815,7139.9139317538
353.359699041418,78.3836606732535,7139.91927517567
358.359789005142,122.294854798533,7139.91951795693
1.68974976875408,66.1296920001497,7139.91967964443
10.8526124588697,370.249136905088,7139.92012455068
25.9272174321329,1276.94277374246,7139.9208565038
37.5505439508774,1230.91170589618,7139.9214208788
49.6745874072049,866.925198295121,7139.9220095663
176.664256802972,28.6298675739038,7139.92817559755
182.139963456197,136.247998994143,7139.92844147255
187.160970193423,195.971128214012,7139.92868526943
197.667562819647,996.624671678603,7139.92919267568
209.408345467079,57.9122895472128,7139.9297627538
217.763174567599,1000.83874521317,7139.93016842568
228.326500028089,1321.37156771961,7139.93068133193
251.142588035204,291.678792230243,7139.93178917568
356.932880165532,158.199009447912,7139.93692586318
1.42099023006358,84.3861647226163,7139.93714378505
6.03814110994164,238.994796175618,7139.93736797255
14.1091447692022,316.398018895825,7139.93775986318
18.0254206639459,364.314939327315,7139.93795001943
26.5511242017422,49.2795734774454,7139.93836398818
31.8842745531214,1450.6432721717,7139.9386229413
47.4528387394491,1204.24614724612,7139.9393788788
67.9275278966415,1019.88140155385,7139.94037303505
168.300680556832,64.4752862211107,7139.9452466913
177.767963699199,195.587240847672,7139.9457063788
182.803773122819,114.765315306631,7139.94595089443
187.452781975298,354.486551223943,7139.9461766288
194.018416822075,347.852052717812,7139.94649542568
202.36037399858,1214.1906369223,7139.94690047255
213.310178342625,828.628166082979,7139.94743214443
222.840855555295,1350.17863556186,7139.94789491005
250.142801027128,74.6386910610575,7139.9492205663
267.888969038207,1783.08623421941,7139.95008223818
345.549652458574,128.146687705666,7139.95385308192
348.46063287847,55.0002404731131,7139.95399442568
355.027554925141,161.954991084734,7139.95431328505
0.340432028039892,1025.75969940233,7139.9545712538
8.54819966454782,159.853116854514,7139.95496978505
14.7415147891412,387.118753719662,7139.9552705038
22.1673144465942,142.450357065727,7139.9556310663
25.0567344181164,216.03664690506,7139.95577136318
30.6515061249721,1370.50981674491,7139.95604301943
52.8188503305713,2201.92197808444,7139.95711936318
176.817089912469,57.0542849076539,7139.96314014443
183.079913306862,284.1082091809,7139.96344423818
189.495912327301,114.928913608203,7139.96375576943
195.758735759156,922.043330575661,7139.96405986318
207.882779178021,206.612116304683,7139.96464855067
213.887199216672,1528.15082810065,7139.96494009755
229.322860987972,341.08854629622,7139.96568958193
236.434264431459,1400.88252109649,7139.9660348788
348.807364489857,24.0244473620477,7139.9714950663
356.488671340753,104.211479723393,7139.97186803505
1.90806344816595,110.256394292296,7139.97213117568
8.07048600007877,149.403184268593,7139.97243039443
12.8964834893298,456.434279261231,7139.97266472255
17.1467851341869,1142.76399454383,7139.97287109755
30.5148978474948,102.117023170756,7139.9735201913
34.8668875721882,73.8160227387041,7139.9737315038
45.7401040844786,1413.69960182658,7139.97425945693
62.0137266181336,1718.52476693601,7139.9750496288
175.744372667432,96.6339716579334,7139.98057186318
177.852789984896,155.322421591109,7139.98067423818
183.045636634243,114.108569815308,7139.9809263788
191.190653762932,910.890474159487,7139.98132186318
202.445843884224,1205.24434876756,7139.98186836317
214.036347105372,1642.68032509796,7139.98243114443
227.392231494612,79.8089233589039,7139.98307964443
240.494539452788,1830.99857498092,7139.98371583193
348.69927839016,24.6873996939678,7139.9889697538
353.908214925794,188.742979578826,7139.98922267568
3.94572323808177,244.589709597065,7139.98971005068
9.55529770625501,142.97697747967,7139.98998242568
13.0809113552516,137.004352307457,7139.99015361318
20.1440451773387,1563.16015686997,7139.9904965663
35.9343278221297,71.2910980249504,7139.99126326942
38.5846522490076,963.496726846813,7139.99139195693
59.8200708117786,1750.41625638528,7139.99242305068
177.310599092578,234.711083901828,7139.99812784755
181.798387319674,103.578520760372,7139.9983457538
188.898206076502,114.437410936308,7139.99869048818
193.159770682969,1091.0865544389,7139.99889741005
203.828967548026,818.406786784465,7139.99941545692
215.831693388371,863.450533294952,7139.9999982538
